"ID","sea_time","fid_signal"
1,0,37.143
2,0.001667,37.148
3,0.003333,37.148
4,0.005,37.133
5,0.006667,37.071
6,0.008333,36.922
7,0.01,36.922
8,0.011667,36.792
9,0.013333,36.721
10,0.015,36.721
11,0.016667,36.737
12,0.018333,36.885
13,0.019983,37.037
14,0.02165,37.037
15,0.023317,37.122
16,0.025017,37.158
17,0.026667,37.162
18,0.028317,37.162
19,0.030067,37.133
20,0.03165,37.117
21,0.033317,37.105
22,0.034983,37.105
23,0.03665,37.107
24,0.038317,37.112
25,0.039983,37.12
26,0.041667,37.12
27,0.043317,37.15
28,0.044983,37.172
29,0.04665,37.172
30,0.048317,37.158
31,0.049983,37.178
32,0.05165,37.175
33,0.053317,37.175
34,0.054983,37.166
35,0.05665,37.179
36,0.058317,37.156
37,0.059983,37.156
38,0.06165,37.134
39,0.063433,37.117
40,0.064983,37.117
41,0.06665,37.117
42,0.068317,37.151
43,0.069983,37.185
44,0.07165000000000001,37.185
45,0.07331699999999999,37.204
46,0.07498299999999999,37.205
47,0.07665,37.199
48,0.07829999999999999,37.199
49,0.079967,37.201
50,0.081633,37.21
51,0.0833,37.21
52,0.084967,37.21
53,0.086633,37.184
54,0.0883,37.155
55,0.08996700000000001,37.155
56,0.09163300000000001,37.155
57,0.09329999999999999,37.155
58,0.094967,37.161
59,0.096633,37.161
60,0.0983,37.158
61,0.1,37.13
62,0.101633,37.102
63,0.1033,37.102
64,0.10495,37.112
65,0.106617,37.098
66,0.108283,37.087
67,0.10995,37.087
68,0.111617,37.109
69,0.113283,37.113
70,0.11495,37.132
71,0.116617,37.132
72,0.118283,37.135
73,0.11995,37.147
74,0.121617,37.115
75,0.123283,37.115
76,0.12495,37.091
77,0.126617,37.103
78,0.128283,37.103
79,0.12995,37.083
80,0.131617,37.096
81,0.133283,37.115
82,0.13495,37.115
83,0.136617,37.096
84,0.138283,37.12
85,0.13995,37.117
86,0.1416,37.117
87,0.143267,37.106
88,0.144933,37.101
89,0.1466,37.128
90,0.148267,37.128
91,0.149933,37.131
92,0.1516,37.159
93,0.153267,37.159
94,0.154933,37.207
95,0.1566,37.165
96,0.158267,37.189
97,0.159933,37.189
98,0.1616,37.164
99,0.163267,37.163
100,0.16495,37.201
101,0.1666,37.201
102,0.1683,37.196
103,0.169933,37.193
104,0.1716,37.166
105,0.173267,37.166
106,0.174933,37.141
107,0.1766,37.121
108,0.178267,37.125
109,0.179933,37.125
110,0.181633,37.125
111,0.183267,37.134
112,0.184933,37.134
113,0.1866,37.152
114,0.188267,37.155
115,0.189933,37.167
116,0.1916,37.167
117,0.193267,37.155
118,0.194933,37.146
119,0.1966,37.14
120,0.198267,37.14
121,0.199933,37.155
122,0.2016,37.178
123,0.20325,37.188
124,0.204917,37.188
125,0.206583,37.219
126,0.20825,37.21
127,0.209917,37.21
128,0.211583,37.204
129,0.21325,37.199
130,0.214917,37.169
131,0.216617,37.169
132,0.21825,37.133
133,0.219917,37.11
134,0.221583,37.076
135,0.22325,37.076
136,0.224917,37.11
137,0.226583,37.146
138,0.22825,37.153
139,0.229917,37.153
140,0.231583,37.169
141,0.23325,37.152
142,0.234917,37.137
143,0.236583,37.137
144,0.23825,37.163
145,0.239917,37.172
146,0.241583,37.172
147,0.2433,37.172
148,0.244917,37.16
149,0.246583,37.137
150,0.24825,37.137
151,0.249917,37.145
152,0.251583,37.161
153,0.25325,37.163
154,0.254917,37.163
155,0.256583,37.143
156,0.25825,37.115
157,0.2599,37.076
158,0.261567,37.076
159,0.263233,37.099
160,0.2649,37.102
161,0.26665,37.137
162,0.268233,37.137
163,0.2699,37.147
164,0.271567,37.155
165,0.273233,37.155
166,0.2749,37.193
167,0.276567,37.19
168,0.278233,37.211
169,0.2799,37.211
170,0.281567,37.193
171,0.283233,37.155
172,0.2849,37.163
173,0.286567,37.163
174,0.288233,37.14
175,0.2899,37.119
176,0.291567,37.119
177,0.293233,37.112
178,0.2949,37.075
179,0.296567,37.067
180,0.298233,37.067
181,0.299933,37.077
182,0.301567,37.113
183,0.303233,37.146
184,0.3049,37.146
185,0.306567,37.146
186,0.308233,37.146
187,0.3099,37.134
188,0.311567,37.134
189,0.313233,37.108
190,0.3149,37.151
191,0.316567,37.181
192,0.318233,37.181
193,0.3199,37.152
194,0.32155,37.137
195,0.323217,37.137
196,0.324883,37.093
197,0.32655,37.055
198,0.328217,37.069
199,0.329883,37.069
200,0.33155,37.103
201,0.333217,37.132
202,0.334883,37.145
203,0.33655,37.145
204,0.338217,37.175
205,0.339883,37.158
206,0.34155,37.181
207,0.343217,37.181
208,0.344883,37.203
209,0.34655,37.187
210,0.348217,37.187
211,0.349883,37.193
212,0.35155,37.18
213,0.353217,37.186
214,0.354883,37.186
215,0.35655,37.209
216,0.358217,37.237
217,0.359883,37.254
218,0.36155,37.254
219,0.363217,37.269
220,0.364883,37.284
221,0.36655,37.301
222,0.368217,37.301
223,0.369883,37.364
224,0.37155,37.409
225,0.373217,37.489
226,0.374883,37.489
227,0.37655,37.565
228,0.378217,37.595
229,0.379867,37.595
230,0.381533,37.658
231,0.3832,37.7
232,0.384933,37.804
233,0.386533,37.804
234,0.3882,37.914
235,0.389917,38.046
236,0.391533,38.213
237,0.3932,38.213
238,0.394867,38.364
239,0.396517,38.558
240,0.398183,38.768
241,0.39985,38.768
242,0.401517,38.973
243,0.403183,39.224
244,0.40485,39.224
245,0.406517,39.507
246,0.408183,39.832
247,0.40985,40.2
248,0.411517,40.2
249,0.413183,40.625
250,0.41485,41.186
251,0.416517,41.892
252,0.4183,41.892
253,0.41985,42.894
254,0.421517,44.355
255,0.423183,46.535
256,0.42485,46.535
257,0.426517,49.949
258,0.428183,55.241
259,0.429867,63.302
260,0.431517,63.302
261,0.433183,75.393
262,0.43485,93.13200000000001
263,0.436517,93.13200000000001
264,0.438183,118.618
265,0.43985,154.388
266,0.4415,203.487
267,0.443167,203.487
268,0.444833,269.374
269,0.4465,355.916
270,0.448167,467.387
271,0.449833,467.387
272,0.4515,608.292
273,0.453167,783.532
274,0.454833,998.27
275,0.4565,998.27
276,0.458167,1257.879
277,0.459833,1567.829
278,0.461533,1567.829
279,0.463167,1933.672
280,0.464833,2360.71
281,0.4665,2853.586
282,0.468167,2853.586
283,0.469833,3415.967
284,0.4715,4049.826
285,0.473167,4755.479
286,0.474833,4755.479
287,0.4765,5531.218
288,0.478167,6372.686
289,0.479833,7273.07
290,0.4815,7273.07
291,0.483167,8222.064
292,0.484833,9201.164000000001
293,0.4865,9201.164000000001
294,0.488167,10088.017
295,0.489833,10772.835
296,0.4915,11219.595
297,0.493167,11219.595
298,0.494833,11421.984
299,0.4965,11485.5
300,0.498167,11507.699
301,0.499817,11507.699
302,0.501483,11516.888
303,0.5032,11521.433
304,0.504817,11524.099
305,0.506483,11524.099
306,0.50815,11525.853
307,0.509817,11527.157
308,0.511483,11528.195
309,0.51315,11528.195
310,0.514817,11529.049
311,0.516483,11529.784
312,0.51815,11529.784
313,0.519817,11530.368
314,0.521483,11530.857
315,0.52315,11531.284
316,0.524817,11531.284
317,0.526483,11531.649
318,0.52815,11532.042
319,0.52985,11532.452
320,0.531483,11532.452
321,0.5331669999999999,11532.814
322,0.534817,11533.122
323,0.5366,11533.381
324,0.53815,11533.381
325,0.539817,11533.585
326,0.541483,11533.834
327,0.54315,11533.834
328,0.544817,11534.102
329,0.5464830000000001,11534.283
330,0.54815,11534.546
331,0.549817,11534.546
332,0.5514829999999999,11535.19
333,0.553267,11536.653
334,0.554817,11539.39
335,0.5564829999999999,11539.39
336,0.55815,11543.684
337,0.5598,11548.063
338,0.561467,11513.051
339,0.563133,11513.051
340,0.5648,11406.715
341,0.5664670000000001,11225.953
342,0.568133,10973.69
343,0.5698,10973.69
344,0.5714669999999999,10691.251
345,0.573133,10412.941
346,0.5748,10412.941
347,0.576467,10144.235
348,0.578133,9885.540999999999
349,0.5798,9636.688
350,0.581467,9636.688
351,0.583133,9397.299000000001
352,0.5848,9166.959000000001
353,0.586467,8945.478999999999
354,0.588133,8945.478999999999
355,0.5898,8732.91
356,0.591467,8528.84
357,0.593133,8332.58
358,0.5948,8332.58
359,0.596467,8144.018
360,0.598133,7962.594
361,0.599817,7962.594
362,0.601467,7787.892
363,0.603133,7619.766
364,0.6048,7457.994
365,0.606467,7457.994
366,0.608133,7302.463
367,0.6098,7152.586
368,0.611467,7007.846
369,0.613133,7007.846
370,0.6148,6867.787
371,0.616467,6732.318
372,0.618133,6601.837
373,0.619783,6601.837
374,0.621467,6476.357
375,0.623117,6354.946
376,0.624783,6236.987
377,0.62645,6236.987
378,0.628117,6122.33
379,0.629783,6010.988
380,0.63145,6010.988
381,0.633117,5903.534
382,0.634783,5800.192
383,0.63645,5700.582
384,0.6381829999999999,5700.582
385,0.639783,5604.202
386,0.64145,5510.91
387,0.643117,5420.458
388,0.644783,5420.458
389,0.64645,5332.661
390,0.6481170000000001,5247.533
391,0.649783,5164.84
392,0.65145,5164.84
393,0.6531169999999999,5084.484
394,0.654833,5006.269
395,0.65645,5006.269
396,0.658133,4930.168
397,0.659783,4856.163
398,0.66145,4784.004
399,0.663117,4784.004
400,0.664783,4713.774
401,0.66645,4645.429
402,0.668117,4578.856
403,0.669783,4578.856
404,0.671567,4513.968
405,0.673117,4450.675
406,0.674783,4389.048
407,0.676467,4389.048
408,0.678117,4329.172
409,0.679783,4270.883
410,0.681433,4270.883
411,0.6831,4213.853
412,0.684767,4157.723
413,0.6864170000000001,4102.535
414,0.688083,4102.535
415,0.68975,4048.505
416,0.6914169999999999,3995.7
417,0.693083,3944.17
418,0.69475,3944.17
419,0.696417,3893.735
420,0.698083,3844.457
421,0.69975,3796.276
422,0.701417,3796.276
423,0.703083,3749.175
424,0.70475,3703.201
425,0.706417,3658.196
426,0.708083,3658.196
427,0.70975,3614.038
428,0.711417,3570.577
429,0.713083,3570.577
430,0.71475,3527.793
431,0.716417,3485.639
432,0.718083,3444.359
433,0.71975,3444.359
434,0.721417,3403.918
435,0.723083,3364.214
436,0.72475,3325.26
437,0.726417,3325.26
438,0.728083,3286.989
439,0.72975,3249.496
440,0.731417,3212.683
441,0.733083,3212.683
442,0.73475,3176.472
443,0.736417,3141.01
444,0.738083,3141.01
445,0.7398,3106.225
446,0.7413999999999999,3071.997
447,0.743067,3038.318
448,0.744733,3038.318
449,0.7464,3005.031
450,0.748067,2972.219
451,0.749733,2939.969
452,0.7514,2939.969
453,0.753067,2908.306
454,0.754733,2877.135
455,0.7564,2846.276
456,0.758067,2846.276
457,0.759733,2815.689
458,0.7614,2785.334
459,0.7630670000000001,2755.299
460,0.764733,2755.299
461,0.7664,2725.759
462,0.7680670000000001,2696.763
463,0.769733,2696.763
464,0.7714,2668.22
465,0.7731170000000001,2640.127
466,0.774733,2612.404
467,0.7764,2612.404
468,0.778067,2585.039
469,0.779733,2558.031
470,0.7814,2531.331
471,0.783067,2531.331
472,0.784733,2504.93
473,0.7864,2478.903
474,0.788067,2453.3
475,0.789833,2453.3
476,0.7914,2428.154
477,0.793083,2403.544
478,0.794733,2403.544
479,0.7964,2379.355
480,0.798067,2355.413
481,0.799717,2331.597
482,0.801383,2331.597
483,0.80305,2307.773
484,0.804717,2284.043
485,0.806383,2260.627
486,0.80805,2260.627
487,0.809717,2237.52
488,0.811383,2214.661
489,0.8130500000000001,2192.054
490,0.814717,2192.054
491,0.8164,2169.769
492,0.8180500000000001,2147.825
493,0.819717,2126.259
494,0.821383,2126.259
495,0.8230499999999999,2105.086
496,0.824717,2084.219
497,0.826383,2084.219
498,0.82805,2063.564
499,0.829717,2043.149
500,0.831383,2022.795
501,0.833067,2022.795
502,0.834717,2002.535
503,0.836383,1982.539
504,0.83805,1962.794
505,0.839717,1962.794
506,0.841383,1943.322
507,0.84305,1924.026
508,0.8447170000000001,1904.909
509,0.846383,1904.909
510,0.84805,1885.979
511,0.8497169999999999,1867.234
512,0.851383,1867.234
513,0.85305,1848.691
514,0.8547169999999999,1830.348
515,0.856383,1812.208
516,0.85805,1812.208
517,0.8597,1794.307
518,0.861367,1776.606
519,0.8630330000000001,1758.99
520,0.8647,1758.99
521,0.866367,1741.457
522,0.8680330000000001,1724.067
523,0.8697,1706.947
524,0.871367,1706.947
525,0.8730329999999999,1690.217
526,0.874767,1673.84
527,0.876367,1673.84
528,0.878033,1657.683
529,0.8797,1641.58
530,0.881367,1625.481
531,0.883033,1625.481
532,0.8847,1609.469
533,0.886367,1593.64
534,0.888033,1578.064
535,0.889717,1578.064
536,0.891367,1562.674
537,0.893033,1547.404
538,0.8947000000000001,1532.27
539,0.896367,1532.27
540,0.898033,1517.273
541,0.8997000000000001,1502.424
542,0.901367,1487.783
543,0.903033,1487.783
544,0.9046999999999999,1473.236
545,0.906367,1458.877
546,0.90815,1444.688
547,0.9097,1444.688
548,0.911367,1430.611
549,0.913033,1416.696
550,0.9147,1416.696
551,0.916367,1402.896
552,0.918033,1389.247
553,0.919683,1375.726
554,0.92135,1375.726
555,0.923017,1362.333
556,0.924683,1349.071
557,0.92635,1335.904
558,0.928017,1335.904
559,0.929683,1322.874
560,0.93135,1309.964
561,0.933017,1309.964
562,0.934683,1297.146
563,0.93635,1284.476
564,0.938017,1272.005
565,0.939683,1272.005
566,0.94135,1259.723
567,0.943017,1247.564
568,0.9446830000000001,1235.499
569,0.94635,1235.499
570,0.948017,1223.54
571,0.9496830000000001,1211.718
572,0.95135,1200.031
573,0.953017,1200.031
574,0.9546829999999999,1188.46
575,0.956383,1176.983
576,0.958017,1165.651
577,0.959683,1165.651
578,0.96135,1154.507
579,0.963017,1143.576
580,0.964683,1143.576
581,0.96635,1132.702
582,0.968017,1121.903
583,0.969683,1111.177
584,0.97135,1111.177
585,0.973017,1100.435
586,0.974683,1089.776
587,0.9763500000000001,1079.244
588,0.978,1079.244
589,0.979667,1068.807
590,0.981317,1058.507
591,0.9829830000000001,1048.367
592,0.98465,1048.367
593,0.986317,1038.258
594,0.9879829999999999,1028.27
595,0.98965,1028.27
596,0.991317,1018.395
597,0.993067,1008.675
598,0.99465,999.077
599,0.996317,999.077
600,0.997983,989.566
601,0.99965,980.175
602,1.001317,970.827
603,1.002983,970.827
604,1.00465,961.5700000000001
605,1.006317,952.381
606,1.008,943.33
607,1.00965,943.33
608,1.011317,934.375
609,1.012983,925.51
610,1.01465,916.785
611,1.016317,916.785
612,1.017983,908.135
613,1.01965,899.587
614,1.021317,899.587
615,1.022983,891.162
616,1.02465,882.817
617,1.026417,874.516
618,1.027983,874.516
619,1.02965,866.321
620,1.031317,858.2140000000001
621,1.032983,850.141
622,1.03465,850.141
623,1.03635,842.164
624,1.038,834.247
625,1.039633,826.408
626,1.0413,826.408
627,1.042967,818.633
628,1.044633,810.971
629,1.0463,810.971
630,1.047967,803.412
631,1.049633,795.9450000000001
632,1.0513,788.602
633,1.052967,788.602
634,1.054633,781.342
635,1.0563,774.147
636,1.057967,767.022
637,1.059633,767.022
638,1.0613,760.03
639,1.062967,753.081
640,1.064633,746.221
641,1.0663,746.221
642,1.067967,739.434
643,1.069633,732.6950000000001
644,1.0713,732.6950000000001
645,1.072967,726.067
646,1.074633,719.478
647,1.0763,712.958
648,1.077967,712.958
649,1.079633,706.5359999999999
650,1.0813,700.141
651,1.082967,693.831
652,1.084633,693.831
653,1.0863,687.6319999999999
654,1.087967,681.486
655,1.089633,675.453
656,1.0913,675.453
657,1.092967,669.461
658,1.094633,663.52
659,1.0963,657.63
660,1.097967,657.63
661,1.099633,651.818
662,1.101317,646.164
663,1.10295,646.164
664,1.104617,640.532
665,1.106333,634.924
666,1.10795,629.335
667,1.109617,629.335
668,1.111367,623.72
669,1.11295,618.177
670,1.114617,612.698
671,1.116283,612.698
672,1.11795,607.279
673,1.119617,601.947
674,1.121283,596.647
675,1.12295,596.647
676,1.124617,591.414
677,1.126283,586.25
678,1.12795,586.25
679,1.129617,581.1180000000001
680,1.131283,576.105
681,1.13295,571.144
682,1.134617,571.144
683,1.136283,566.194
684,1.13795,561.284
685,1.139617,556.424
686,1.141283,556.424
687,1.14295,551.653
688,1.144733,546.912
689,1.146283,542.244
690,1.14795,542.244
691,1.149617,537.597
692,1.151283,532.975
693,1.15295,528.429
694,1.154617,528.429
695,1.156283,523.928
696,1.15795,519.4930000000001
697,1.1596,519.4930000000001
698,1.161267,515.079
699,1.162933,510.743
700,1.1646,506.45
701,1.166267,506.45
702,1.167933,502.209
703,1.1696,498.02
704,1.171267,493.865
705,1.172933,493.865
706,1.1746,489.78
707,1.176267,485.715
708,1.17795,481.702
709,1.179667,481.702
710,1.181267,477.719
711,1.182933,473.759
712,1.1846,473.759
713,1.186267,469.883
714,1.187933,466.032
715,1.1896,462.229
716,1.191267,462.229
717,1.192933,458.493
718,1.1946,454.73
719,1.196267,451.013
720,1.197933,451.013
721,1.1996,447.348
722,1.201267,443.701
723,1.202933,440.107
724,1.2046,440.107
725,1.206267,436.561
726,1.207933,433.011
727,1.2096,429.506
728,1.211267,429.506
729,1.212933,426.047
730,1.2146,422.616
731,1.216267,422.616
732,1.217933,419.225
733,1.2196,415.892
734,1.22125,412.589
735,1.222917,412.589
736,1.224583,409.316
737,1.22625,406.114
738,1.227917,402.933
739,1.229667,402.933
740,1.23125,399.772
741,1.232917,396.668
742,1.234583,393.57
743,1.236267,393.57
744,1.237917,390.498
745,1.239583,387.486
746,1.24125,387.486
747,1.242917,384.479
748,1.244583,381.523
749,1.246367,378.572
750,1.247917,378.572
751,1.249583,375.649
752,1.25125,372.731
753,1.252917,369.869
754,1.254583,369.869
755,1.25625,367.052
756,1.257917,364.245
757,1.259583,361.468
758,1.26125,361.468
759,1.263017,358.701
760,1.264583,355.95
761,1.26625,353.221
762,1.267917,353.221
763,1.269567,350.565
764,1.271233,347.916
765,1.2729,347.916
766,1.274567,345.325
767,1.276233,342.808
768,1.2779,340.31
769,1.27955,340.31
770,1.281217,337.832
771,1.282883,335.36
772,1.28455,332.876
773,1.286217,332.876
774,1.287883,330.427
775,1.28955,328.03
776,1.291217,325.618
777,1.292883,325.618
778,1.29455,323.225
779,1.296217,320.834
780,1.297883,320.834
781,1.29955,318.48
782,1.301217,316.195
783,1.302883,313.941
784,1.30455,313.941
785,1.306217,311.681
786,1.307883,309.42
787,1.30955,307.185
788,1.311217,307.185
789,1.312883,304.994
790,1.31455,302.852
791,1.316233,300.732
792,1.317883,300.732
793,1.31955,298.607
794,1.321217,296.506
795,1.322883,296.506
796,1.32455,294.428
797,1.326217,292.359
798,1.327883,290.349
799,1.32955,290.349
800,1.331217,288.301
801,1.332883,286.258
802,1.33455,284.26
803,1.336217,284.26
804,1.337883,282.264
805,1.339533,280.34
806,1.3412,278.454
807,1.342867,278.454
808,1.344533,276.546
809,1.3462,274.654
810,1.3479,272.753
811,1.349533,272.753
812,1.3512,270.873
813,1.352867,269.027
814,1.354533,269.027
815,1.3562,267.17
816,1.357867,265.351
817,1.359533,263.554
818,1.3612,263.554
819,1.362867,261.763
820,1.364533,260.004
821,1.3662,258.287
822,1.367867,258.287
823,1.369533,256.586
824,1.3712,254.899
825,1.372867,253.227
826,1.374533,253.227
827,1.3762,251.567
828,1.377867,249.892
829,1.379533,249.892
830,1.381283,248.243
831,1.382867,246.61
832,1.384533,244.96
833,1.3862,244.96
834,1.387867,243.393
835,1.389533,241.826
836,1.3912,240.287
837,1.392867,240.287
838,1.394533,238.757
839,1.3962,237.202
840,1.397867,235.674
841,1.399533,235.674
842,1.401183,234.177
843,1.40285,232.685
844,1.404517,231.169
845,1.406183,231.169
846,1.40785,229.688
847,1.409517,228.205
848,1.4112,228.205
849,1.41285,226.747
850,1.414517,225.341
851,1.416183,223.914
852,1.41785,223.914
853,1.419517,222.484
854,1.421183,221.096
855,1.42285,219.683
856,1.424517,219.683
857,1.426183,218.329
858,1.42785,217.018
859,1.429517,215.696
860,1.431183,215.696
861,1.43285,214.355
862,1.434517,213.049
863,1.436183,213.049
864,1.43785,211.702
865,1.439517,210.367
866,1.441183,209.09
867,1.44285,209.09
868,1.444517,207.797
869,1.446183,206.549
870,1.44785,205.297
871,1.449517,205.297
872,1.451183,204.1
873,1.45285,202.899
874,1.454517,201.689
875,1.456183,201.689
876,1.457867,200.527
877,1.4595,199.361
878,1.461167,199.361
879,1.462833,198.178
880,1.464533,197.026
881,1.466167,195.892
882,1.467833,195.892
883,1.4695,194.746
884,1.471167,193.651
885,1.472833,192.551
886,1.4745,192.551
887,1.476167,191.417
888,1.477833,190.317
889,1.4795,189.211
890,1.481167,189.211
891,1.4829,188.117
892,1.4845,187.013
893,1.486167,185.916
894,1.487833,185.916
895,1.4895,184.847
896,1.491167,183.789
897,1.492833,183.789
898,1.4945,182.758
899,1.496167,181.723
900,1.497833,180.698
901,1.499567,180.698
902,1.501167,179.663
903,1.502833,178.665
904,1.5045,177.678
905,1.506167,177.678
906,1.507833,176.693
907,1.5095,175.767
908,1.511167,174.803
909,1.512833,174.803
910,1.5145,173.848
911,1.516183,172.9
912,1.517833,172.9
913,1.519483,171.933
914,1.52115,171.016
915,1.522817,170.081
916,1.524483,170.081
917,1.52615,169.124
918,1.527817,168.188
919,1.529483,167.265
920,1.53115,167.265
921,1.532817,166.374
922,1.534483,165.518
923,1.53615,164.651
924,1.537817,164.651
925,1.539483,163.768
926,1.54115,162.897
927,1.542817,162.028
928,1.544483,162.028
929,1.54615,161.17
930,1.547817,160.368
931,1.549483,160.368
932,1.55115,159.556
933,1.552817,158.739
934,1.554483,157.931
935,1.55615,157.931
936,1.557817,157.093
937,1.559483,156.292
938,1.561133,155.484
939,1.5628,155.484
940,1.564467,154.692
941,1.566133,153.936
942,1.5678,153.153
943,1.569467,153.153
944,1.571133,152.396
945,1.5728,151.605
946,1.574467,151.605
947,1.576133,150.784
948,1.5778,150.003
949,1.57945,149.226
950,1.581117,149.226
951,1.582783,148.457
952,1.58445,147.709
953,1.586133,146.955
954,1.587783,146.955
955,1.58945,146.19
956,1.591117,145.469
957,1.592783,144.748
958,1.59445,144.748
959,1.596117,144.002
960,1.597783,143.328
961,1.599467,142.678
962,1.601183,142.678
963,1.602783,141.994
964,1.60445,141.373
965,1.606117,141.373
966,1.607783,140.68
967,1.60945,139.964
968,1.611117,139.301
969,1.612783,139.301
970,1.61445,138.615
971,1.616117,137.951
972,1.617817,137.316
973,1.61945,137.316
974,1.621117,136.651
975,1.622783,136.001
976,1.62445,135.38
977,1.626117,135.38
978,1.627783,134.763
979,1.62945,134.143
980,1.631117,134.143
981,1.632783,133.518
982,1.63455,132.909
983,1.636117,132.291
984,1.637783,132.291
985,1.639433,131.669
986,1.641133,131.083
987,1.642767,130.458
988,1.644433,130.458
989,1.6461,129.867
990,1.647767,129.292
991,1.649433,128.689
992,1.6511,128.689
993,1.652767,128.128
994,1.654433,127.564
995,1.6561,127.564
996,1.657767,126.997
997,1.659433,126.442
998,1.6611,125.867
999,1.662767,125.867
1000,1.664433,125.299
1001,1.6661,124.718
1002,1.667767,124.171
1003,1.669433,124.171
1004,1.6711,123.613
1005,1.672767,123.048
1006,1.674433,122.537
1007,1.6761,122.537
1008,1.677767,121.978
1009,1.679433,121.456
1010,1.6811,120.924
1011,1.682767,120.924
1012,1.684433,120.407
1013,1.6861,119.887
1014,1.687767,119.887
1015,1.689433,119.365
1016,1.6911,118.881
1017,1.692767,118.376
1018,1.694433,118.376
1019,1.6961,117.895
1020,1.697767,117.441
1021,1.699417,116.95
1022,1.701083,116.95
1023,1.70275,116.465
1024,1.704417,115.983
1025,1.706083,115.5
1026,1.70775,115.5
1027,1.709417,115.026
1028,1.711083,114.575
1029,1.71275,114.575
1030,1.714417,114.111
1031,1.716083,113.638
1032,1.71775,113.185
1033,1.71945,113.185
1034,1.721083,112.715
1035,1.72275,112.306
1036,1.724417,111.892
1037,1.726083,111.892
1038,1.72775,111.429
1039,1.729417,110.991
1040,1.731083,110.506
1041,1.73275,110.506
1042,1.734417,110.018
1043,1.73615,109.587
1044,1.73775,109.172
1045,1.739417,109.172
1046,1.741083,108.781
1047,1.742767,108.391
1048,1.744417,108.391
1049,1.746083,107.978
1050,1.74775,107.552
1051,1.749417,107.129
1052,1.751083,107.129
1053,1.75285,106.71
1054,1.754417,106.277
1055,1.756083,105.855
1056,1.75775,105.855
1057,1.7594,105.449
1058,1.761067,105.076
1059,1.762733,104.698
1060,1.7644,104.698
1061,1.766067,104.275
1062,1.767733,103.848
1063,1.7694,103.848
1064,1.771067,103.414
1065,1.772733,103.027
1066,1.7744,102.685
1067,1.776067,102.685
1068,1.777733,102.321
1069,1.7794,101.966
1070,1.781067,101.583
1071,1.782733,101.583
1072,1.7844,101.179
1073,1.786067,100.794
1074,1.787733,100.406
1075,1.7894,100.406
1076,1.791067,100.089
1077,1.792733,99.759
1078,1.7944,99.446
1079,1.796067,99.446
1080,1.797733,99.09099999999999
1081,1.7994,98.694
1082,1.801067,98.694
1083,1.802733,98.328
1084,1.8044,97.955
1085,1.806083,97.63
1086,1.807733,97.63
1087,1.8094,97.283
1088,1.811067,96.977
1089,1.812733,96.66200000000001
1090,1.8144,96.66200000000001
1091,1.816067,96.319
1092,1.817733,96.026
1093,1.819383,95.702
1094,1.82105,95.702
1095,1.822717,95.34699999999999
1096,1.824383,95.032
1097,1.82605,95.032
1098,1.827717,94.684
1099,1.829383,94.33
1100,1.83105,93.999
1101,1.832717,93.999
1102,1.834383,93.637
1103,1.83605,93.304
1104,1.837767,92.997
1105,1.839383,92.997
1106,1.84105,92.703
1107,1.842717,92.411
1108,1.844383,92.10899999999999
1109,1.84605,92.10899999999999
1110,1.847717,91.819
1111,1.849383,91.52200000000001
1112,1.85105,91.226
1113,1.8527,91.226
1114,1.854367,90.94199999999999
1115,1.856033,90.64700000000001
1116,1.8577,90.64700000000001
1117,1.859367,90.33499999999999
1118,1.861033,90.06399999999999
1119,1.8627,89.788
1120,1.864367,89.788
1121,1.866033,89.47799999999999
1122,1.8677,89.17700000000001
1123,1.869367,88.884
1124,1.871133,88.884
1125,1.8727,88.56699999999999
1126,1.874367,88.28400000000001
1127,1.876033,88.011
1128,1.877683,88.011
1129,1.87935,87.72
1130,1.881017,87.45999999999999
1131,1.882683,87.45999999999999
1132,1.884383,87.172
1133,1.886067,86.886
1134,1.887683,86.623
1135,1.88935,86.623
1136,1.891017,86.374
1137,1.892683,86.134
1138,1.89435,85.88800000000001
1139,1.896017,85.88800000000001
1140,1.897683,85.631
1141,1.89935,85.369
1142,1.901017,85.121
1143,1.902683,85.121
1144,1.90435,84.89100000000001
1145,1.906017,84.688
1146,1.907683,84.688
1147,1.90935,84.47499999999999
1148,1.911017,84.238
1149,1.912683,84.011
1150,1.91435,84.011
1151,1.916017,83.735
1152,1.917683,83.449
1153,1.91935,83.18300000000001
1154,1.921017,83.18300000000001
1155,1.922683,82.925
1156,1.92435,82.699
1157,1.926017,82.488
1158,1.927683,82.488
1159,1.92935,82.27200000000001
1160,1.931017,82.047
1161,1.932683,81.825
1162,1.93435,81.825
1163,1.936017,81.59399999999999
1164,1.937683,81.36
1165,1.939333,81.36
1166,1.941,81.11
1167,1.942667,80.84399999999999
1168,1.944333,80.587
1169,1.946,80.587
1170,1.947667,80.34
1171,1.949333,80.131
1172,1.951,79.922
1173,1.952667,79.922
1174,1.9544,79.705
1175,1.9561,79.495
1176,1.957667,79.276
1177,1.959333,79.276
1178,1.961,79.04300000000001
1179,1.962667,78.861
1180,1.964333,78.861
1181,1.966,78.678
1182,1.967667,78.499
1183,1.969333,78.30800000000001
1184,1.971,78.30800000000001
1185,1.972667,78.062
1186,1.974333,77.84099999999999
1187,1.976,77.608
1188,1.977667,77.608
1189,1.979333,77.393
1190,1.981,77.19199999999999
1191,1.982667,77.002
1192,1.984333,77.002
1193,1.986,76.822
1194,1.987667,76.636
1195,1.989433,76.43600000000001
1196,1.991,76.43600000000001
1197,1.992667,76.20399999999999
1198,1.994333,75.98399999999999
1199,1.996,75.98399999999999
1200,1.997667,75.76900000000001
1201,1.999317,75.57299999999999
1202,2.000983,75.392
1203,2.00265,75.392
1204,2.004317,75.181
1205,2.005983,74.998
1206,2.00765,74.827
1207,2.009317,74.827
1208,2.010983,74.634
1209,2.01265,74.498
1210,2.014317,74.325
1211,2.015983,74.325
1212,2.01765,74.16200000000001
1213,2.019317,73.98
1214,2.020983,73.98
1215,2.02265,73.77
1216,2.024317,73.605
1217,2.025983,73.42100000000001
1218,2.02765,73.42100000000001
1219,2.029317,73.265
1220,2.031033,73.096
1221,2.03265,72.895
1222,2.034317,72.895
1223,2.035983,72.688
1224,2.03765,72.527
1225,2.039317,72.378
1226,2.040983,72.378
1227,2.042667,72.245
1228,2.044317,72.107
1229,2.045983,71.908
1230,2.04765,71.908
1231,2.049317,71.72
1232,2.050983,71.532
1233,2.05265,71.532
1234,2.054317,71.363
1235,2.055983,71.209
1236,2.05765,71.033
1237,2.0593,71.033
1238,2.060967,70.873
1239,2.062633,70.726
1240,2.0643,70.566
1241,2.065967,70.566
1242,2.067633,70.41800000000001
1243,2.0693,70.25
1244,2.070967,70.068
1245,2.072633,70.068
1246,2.07435,69.91
1247,2.075967,69.73399999999999
1248,2.077633,69.73399999999999
1249,2.0793,69.568
1250,2.080967,69.417
1251,2.082633,69.267
1252,2.0843,69.267
1253,2.085967,69.126
1254,2.087633,69.004
1255,2.0893,68.855
1256,2.090967,68.855
1257,2.092633,68.739
1258,2.0943,68.602
1259,2.095967,68.46299999999999
1260,2.097633,68.46299999999999
1261,2.0993,68.303
1262,2.100967,68.114
1263,2.10265,67.97199999999999
1264,2.10435,67.97199999999999
1265,2.105967,67.794
1266,2.107733,67.657
1267,2.1093,67.657
1268,2.110967,67.54000000000001
1269,2.112633,67.408
1270,2.1143,67.31999999999999
1271,2.115967,67.31999999999999
1272,2.117633,67.208
1273,2.1193,67.06999999999999
1274,2.12095,66.904
1275,2.122617,66.904
1276,2.124283,66.768
1277,2.12595,66.62
1278,2.127617,66.467
1279,2.129283,66.467
1280,2.13095,66.333
1281,2.132617,66.181
1282,2.134283,66.181
1283,2.13595,66.03700000000001
1284,2.137617,65.94
1285,2.139283,65.848
1286,2.14095,65.848
1287,2.142617,65.69799999999999
1288,2.144267,65.56100000000001
1289,2.145933,65.383
1290,2.1476,65.383
1291,2.149267,65.22499999999999
1292,2.150933,65.093
1293,2.1526,64.989
1294,2.154267,64.989
1295,2.155933,64.878
1296,2.1576,64.777
1297,2.159267,64.777
1298,2.160933,64.649
1299,2.1626,64.55
1300,2.164267,64.43899999999999
1301,2.165933,64.43899999999999
1302,2.1676,64.307
1303,2.169267,64.20399999999999
1304,2.170933,64.09399999999999
1305,2.1726,64.09399999999999
1306,2.174267,63.995
1307,2.175933,63.866
1308,2.1776,63.753
1309,2.17925,63.753
1310,2.18095,63.589
1311,2.182583,63.451
1312,2.18425,63.35
1313,2.185917,63.35
1314,2.187583,63.232
1315,2.18925,63.131
1316,2.190917,63.131
1317,2.192633,63.019
1318,2.19425,62.905
1319,2.195917,62.809
1320,2.197583,62.809
1321,2.19925,62.732
1322,2.200917,62.63
1323,2.202583,62.513
1324,2.20425,62.513
1325,2.205917,62.38
1326,2.207583,62.256
1327,2.209333,62.145
1328,2.210917,62.145
1329,2.212583,62.031
1330,2.21425,61.934
1331,2.215917,61.934
1332,2.2176,61.808
1333,2.21925,61.714
1334,2.220917,61.613
1335,2.222583,61.613
1336,2.22425,61.49
1337,2.226017,61.383
1338,2.227583,61.256
1339,2.22925,61.256
1340,2.230917,61.172
1341,2.232583,61.079
1342,2.23425,61.004
1343,2.235917,61.004
1344,2.237583,60.929
1345,2.239233,60.818
1346,2.2409,60.818
1347,2.242683,60.748
1348,2.244233,60.641
1349,2.2459,60.536
1350,2.247567,60.536
1351,2.249233,60.453
1352,2.250933,60.338
1353,2.252567,60.261
1354,2.254233,60.261
1355,2.2559,60.152
1356,2.257567,60.025
1357,2.259233,59.921
1358,2.2609,59.921
1359,2.262567,59.796
1360,2.264233,59.714
1361,2.2659,59.66
1362,2.267567,59.66
1363,2.269233,59.564
1364,2.2709,59.486
1365,2.272567,59.486
1366,2.274267,59.372
1367,2.2759,59.228
1368,2.277567,59.151
1369,2.279233,59.151
1370,2.2809,59.051
1371,2.282567,59.002
1372,2.284233,58.954
1373,2.2859,58.954
1374,2.287567,58.847
1375,2.289233,58.731
1376,2.2909,58.627
1377,2.292567,58.627
1378,2.294233,58.511
1379,2.2959,58.418
1380,2.297567,58.418
1381,2.299217,58.332
1382,2.300883,58.216
1383,2.30255,58.147
1384,2.304217,58.147
1385,2.305883,58.063
1386,2.30755,57.98
1387,2.309217,57.904
1388,2.310917,57.904
1389,2.31255,57.801
1390,2.314217,57.723
1391,2.3159,57.656
1392,2.31755,57.656
1393,2.319217,57.58
1394,2.320883,57.492
1395,2.32255,57.398
1396,2.324217,57.398
1397,2.325883,57.324
1398,2.327617,57.218
1399,2.329217,57.218
1400,2.330883,57.177
1401,2.33255,57.109
1402,2.334217,56.995
1403,2.335883,56.995
1404,2.33755,56.949
1405,2.339217,56.849
1406,2.340883,56.749
1407,2.34255,56.749
1408,2.344283,56.688
1409,2.345883,56.629
1410,2.34755,56.571
1411,2.349217,56.571
1412,2.350883,56.556
1413,2.35255,56.482
1414,2.354217,56.482
1415,2.355883,56.399
1416,2.35755,56.314
1417,2.359217,56.213
1418,2.361,56.213
1419,2.36255,56.157
1420,2.3642,56.074
1421,2.365867,55.985
1422,2.367533,55.985
1423,2.3692,55.894
1424,2.370867,55.826
1425,2.372533,55.771
1426,2.3742,55.771
1427,2.375867,55.717
1428,2.377533,55.675
1429,2.3792,55.604
1430,2.380867,55.604
1431,2.382533,55.535
1432,2.3842,55.489
1433,2.385867,55.489
1434,2.387533,55.435
1435,2.389233,55.356
1436,2.390867,55.272
1437,2.392533,55.272
1438,2.3942,55.166
1439,2.395867,55.061
1440,2.397533,54.97
1441,2.3992,54.97
1442,2.400867,54.888
1443,2.402533,54.824
1444,2.4042,54.78
1445,2.405867,54.78
1446,2.407533,54.722
1447,2.4092,54.678
1448,2.410867,54.678
1449,2.412533,54.611
1450,2.4142,54.516
1451,2.415867,54.463
1452,2.417533,54.463
1453,2.4192,54.388
1454,2.42085,54.334
1455,2.422517,54.285
1456,2.424183,54.285
1457,2.42585,54.215
1458,2.427517,54.171
1459,2.429183,54.117
1460,2.43085,54.117
1461,2.432517,54.038
1462,2.434167,53.987
1463,2.435833,53.987
1464,2.4375,53.887
1465,2.439183,53.801
1466,2.440833,53.769
1467,2.4425,53.769
1468,2.444167,53.748
1469,2.4459,53.718
1470,2.4475,53.663
1471,2.449167,53.663
1472,2.450833,53.585
1473,2.4525,53.479
1474,2.454167,53.383
1475,2.455833,53.383
1476,2.4575,53.32
1477,2.459167,53.24
1478,2.460833,53.176
1479,2.46255,53.176
1480,2.464167,53.146
1481,2.465833,53.1
1482,2.4675,53.1
1483,2.469167,53.064
1484,2.470833,53.005
1485,2.4725,52.931
1486,2.474167,52.931
1487,2.475833,52.878
1488,2.477483,52.812
1489,2.479283,52.762
1490,2.480817,52.762
1491,2.482483,52.721
1492,2.48415,52.659
1493,2.485817,52.598
1494,2.487483,52.598
1495,2.48915,52.526
1496,2.490817,52.472
1497,2.492483,52.472
1498,2.49415,52.437
1499,2.495817,52.416
1500,2.497483,52.395
1501,2.49915,52.395
1502,2.500817,52.328
1503,2.502483,52.273
1504,2.50415,52.201
1505,2.505817,52.201
1506,2.507483,52.138
1507,2.50915,52.112
1508,2.510817,52.066
1509,2.512483,52.066
1510,2.51415,52.031
1511,2.515817,51.971
1512,2.517483,51.891
1513,2.51915,51.891
1514,2.520817,51.81
1515,2.522483,51.738
1516,2.524167,51.738
1517,2.525817,51.677
1518,2.527483,51.639
1519,2.529167,51.565
1520,2.530817,51.565
1521,2.532483,51.484
1522,2.53415,51.414
1523,2.535817,51.361
1524,2.537483,51.361
1525,2.53915,51.355
1526,2.5408,51.355
1527,2.542467,51.358
1528,2.544133,51.358
1529,2.5458,51.299
1530,2.547467,51.252
1531,2.549133,51.252
1532,2.5508,51.2
1533,2.552467,51.139
1534,2.554133,51.12
1535,2.5558,51.12
1536,2.557467,51.067
1537,2.559133,50.992
1538,2.5608,50.925
1539,2.562467,50.925
1540,2.564133,50.867
1541,2.5658,50.822
1542,2.567467,50.791
1543,2.569133,50.791
1544,2.5708,50.75
1545,2.572467,50.681
1546,2.574133,50.621
1547,2.5758,50.621
1548,2.577467,50.576
1549,2.579133,50.531
1550,2.5808,50.531
1551,2.582467,50.495
1552,2.584133,50.455
1553,2.5858,50.412
1554,2.587467,50.412
1555,2.589133,50.371
1556,2.5908,50.326
1557,2.592467,50.3
1558,2.594133,50.3
1559,2.5958,50.272
1560,2.597583,50.216
1561,2.599133,50.183
1562,2.600783,50.183
1563,2.60245,50.13
1564,2.604117,50.081
1565,2.6058,50.081
1566,2.607517,50.06
1567,2.609117,50.005
1568,2.610783,49.945
1569,2.61245,49.945
1570,2.614117,49.887
1571,2.615783,49.832
1572,2.61745,49.781
1573,2.619117,49.781
1574,2.6208,49.739
1575,2.62245,49.688
1576,2.624117,49.657
1577,2.625783,49.657
1578,2.62745,49.632
1579,2.629117,49.601
1580,2.630783,49.543
1581,2.63245,49.543
1582,2.634117,49.496
1583,2.635783,49.444
1584,2.63745,49.444
1585,2.639117,49.412
1586,2.640783,49.39
1587,2.64245,49.34
1588,2.644117,49.34
1589,2.645783,49.304
1590,2.64745,49.254
1591,2.649117,49.227
1592,2.650783,49.227
1593,2.65245,49.184
1594,2.654117,49.146
1595,2.655783,49.076
1596,2.65745,49.076
1597,2.659117,49.045
1598,2.660767,49.026
1599,2.662433,49.026
1600,2.6641,49.005
1601,2.665767,49.029
1602,2.667433,49.015
1603,2.6691,49.015
1604,2.670767,48.979
1605,2.672433,48.935
1606,2.6741,48.872
1607,2.675767,48.872
1608,2.677433,48.798
1609,2.679117,48.736
1610,2.680767,48.701
1611,2.682483,48.701
1612,2.6841,48.687
1613,2.685767,48.658
1614,2.687433,48.658
1615,2.6891,48.632
1616,2.690767,48.58
1617,2.692433,48.529
1618,2.6941,48.529
1619,2.695767,48.514
1620,2.697433,48.466
1621,2.6991,48.43
1622,2.700767,48.43
1623,2.702433,48.354
1624,2.7041,48.295
1625,2.705767,48.267
1626,2.707433,48.267
1627,2.7091,48.234
1628,2.710767,48.243
1629,2.712433,48.205
1630,2.7141,48.205
1631,2.715867,48.175
1632,2.717433,48.143
1633,2.719083,48.143
1634,2.72075,48.096
1635,2.722417,48.07
1636,2.724083,48.058
1637,2.725733,48.058
1638,2.7274,48.03
1639,2.729067,47.987
1640,2.730733,47.962
1641,2.7324,47.962
1642,2.734067,47.92
1643,2.735733,47.883
1644,2.7374,47.884
1645,2.739067,47.884
1646,2.740733,47.845
1647,2.7424,47.8
1648,2.744067,47.8
1649,2.74575,47.787
1650,2.7474,47.702
1651,2.749067,47.669
1652,2.750733,47.669
1653,2.7524,47.628
1654,2.754067,47.595
1655,2.755733,47.597
1656,2.7574,47.597
1657,2.759067,47.548
1658,2.760733,47.541
1659,2.7624,47.529
1660,2.764067,47.529
1661,2.765733,47.483
1662,2.7674,47.477
1663,2.769067,47.436
1664,2.770733,47.436
1665,2.7724,47.391
1666,2.774067,47.371
1667,2.775733,47.371
1668,2.7774,47.353
1669,2.779067,47.333
1670,2.780717,47.31
1671,2.782383,47.31
1672,2.78405,47.285
1673,2.785717,47.255
1674,2.787383,47.188
1675,2.78905,47.188
1676,2.790717,47.12
1677,2.792383,47.046
1678,2.79405,46.985
1679,2.795733,46.985
1680,2.797383,46.983
1681,2.79905,47
1682,2.800783,47.014
1683,2.802383,47.014
1684,2.80405,46.988
1685,2.805717,46.945
1686,2.807383,46.945
1687,2.80905,46.895
1688,2.810717,46.832
1689,2.812383,46.812
1690,2.81405,46.812
1691,2.815717,46.802
1692,2.817383,46.778
1693,2.81905,46.783
1694,2.820717,46.783
1695,2.822383,46.747
1696,2.82405,46.732
1697,2.825717,46.693
1698,2.827383,46.693
1699,2.82905,46.635
1700,2.830717,46.587
1701,2.832383,46.587
1702,2.834167,46.521
1703,2.835717,46.483
1704,2.837383,46.501
1705,2.839033,46.501
1706,2.8407,46.511
1707,2.842367,46.498
1708,2.844033,46.497
1709,2.8457,46.497
1710,2.847367,46.458
1711,2.849033,46.442
1712,2.8507,46.433
1713,2.852367,46.433
1714,2.854033,46.393
1715,2.8557,46.333
1716,2.857367,46.333
1717,2.859033,46.281
1718,2.8607,46.265
1719,2.862367,46.267
1720,2.864033,46.267
1721,2.8657,46.271
1722,2.867367,46.254
1723,2.869033,46.211
1724,2.8707,46.211
1725,2.872367,46.138
1726,2.874033,46.104
1727,2.8757,46.071
1728,2.877367,46.071
1729,2.879033,46.033
1730,2.8807,46.019
1731,2.882367,46.019
1732,2.884033,46.01
1733,2.8857,46.007
1734,2.887367,45.978
1735,2.889033,45.978
1736,2.8907,45.987
1737,2.892367,45.971
1738,2.894033,45.919
1739,2.8957,45.919
1740,2.897367,45.924
1741,2.899017,45.893
1742,2.900683,45.866
1743,2.90235,45.866
1744,2.904017,45.861
1745,2.905683,45.825
1746,2.90735,45.796
1747,2.909017,45.796
1748,2.910683,45.735
1749,2.91235,45.693
1750,2.914017,45.693
1751,2.915683,45.649
1752,2.91735,45.597
1753,2.919083,45.549
1754,2.920683,45.549
1755,2.92235,45.509
1756,2.924017,45.515
1757,2.925683,45.512
1758,2.92735,45.512
1759,2.929017,45.539
1760,2.930683,45.56
1761,2.93235,45.542
1762,2.934017,45.542
1763,2.935683,45.504
1764,2.937367,45.464
1765,2.939017,45.464
1766,2.940683,45.4
1767,2.94235,45.374
1768,2.944017,45.391
1769,2.945683,45.391
1770,2.94735,45.374
1771,2.949017,45.405
1772,2.950683,45.402
1773,2.95245,45.402
1774,2.954017,45.38
1775,2.955683,45.382
1776,2.95735,45.335
1777,2.959017,45.335
1778,2.960667,45.297
1779,2.962333,45.244
1780,2.964,45.2
1781,2.965717,45.2
1782,2.967333,45.196
1783,2.969,45.145
1784,2.970667,45.145
1785,2.972333,45.148
1786,2.974,45.128
1787,2.975667,45.085
1788,2.977333,45.085
1789,2.979,45.069
1790,2.980667,45.02
1791,2.982333,45.025
1792,2.984,45.025
1793,2.985667,45.032
1794,2.987333,45.044
1795,2.989,45.051
1796,2.990667,45.051
1797,2.992333,45.019
1798,2.994,44.962
1799,2.995667,44.962
1800,2.997333,44.934
1801,2.999,44.882
1802,3.000667,44.858
1803,3.002333,44.858
1804,3.004,44.85
1805,3.005667,44.798
1806,3.007333,44.777
1807,3.009,44.777
1808,3.010667,44.771
1809,3.012333,44.774
1810,3.014,44.781
1811,3.015667,44.781
1812,3.017317,44.777
1813,3.018983,44.752
1814,3.020633,44.752
1815,3.0223,44.724
1816,3.023967,44.727
1817,3.025633,44.741
1818,3.0273,44.741
1819,3.028967,44.727
1820,3.030667,44.69
1821,3.0323,44.644
1822,3.033967,44.644
1823,3.035633,44.611
1824,3.037367,44.608
1825,3.038967,44.605
1826,3.040633,44.605
1827,3.0423,44.587
1828,3.043967,44.552
1829,3.045633,44.505
1830,3.0473,44.505
1831,3.048967,44.446
1832,3.050633,44.418
1833,3.0523,44.418
1834,3.053967,44.382
1835,3.055633,44.347
1836,3.0573,44.366
1837,3.058967,44.366
1838,3.060633,44.346
1839,3.0623,44.341
1840,3.063967,44.318
1841,3.065633,44.318
1842,3.0673,44.296
1843,3.068967,44.299
1844,3.07075,44.275
1845,3.0723,44.275
1846,3.073967,44.294
1847,3.075633,44.291
1848,3.0773,44.291
1849,3.078967,44.263
1850,3.080617,44.241
1851,3.082283,44.197
1852,3.08395,44.197
1853,3.085617,44.163
1854,3.087283,44.147
1855,3.08895,44.139
1856,3.090617,44.139
1857,3.092283,44.143
1858,3.09395,44.142
1859,3.095617,44.11
1860,3.097283,44.11
1861,3.09895,44.063
1862,3.100617,44.05
1863,3.102283,44.03
1864,3.103967,44.03
1865,3.105667,44.007
1866,3.107283,44.015
1867,3.10895,44.015
1868,3.110617,43.975
1869,3.112283,43.961
1870,3.11395,43.993
1871,3.115617,43.993
1872,3.117283,44.009
1873,3.11895,44.009
1874,3.120617,43.987
1875,3.122283,43.987
1876,3.12395,43.949
1877,3.125617,43.917
1878,3.127283,43.909
1879,3.12895,43.909
1880,3.130617,43.867
1881,3.132283,43.829
1882,3.13395,43.829
1883,3.135617,43.795
1884,3.137283,43.749
1885,3.138933,43.747
1886,3.1406,43.747
1887,3.142267,43.739
1888,3.143933,43.737
1889,3.1456,43.765
1890,3.147267,43.765
1891,3.148933,43.765
1892,3.1506,43.761
1893,3.152267,43.723
1894,3.153933,43.723
1895,3.155667,43.654
1896,3.157267,43.637
1897,3.158933,43.601
1898,3.1606,43.601
1899,3.162267,43.587
1900,3.163933,43.605
1901,3.1656,43.605
1902,3.167267,43.572
1903,3.168933,43.567
1904,3.1706,43.547
1905,3.172333,43.547
1906,3.173933,43.522
1907,3.1756,43.528
1908,3.177283,43.498
1909,3.178983,43.498
1910,3.1806,43.463
1911,3.182267,43.415
1912,3.183933,43.369
1913,3.1856,43.369
1914,3.187267,43.388
1915,3.189,43.429
1916,3.1906,43.429
1917,3.192267,43.456
1918,3.193933,43.485
1919,3.1956,43.488
1920,3.197267,43.488
1921,3.198933,43.482
1922,3.200583,43.467
1923,3.20225,43.425
1924,3.203917,43.425
1925,3.205583,43.378
1926,3.20725,43.32
1927,3.208917,43.271
1928,3.210583,43.271
1929,3.21225,43.245
1930,3.213917,43.222
1931,3.215583,43.223
1932,3.21725,43.223
1933,3.218917,43.238
1934,3.220583,43.254
1935,3.22225,43.254
1936,3.223917,43.248
1937,3.225583,43.256
1938,3.22725,43.245
1939,3.228917,43.245
1940,3.230583,43.184
1941,3.23225,43.175
1942,3.233917,43.169
1943,3.235583,43.169
1944,3.23725,43.15
1945,3.238917,43.19
1946,3.240583,43.172
1947,3.24225,43.172
1948,3.243917,43.155
1949,3.245583,43.14
1950,3.24725,43.14
1951,3.248917,43.103
1952,3.250583,43.089
1953,3.25225,43.043
1954,3.253933,43.043
1955,3.255583,42.991
1956,3.25725,42.941
1957,3.258917,42.95
1958,3.260567,42.95
1959,3.262233,42.947
1960,3.2639,42.992
1961,3.265567,43.023
1962,3.267233,43.023
1963,3.2689,42.993
1964,3.270567,42.981
1965,3.272233,42.981
1966,3.2739,42.947
1967,3.275567,42.942
1968,3.277233,42.924
1969,3.2789,42.924
1970,3.280567,42.927
1971,3.282233,42.906
1972,3.2839,42.876
1973,3.285567,42.876
1974,3.287233,42.868
1975,3.2889,42.841
1976,3.290617,42.836
1977,3.292233,42.836
1978,3.2939,42.821
1979,3.295567,42.815
1980,3.297233,42.802
1981,3.2989,42.802
1982,3.300567,42.798
1983,3.302233,42.801
1984,3.3039,42.801
1985,3.305567,42.792
1986,3.307267,42.796
1987,3.308883,42.79
1988,3.31055,42.79
1989,3.312217,42.787
1990,3.313883,42.774
1991,3.31555,42.731
1992,3.317217,42.731
1993,3.318883,42.701
1994,3.320533,42.681
1995,3.3222,42.644
1996,3.323967,42.644
1997,3.325533,42.637
1998,3.3272,42.623
1999,3.328867,42.623
2000,3.330533,42.609
2001,3.3322,42.592
2002,3.333867,42.591
2003,3.335533,42.591
2004,3.3372,42.584
2005,3.338867,42.547
2006,3.340533,42.533
2007,3.3422,42.533
2008,3.343867,42.5
2009,3.345533,42.468
2010,3.3472,42.485
2011,3.348867,42.485
2012,3.350533,42.474
2013,3.3522,42.484
2014,3.353867,42.506
2015,3.355533,42.506
2016,3.3572,42.472
2017,3.358867,42.48
2018,3.360533,42.48
2019,3.3622,42.451
2020,3.363867,42.412
2021,3.365533,42.413
2022,3.3672,42.413
2023,3.368867,42.392
2024,3.370533,42.412
2025,3.3722,42.424
2026,3.373867,42.424
2027,3.375533,42.416
2028,3.3772,42.413
2029,3.378867,42.397
2030,3.380517,42.397
2031,3.382183,42.415
2032,3.38385,42.395
2033,3.385517,42.395
2034,3.387183,42.408
2035,3.3889,42.406
2036,3.390517,42.358
2037,3.392183,42.358
2038,3.39385,42.349
2039,3.395517,42.346
2040,3.397183,42.32
2041,3.39885,42.32
2042,3.400517,42.312
2043,3.402183,42.311
2044,3.40385,42.263
2045,3.405517,42.263
2046,3.407183,42.25
2047,3.408867,42.251
2048,3.410517,42.249
2049,3.412183,42.249
2050,3.41385,42.223
2051,3.415517,42.21
2052,3.417183,42.21
2053,3.41885,42.209
2054,3.420517,42.21
2055,3.422183,42.249
2056,3.42385,42.249
2057,3.425583,42.243
2058,3.4272,42.222
2059,3.42885,42.173
2060,3.430517,42.173
2061,3.432183,42.149
2062,3.43385,42.155
2063,3.435517,42.161
2064,3.437183,42.161
2065,3.438833,42.152
2066,3.4405,42.151
2067,3.4423,42.14
2068,3.443833,42.14
2069,3.4455,42.099
2070,3.447167,42.075
2071,3.448833,42.075
2072,3.4505,42.046
2073,3.452167,42.04
2074,3.453833,42.066
2075,3.4555,42.066
2076,3.457167,42.094
2077,3.458833,42.085
2078,3.4605,42.051
2079,3.462183,42.051
2080,3.463833,41.997
2081,3.4655,41.959
2082,3.467167,41.959
2083,3.468833,41.932
2084,3.4705,41.901
2085,3.472167,41.892
2086,3.473833,41.892
2087,3.4755,41.895
2088,3.477167,41.892
2089,3.478833,41.904
2090,3.4805,41.904
2091,3.482167,41.898
2092,3.483833,41.88
2093,3.4855,41.885
2094,3.487167,41.885
2095,3.488833,41.86
2096,3.4905,41.848
2097,3.492167,41.836
2098,3.493833,41.836
2099,3.4955,41.817
2100,3.497167,41.828
2101,3.498817,41.828
2102,3.500483,41.839
2103,3.50215,41.854
2104,3.503817,41.86
2105,3.505483,41.86
2106,3.507167,41.853
2107,3.508817,41.863
2108,3.510483,41.848
2109,3.51215,41.848
2110,3.513817,41.817
2111,3.515483,41.808
2112,3.51715,41.762
2113,3.518817,41.762
2114,3.520483,41.732
2115,3.52215,41.721
2116,3.523817,41.721
2117,3.525483,41.702
2118,3.5272,41.694
2119,3.528817,41.699
2120,3.530483,41.699
2121,3.53215,41.733
2122,3.533817,41.738
2123,3.535483,41.766
2124,3.53715,41.766
2125,3.538817,41.755
2126,3.540483,41.752
2127,3.54215,41.728
2128,3.543817,41.728
2129,3.545483,41.72
2130,3.54715,41.716
2131,3.548817,41.708
2132,3.550483,41.708
2133,3.55215,41.708
2134,3.553817,41.672
2135,3.555483,41.672
2136,3.55715,41.656
2137,3.558817,41.616
2138,3.560583,41.609
2139,3.562133,41.609
2140,3.5638,41.608
2141,3.565467,41.607
2142,3.567133,41.612
2143,3.5688,41.612
2144,3.570467,41.619
2145,3.572133,41.594
2146,3.5738,41.573
2147,3.575467,41.573
2148,3.577133,41.568
2149,3.5788,41.556
2150,3.580467,41.556
2151,3.582133,41.577
2152,3.5838,41.608
2153,3.585467,41.612
2154,3.587133,41.612
2155,3.5888,41.615
2156,3.590467,41.62
2157,3.592133,41.613
2158,3.5938,41.613
2159,3.595467,41.576
2160,3.597133,41.535
2161,3.5988,41.49
2162,3.60045,41.49
2163,3.602133,41.456
2164,3.603783,41.446
2165,3.60545,41.443
2166,3.607117,41.443
2167,3.608783,41.413
2168,3.61045,41.377
2169,3.612117,41.377
2170,3.613783,41.373
2171,3.61545,41.362
2172,3.617117,41.387
2173,3.618767,41.387
2174,3.620433,41.412
2175,3.6221,41.418
2176,3.623767,41.398
2177,3.625433,41.398
2178,3.6271,41.394
2179,3.628767,41.39
2180,3.630433,41.383
2181,3.6321,41.383
2182,3.633767,41.392
2183,3.635433,41.392
2184,3.6371,41.392
2185,3.638767,41.381
2186,3.640433,41.375
2187,3.6421,41.381
2188,3.643767,41.381
2189,3.645483,41.381
2190,3.6471,41.357
2191,3.648767,41.355
2192,3.650433,41.355
2193,3.6521,41.366
2194,3.653767,41.341
2195,3.655433,41.345
2196,3.6571,41.345
2197,3.658767,41.312
2198,3.660433,41.277
2199,3.662133,41.224
2200,3.663767,41.224
2201,3.665433,41.199
2202,3.6671,41.17
2203,3.668767,41.17
2204,3.670433,41.132
2205,3.6721,41.159
2206,3.673767,41.185
2207,3.675433,41.185
2208,3.6771,41.22
2209,3.67885,41.247
2210,3.680417,41.245
2211,3.682083,41.245
2212,3.68375,41.198
2213,3.685417,41.168
2214,3.687083,41.135
2215,3.68875,41.135
2216,3.690417,41.109
2217,3.692083,41.138
2218,3.69375,41.138
2219,3.695417,41.159
2220,3.697083,41.157
2221,3.69875,41.135
2222,3.700417,41.135
2223,3.702083,41.103
2224,3.70375,41.071
2225,3.705417,41.068
2226,3.707083,41.068
2227,3.70875,41.068
2228,3.710417,41.059
2229,3.712083,41.053
2230,3.71375,41.053
2231,3.715417,41.068
2232,3.717083,41.085
2233,3.71875,41.085
2234,3.720417,41.096
2235,3.722083,41.094
2236,3.72375,41.08
2237,3.725417,41.08
2238,3.727083,41.095
2239,3.72875,41.089
2240,3.730417,41.074
2241,3.732083,41.074
2242,3.73375,41.056
2243,3.735417,41.028
2244,3.737083,41.024
2245,3.73875,41.024
2246,3.7404,41.047
2247,3.742067,41.039
2248,3.743733,41.018
2249,3.745417,41.018
2250,3.747067,41.015
2251,3.748767,40.988
2252,3.7504,40.988
2253,3.752067,40.971
2254,3.753733,40.986
2255,3.7554,40.983
2256,3.757067,40.983
2257,3.758733,40.962
2258,3.7604,41.001
2259,3.762067,40.987
2260,3.7638,40.987
2261,3.7654,40.968
2262,3.767067,40.992
2263,3.768733,40.974
2264,3.7704,40.974
2265,3.772067,40.991
2266,3.773733,41.006
2267,3.7754,41.006
2268,3.777067,40.996
2269,3.778733,40.972
2270,3.7804,40.935
2271,3.782067,40.935
2272,3.783733,40.912
2273,3.7854,40.878
2274,3.787067,40.876
2275,3.788733,40.876
2276,3.7904,40.857
2277,3.792067,40.849
2278,3.793733,40.85
2279,3.7954,40.85
2280,3.797183,40.849
2281,3.798717,40.869
2282,3.800383,40.87
2283,3.80205,40.87
2284,3.803717,40.887
2285,3.805383,40.877
2286,3.80705,40.877
2287,3.808717,40.869
2288,3.810383,40.84
2289,3.81205,40.79
2290,3.813717,40.79
2291,3.815383,40.761
2292,3.81705,40.761
2293,3.818717,40.752
2294,3.8204,40.752
2295,3.822083,40.766
2296,3.823717,40.773
2297,3.825383,40.758
2298,3.82705,40.758
2299,3.828717,40.784
2300,3.8304,40.77
2301,3.83205,40.77
2302,3.833717,40.796
2303,3.835383,40.794
2304,3.83705,40.767
2305,3.838717,40.767
2306,3.840383,40.77
2307,3.84205,40.729
2308,3.843717,40.741
2309,3.845383,40.741
2310,3.84705,40.737
2311,3.848717,40.756
2312,3.8504,40.796
2313,3.85205,40.796
2314,3.853717,40.761
2315,3.855383,40.745
2316,3.85705,40.745
2317,3.858717,40.712
2318,3.860367,40.695
2319,3.862033,40.697
2320,3.8637,40.697
2321,3.865367,40.689
2322,3.867033,40.653
2323,3.8687,40.623
2324,3.870367,40.623
2325,3.872033,40.621
2326,3.8737,40.634
2327,3.875367,40.664
2328,3.877033,40.664
2329,3.8787,40.665
2330,3.880367,40.627
2331,3.8821,40.591
2332,3.8837,40.591
2333,3.885367,40.551
2334,3.887033,40.511
2335,3.8887,40.511
2336,3.890383,40.524
2337,3.892017,40.54
2338,3.893683,40.571
2339,3.89535,40.571
2340,3.897017,40.605
2341,3.898767,40.633
2342,3.90035,40.624
2343,3.902017,40.624
2344,3.903683,40.599
2345,3.90535,40.565
2346,3.907017,40.504
2347,3.908683,40.504
2348,3.91035,40.497
2349,3.912017,40.501
2350,3.913683,40.501
2351,3.915467,40.486
2352,3.917017,40.506
2353,3.918667,40.527
2354,3.920333,40.527
2355,3.922,40.517
2356,3.923667,40.546
2357,3.925333,40.542
2358,3.927,40.542
2359,3.928667,40.504
2360,3.930333,40.513
2361,3.932,40.523
2362,3.933667,40.523
2363,3.935333,40.522
2364,3.937,40.539
2365,3.938667,40.54
2366,3.940333,40.54
2367,3.942,40.51
2368,3.943667,40.499
2369,3.945333,40.499
2370,3.947,40.49
2371,3.948667,40.483
2372,3.950333,40.508
2373,3.952,40.508
2374,3.953667,40.523
2375,3.955333,40.529
2376,3.957,40.52
2377,3.958667,40.52
2378,3.960333,40.481
2379,3.962,40.454
2380,3.963667,40.445
2381,3.965333,40.445
2382,3.967033,40.434
2383,3.968667,40.445
2384,3.970333,40.445
2385,3.972,40.48
2386,3.973667,40.478
2387,3.975333,40.484
2388,3.977,40.484
2389,3.978667,40.479
2390,3.980317,40.434
2391,3.981983,40.406
2392,3.98365,40.406
2393,3.985317,40.393
2394,3.986983,40.384
2395,3.98865,40.409
2396,3.990317,40.409
2397,3.991983,40.424
2398,3.99365,40.406
2399,3.995317,40.408
2400,3.996983,40.408
2401,3.99865,40.403
2402,4.000317,40.381
2403,4.001983,40.381
2404,4.00365,40.383
2405,4.005333,40.387
2406,4.006983,40.377
2407,4.00865,40.377
2408,4.010317,40.363
2409,4.011983,40.356
2410,4.01365,40.286
2411,4.015317,40.286
2412,4.01705,40.223
2413,4.01865,40.207
2414,4.020317,40.222
2415,4.021983,40.222
2416,4.02365,40.258
2417,4.025317,40.302
2418,4.026983,40.302
2419,4.02865,40.331
2420,4.030317,40.337
2421,4.031983,40.321
2422,4.03375,40.321
2423,4.035317,40.29
2424,4.036983,40.307
2425,4.038683,40.309
2426,4.0403,40.309
2427,4.041967,40.339
2428,4.043633,40.357
2429,4.0453,40.323
2430,4.046967,40.323
2431,4.048633,40.283
2432,4.050367,40.256
2433,4.051967,40.256
2434,4.053633,40.267
2435,4.0553,40.282
2436,4.056967,40.297
2437,4.058633,40.297
2438,4.0603,40.289
2439,4.061967,40.278
2440,4.063633,40.236
2441,4.0653,40.236
2442,4.066967,40.236
2443,4.068633,40.267
2444,4.0703,40.238
2445,4.071967,40.238
2446,4.073633,40.253
2447,4.0753,40.255
2448,4.076967,40.236
2449,4.078633,40.236
2450,4.0803,40.248
2451,4.081967,40.22
2452,4.083633,40.22
2453,4.0853,40.194
2454,4.086967,40.171
2455,4.088633,40.179
2456,4.0903,40.179
2457,4.091967,40.201
2458,4.093633,40.18
2459,4.0953,40.153
2460,4.096967,40.153
2461,4.098633,40.127
2462,4.100283,40.124
2463,4.10195,40.164
2464,4.103617,40.164
2465,4.1053,40.188
2466,4.107017,40.197
2467,4.108617,40.197
2468,4.110283,40.22
2469,4.11195,40.193
2470,4.113617,40.175
2471,4.115283,40.175
2472,4.11695,40.134
2473,4.118617,40.118
2474,4.120283,40.127
2475,4.12195,40.127
2476,4.123617,40.157
2477,4.125283,40.194
2478,4.12695,40.171
2479,4.128617,40.171
2480,4.130283,40.135
2481,4.13195,40.102
2482,4.133617,40.098
2483,4.135333,40.098
2484,4.13695,40.102
2485,4.138617,40.103
2486,4.140283,40.103
2487,4.14195,40.08
2488,4.143617,40.057
2489,4.145283,40.026
2490,4.14695,40.026
2491,4.148617,40.025
2492,4.150283,40.027
2493,4.152,40.004
2494,4.153617,40.004
2495,4.155283,39.99
2496,4.15695,39.955
2497,4.1586,39.954
2498,4.160283,39.954
2499,4.161933,39.993
2500,4.1636,40.014
2501,4.165267,40.014
2502,4.166933,40.056
2503,4.1687,40.074
2504,4.170267,40.059
2505,4.171933,40.059
2506,4.1736,40.053
2507,4.175267,40.017
2508,4.176933,40.026
2509,4.1786,40.026
2510,4.180267,40.014
2511,4.181933,40.018
2512,4.183667,40.022
2513,4.18525,40.022
2514,4.186917,39.99
2515,4.188583,40.009
2516,4.19025,39.995
2517,4.191917,39.995
2518,4.193583,39.972
2519,4.19525,39.979
2520,4.196917,39.979
2521,4.198583,39.969
2522,4.20025,39.96
2523,4.201917,39.978
2524,4.203583,39.978
2525,4.20525,39.967
2526,4.206917,39.969
2527,4.208583,39.977
2528,4.21025,39.977
2529,4.211917,39.968
2530,4.213583,39.957
2531,4.21525,39.94
2532,4.216917,39.94
2533,4.218567,39.931
2534,4.220233,39.938
2535,4.2219,39.938
2536,4.223567,39.937
2537,4.225233,39.949
2538,4.2269,39.949
2539,4.228567,39.949
2540,4.230233,39.936
2541,4.2319,39.942
2542,4.233567,39.943
2543,4.235233,39.943
2544,4.2369,39.963
2545,4.238567,39.963
2546,4.240233,39.96
2547,4.2419,39.96
2548,4.243567,39.93
2549,4.245233,39.884
2550,4.2469,39.884
2551,4.248567,39.893
2552,4.250233,39.907
2553,4.2519,39.927
2554,4.253567,39.927
2555,4.255233,39.976
2556,4.2569,39.984
2557,4.258567,39.976
2558,4.260233,39.976
2559,4.2619,39.937
2560,4.263567,39.904
2561,4.265233,39.891
2562,4.2669,39.891
2563,4.268567,39.873
2564,4.27025,39.893
2565,4.2719,39.881
2566,4.273567,39.881
2567,4.275233,39.861
2568,4.2769,39.871
2569,4.278567,39.871
2570,4.280217,39.864
2571,4.281883,39.866
2572,4.28355,39.877
2573,4.285217,39.877
2574,4.287,39.867
2575,4.28855,39.839
2576,4.290217,39.858
2577,4.291883,39.858
2578,4.29355,39.846
2579,4.295217,39.829
2580,4.296883,39.857
2581,4.29855,39.857
2582,4.300217,39.82
2583,4.301883,39.805
2584,4.30355,39.805
2585,4.305217,39.813
2586,4.306883,39.794
2587,4.30855,39.814
2588,4.310217,39.814
2589,4.311883,39.814
2590,4.31355,39.791
2591,4.315217,39.789
2592,4.316883,39.789
2593,4.31855,39.769
2594,4.320217,39.769
2595,4.321883,39.766
2596,4.32355,39.766
2597,4.325217,39.778
2598,4.326883,39.794
2599,4.328567,39.797
2600,4.330217,39.797
2601,4.331883,39.8
2602,4.33355,39.776
2603,4.335217,39.776
2604,4.336883,39.753
2605,4.33855,39.773
2606,4.3402,39.773
2607,4.341867,39.773
2608,4.343533,39.808
2609,4.3452,39.809
2610,4.346867,39.808
2611,4.348533,39.808
2612,4.3502,39.785
2613,4.351867,39.744
2614,4.353533,39.735
2615,4.3552,39.735
2616,4.356867,39.702
2617,4.358533,39.715
2618,4.3602,39.715
2619,4.361867,39.709
2620,4.363533,39.707
2621,4.3652,39.681
2622,4.366867,39.681
2623,4.368533,39.68
2624,4.3702,39.681
2625,4.371867,39.683
2626,4.373533,39.683
2627,4.3752,39.699
2628,4.376867,39.7
2629,4.378533,39.702
2630,4.3802,39.702
2631,4.381867,39.704
2632,4.383533,39.709
2633,4.3852,39.704
2634,4.386867,39.704
2635,4.388583,39.694
2636,4.3902,39.671
2637,4.391867,39.671
2638,4.393533,39.674
2639,4.3952,39.666
2640,4.39685,39.658
2641,4.398517,39.658
2642,4.400183,39.669
2643,4.40185,39.636
2644,4.403533,39.61
2645,4.405333,39.61
2646,4.40685,39.624
2647,4.408533,39.644
2648,4.410183,39.65
2649,4.41185,39.65
2650,4.413517,39.683
2651,4.415183,39.677
2652,4.41685,39.677
2653,4.418517,39.651
2654,4.420183,39.648
2655,4.42185,39.615
2656,4.423517,39.615
2657,4.425183,39.588
2658,4.42685,39.563
2659,4.428517,39.555
2660,4.430183,39.555
2661,4.43185,39.576
2662,4.433517,39.613
2663,4.435183,39.624
2664,4.43685,39.624
2665,4.438517,39.623
2666,4.440183,39.593
2667,4.44185,39.558
2668,4.443517,39.558
2669,4.445183,39.558
2670,4.44685,39.562
2671,4.448517,39.562
2672,4.450183,39.573
2673,4.45185,39.585
2674,4.453517,39.587
2675,4.455183,39.587
2676,4.45685,39.616
2677,4.4585,39.602
2678,4.460167,39.566
2679,4.461833,39.566
2680,4.4635,39.534
2681,4.465167,39.55
2682,4.466833,39.55
2683,4.468533,39.55
2684,4.470167,39.557
2685,4.471833,39.565
2686,4.473483,39.565
2687,4.47515,39.519
2688,4.476833,39.502
2689,4.478483,39.49
2690,4.48015,39.49
2691,4.481817,39.496
2692,4.483483,39.522
2693,4.48515,39.565
2694,4.486817,39.565
2695,4.488483,39.588
2696,4.490217,39.59
2697,4.491817,39.565
2698,4.493483,39.565
2699,4.49515,39.539
2700,4.496817,39.569
2701,4.498483,39.569
2702,4.50015,39.575
2703,4.501817,39.586
2704,4.503483,39.596
2705,4.50515,39.596
2706,4.506817,39.563
2707,4.508483,39.561
2708,4.51015,39.545
2709,4.511817,39.545
2710,4.513483,39.533
2711,4.51515,39.523
2712,4.516817,39.522
2713,4.518467,39.522
2714,4.520133,39.506
2715,4.5218,39.528
2716,4.5236,39.534
2717,4.525133,39.534
2718,4.5268,39.521
2719,4.528467,39.513
2720,4.530133,39.513
2721,4.5318,39.496
2722,4.533467,39.489
2723,4.535133,39.491
2724,4.5368,39.491
2725,4.538467,39.499
2726,4.54015,39.492
2727,4.5418,39.524
2728,4.543467,39.524
2729,4.545133,39.521
2730,4.5468,39.518
2731,4.548467,39.513
2732,4.550133,39.513
2733,4.5518,39.47
2734,4.553467,39.449
2735,4.555133,39.449
2736,4.5568,39.446
2737,4.558467,39.431
2738,4.560133,39.428
2739,4.5618,39.428
2740,4.563467,39.432
2741,4.565133,39.432
2742,4.5668,39.44
2743,4.568467,39.44
2744,4.570133,39.461
2745,4.5718,39.455
2746,4.573467,39.423
2747,4.575133,39.423
2748,4.5768,39.398
2749,4.578467,39.382
2750,4.580117,39.394
2751,4.581783,39.394
2752,4.583467,39.414
2753,4.585117,39.44
2754,4.586783,39.44
2755,4.58845,39.452
2756,4.590117,39.44
2757,4.591783,39.439
2758,4.59345,39.439
2759,4.595117,39.43
2760,4.596783,39.419
2761,4.59845,39.418
2762,4.600117,39.418
2763,4.6018,39.439
2764,4.60345,39.427
2765,4.605117,39.411
2766,4.606783,39.411
2767,4.608517,39.428
2768,4.610117,39.427
2769,4.611783,39.427
2770,4.61345,39.443
2771,4.615117,39.411
2772,4.616783,39.364
2773,4.61845,39.364
2774,4.620117,39.312
2775,4.621783,39.299
2776,4.62345,39.294
2777,4.625117,39.294
2778,4.626783,39.297
2779,4.62845,39.29
2780,4.630117,39.259
2781,4.631783,39.259
2782,4.63345,39.3
2783,4.635117,39.314
2784,4.636783,39.314
2785,4.63845,39.335
2786,4.6401,39.361
2787,4.641883,39.367
2788,4.643433,39.367
2789,4.6451,39.345
2790,4.646767,39.382
2791,4.648433,39.367
2792,4.6501,39.367
2793,4.651767,39.367
2794,4.653433,39.379
2795,4.6551,39.34
2796,4.656767,39.34
2797,4.658433,39.32
2798,4.6601,39.275
2799,4.661767,39.283
2800,4.663433,39.283
2801,4.6651,39.262
2802,4.666767,39.292
2803,4.668433,39.292
2804,4.6701,39.303
2805,4.671767,39.301
2806,4.673433,39.334
2807,4.6751,39.334
2808,4.676767,39.299
2809,4.678433,39.318
2810,4.680117,39.334
2811,4.681767,39.334
2812,4.683433,39.327
2813,4.6851,39.366
2814,4.686767,39.359
2815,4.688433,39.359
2816,4.6901,39.32
2817,4.691767,39.283
2818,4.693433,39.283
2819,4.6951,39.24
2820,4.696767,39.255
2821,4.698417,39.263
2822,4.700083,39.263
2823,4.70175,39.277
2824,4.703417,39.282
2825,4.705083,39.267
2826,4.70675,39.267
2827,4.708417,39.258
2828,4.710083,39.255
2829,4.71175,39.248
2830,4.713417,39.248
2831,4.715083,39.218
2832,4.71675,39.229
2833,4.718417,39.259
2834,4.720083,39.259
2835,4.72175,39.294
2836,4.723417,39.309
2837,4.725083,39.309
2838,4.7268,39.301
2839,4.728417,39.275
2840,4.730083,39.261
2841,4.73175,39.261
2842,4.733417,39.23
2843,4.735083,39.23
2844,4.73675,39.241
2845,4.738417,39.241
2846,4.740083,39.218
2847,4.74175,39.258
2848,4.7435,39.282
2849,4.745083,39.282
2850,4.746767,39.246
2851,4.748417,39.247
2852,4.750083,39.247
2853,4.75175,39.224
2854,4.753417,39.186
2855,4.755083,39.188
2856,4.75675,39.188
2857,4.7584,39.196
2858,4.7602,39.198
2859,4.761733,39.196
2860,4.7634,39.196
2861,4.76505,39.229
2862,4.766717,39.24
2863,4.768383,39.271
2864,4.77005,39.271
2865,4.771717,39.277
2866,4.773383,39.275
2867,4.77505,39.274
2868,4.776717,39.274
2869,4.778383,39.232
2870,4.78005,39.198
2871,4.781717,39.198
2872,4.783383,39.157
2873,4.78505,39.11
2874,4.786717,39.117
2875,4.788383,39.117
2876,4.79005,39.133
2877,4.791717,39.15
2878,4.793383,39.174
2879,4.79505,39.174
2880,4.796717,39.157
2881,4.798383,39.151
2882,4.80005,39.145
2883,4.801717,39.145
2884,4.803383,39.136
2885,4.80505,39.148
2886,4.806717,39.148
2887,4.808383,39.162
2888,4.81005,39.168
2889,4.811717,39.182
2890,4.813383,39.182
2891,4.81505,39.185
2892,4.8167,39.195
2893,4.8184,39.196
2894,4.820033,39.196
2895,4.8217,39.189
2896,4.823367,39.155
2897,4.825033,39.138
2898,4.8267,39.138
2899,4.828367,39.136
2900,4.830033,39.141
2901,4.8317,39.141
2902,4.833367,39.154
2903,4.835033,39.128
2904,4.8367,39.119
2905,4.838367,39.119
2906,4.840033,39.129
2907,4.8417,39.124
2908,4.843367,39.157
2909,4.845033,39.157
2910,4.8467,39.165
2911,4.848367,39.145
2912,4.850033,39.17
2913,4.8517,39.17
2914,4.853367,39.166
2915,4.855033,39.125
2916,4.8567,39.128
2917,4.858367,39.128
2918,4.860033,39.099
2919,4.86175,39.086
2920,4.863367,39.086
2921,4.865033,39.1
2922,4.8667,39.103
2923,4.868367,39.149
2924,4.870033,39.149
2925,4.8717,39.144
2926,4.873367,39.183
2927,4.875033,39.15
2928,4.8767,39.15
2929,4.878417,39.104
2930,4.880017,39.122
2931,4.881683,39.093
2932,4.88335,39.093
2933,4.885017,39.097
2934,4.886683,39.078
2935,4.88835,39.078
2936,4.890017,39.042
2937,4.891683,39.02
2938,4.89335,39.013
2939,4.89515,39.013
2940,4.896683,39.018
2941,4.89835,39.025
2942,4.900017,39.051
2943,4.901683,39.051
2944,4.90335,39.051
2945,4.905017,39.054
2946,4.906683,39.041
2947,4.90835,39.041
2948,4.910017,39.03
2949,4.911683,39.04
2950,4.91335,39.061
2951,4.915017,39.061
2952,4.916683,39.064
2953,4.91835,39.054
2954,4.920017,39.054
2955,4.921683,39.069
2956,4.92335,39.049
2957,4.925017,39.063
2958,4.926683,39.063
2959,4.92835,39.063
2960,4.930017,39.034
2961,4.931683,39.055
2962,4.93335,39.055
2963,4.935017,39.048
2964,4.936683,39.039
2965,4.938333,39.044
2966,4.94,39.044
2967,4.941667,39.041
2968,4.943333,39.048
2969,4.945,39.048
2970,4.946667,39.041
2971,4.948333,39.054
2972,4.95,39.025
2973,4.951667,39.025
2974,4.953333,39.022
2975,4.955067,39.06
2976,4.956667,39.058
2977,4.958333,39.058
2978,4.96,39.06
2979,4.961667,39.042
2980,4.963333,38.978
2981,4.965,38.978
2982,4.966667,38.936
2983,4.968333,38.935
2984,4.97,38.971
2985,4.971667,38.971
2986,4.973333,39.031
2987,4.975,39.081
2988,4.976667,39.081
2989,4.978333,39.072
2990,4.98005,39.041
2991,4.981667,39.012
2992,4.983333,39.012
2993,4.985,38.964
2994,4.986667,38.975
2995,4.988333,38.968
2996,4.99,38.968
2997,4.991667,38.962
2998,4.993333,38.999
2999,4.995,39.028
3000,4.996717,39.028
3001,4.998317,39.034
3002,4.999983,39.031
3003,5.00165,39.031
3004,5.003317,39.012
3005,5.004983,38.998
3006,5.00665,38.995
3007,5.008317,38.995
3008,5.009983,38.983
3009,5.01165,38.981
3010,5.013433,38.947
3011,5.014983,38.947
3012,5.01665,38.946
3013,5.018317,38.955
3014,5.019983,38.958
3015,5.02165,38.958
3016,5.023317,38.945
3017,5.024983,38.937
3018,5.02665,38.978
3019,5.028333,38.978
3020,5.03,38.969
3021,5.03165,38.986
3022,5.033317,38.986
3023,5.034983,38.993
3024,5.03665,38.988
3025,5.038317,38.99
3026,5.04,38.99
3027,5.04165,38.985
3028,5.043317,38.958
3029,5.044983,38.927
3030,5.04665,38.927
3031,5.048317,38.958
3032,5.049983,38.981
3033,5.05165,38.999
3034,5.053317,38.999
3035,5.054983,38.999
3036,5.056633,38.97
3037,5.058283,38.97
3038,5.05995,38.955
3039,5.061617,38.961
3040,5.063283,38.937
3041,5.06495,38.937
3042,5.066617,38.899
3043,5.068283,38.861
3044,5.06995,38.847
3045,5.071617,38.847
3046,5.073283,38.869
3047,5.07495,38.885
3048,5.076617,38.92
3049,5.078283,38.92
3050,5.07995,38.902
3051,5.081617,38.911
3052,5.083283,38.911
3053,5.08495,38.927
3054,5.086617,38.911
3055,5.088283,38.937
3056,5.08995,38.937
3057,5.091617,38.896
3058,5.093283,38.868
3059,5.09495,38.839
3060,5.096617,38.839
3061,5.098333,38.839
3062,5.09995,38.896
3063,5.101617,38.931
3064,5.1033,38.931
3065,5.10495,38.971
3066,5.106617,38.97
3067,5.108283,38.94
3068,5.10995,38.94
3069,5.111617,38.947
3070,5.113283,38.915
3071,5.114983,38.915
3072,5.116617,38.884
3073,5.118267,38.857
3074,5.119933,38.81
3075,5.1216,38.81
3076,5.123267,38.806
3077,5.124933,38.781
3078,5.1266,38.774
3079,5.128267,38.774
3080,5.129933,38.824
3081,5.131733,38.875
3082,5.133267,38.931
3083,5.134933,38.931
3084,5.1366,38.955
3085,5.138267,38.937
3086,5.139933,38.937
3087,5.1416,38.891
3088,5.143267,38.864
3089,5.144933,38.862
3090,5.1466,38.862
3091,5.148267,38.833
3092,5.149933,38.876
3093,5.1516,38.88
3094,5.153267,38.88
3095,5.154933,38.864
3096,5.1566,38.866
3097,5.158267,38.844
3098,5.159933,38.844
3099,5.1616,38.835
3100,5.163267,38.835
3101,5.164933,38.829
3102,5.1666,38.829
3103,5.168267,38.812
3104,5.169933,38.814
3105,5.1716,38.814
3106,5.173267,38.814
3107,5.174933,38.809
3108,5.176633,38.818
3109,5.17825,38.818
3110,5.179917,38.804
3111,5.181583,38.815
3112,5.18325,38.843
3113,5.184917,38.843
3114,5.186583,38.807
3115,5.18825,38.826
3116,5.189917,38.84
3117,5.191583,38.84
3118,5.19325,38.85
3119,5.194917,38.877
3120,5.196583,38.877
3121,5.19825,38.861
3122,5.199917,38.814
3123,5.201583,38.778
3124,5.20325,38.778
3125,5.204917,38.774
3126,5.206583,38.764
3127,5.20825,38.786
3128,5.209917,38.786
3129,5.211583,38.781
3130,5.21325,38.771
3131,5.214933,38.818
3132,5.216583,38.818
3133,5.21825,38.81
3134,5.219917,38.819
3135,5.221583,38.83
3136,5.22325,38.83
3137,5.224917,38.823
3138,5.226583,38.864
3139,5.22825,38.864
3140,5.229917,38.888
3141,5.231583,38.9
3142,5.23325,38.872
3143,5.234917,38.872
3144,5.236583,38.83
3145,5.238233,38.817
3146,5.2399,38.812
3147,5.241567,38.812
3148,5.243233,38.799
3149,5.2449,38.8
3150,5.246567,38.782
3151,5.248233,38.782
3152,5.249983,38.755
3153,5.251567,38.74
3154,5.253267,38.74
3155,5.2549,38.734
3156,5.256567,38.742
3157,5.258233,38.765
3158,5.2599,38.765
3159,5.261567,38.788
3160,5.263233,38.787
3161,5.2649,38.756
3162,5.266567,38.756
3163,5.268233,38.734
3164,5.2699,38.745
3165,5.271567,38.747
3166,5.273233,38.747
3167,5.2749,38.783
3168,5.276567,38.794
3169,5.278233,38.794
3170,5.2799,38.774
3171,5.281567,38.791
3172,5.283233,38.817
3173,5.2849,38.817
3174,5.286567,38.841
3175,5.288233,38.881
3176,5.2899,38.885
3177,5.291567,38.885
3178,5.293233,38.879
3179,5.2949,38.856
3180,5.296567,38.822
3181,5.298217,38.822
3182,5.299883,38.818
3183,5.30155,38.764
3184,5.303217,38.739
3185,5.304883,38.739
3186,5.30655,38.721
3187,5.308217,38.73
3188,5.309883,38.73
3189,5.31155,38.744
3190,5.313217,38.743
3191,5.31495,38.762
3192,5.31655,38.762
3193,5.318217,38.741
3194,5.319883,38.745
3195,5.32155,38.76
3196,5.323217,38.76
3197,5.324883,38.773
3198,5.32655,38.77
3199,5.328217,38.781
3200,5.329883,38.781
3201,5.33155,38.755
3202,5.333217,38.718
3203,5.33495,38.717
3204,5.33655,38.717
3205,5.338217,38.7
3206,5.339883,38.726
3207,5.34155,38.726
3208,5.343217,38.746
3209,5.344883,38.726
3210,5.34655,38.716
3211,5.3482,38.716
3212,5.349867,38.689
3213,5.351533,38.697
3214,5.3532,38.72
3215,5.354867,38.72
3216,5.356533,38.709
3217,5.358183,38.727
3218,5.35985,38.7
3219,5.361517,38.7
3220,5.363183,38.659
3221,5.36485,38.678
3222,5.366517,38.678
3223,5.368317,38.678
3224,5.36985,38.685
3225,5.371517,38.701
3226,5.373183,38.701
3227,5.37485,38.67
3228,5.376517,38.655
3229,5.378183,38.675
3230,5.37985,38.675
3231,5.381517,38.686
3232,5.383183,38.712
3233,5.38485,38.699
3234,5.386517,38.699
3235,5.3882,38.663
3236,5.389867,38.633
3237,5.391517,38.633
3238,5.393183,38.606
3239,5.39485,38.629
3240,5.396517,38.654
3241,5.398183,38.654
3242,5.39985,38.669
3243,5.401517,38.709
3244,5.403183,38.726
3245,5.40485,38.726
3246,5.406517,38.707
3247,5.408183,38.699
3248,5.40985,38.666
3249,5.411517,38.666
3250,5.413183,38.621
3251,5.41485,38.588
3252,5.416517,38.588
3253,5.418167,38.569
3254,5.419833,38.596
3255,5.4215,38.623
3256,5.423167,38.623
3257,5.424833,38.65
3258,5.4265,38.679
3259,5.428167,38.68
3260,5.429833,38.68
3261,5.4315,38.674
3262,5.433167,38.664
3263,5.434833,38.651
3264,5.4365,38.651
3265,5.438167,38.621
3266,5.439833,38.587
3267,5.4415,38.593
3268,5.443167,38.593
3269,5.444833,38.59
3270,5.4465,38.59
3271,5.448167,38.59
3272,5.449833,38.606
3273,5.4515,38.619
3274,5.4532,38.654
3275,5.454833,38.654
3276,5.4565,38.653
3277,5.4582,38.694
3278,5.459833,38.693
3279,5.4615,38.693
3280,5.463167,38.66
3281,5.464833,38.674
3282,5.4665,38.614
3283,5.468167,38.614
3284,5.469833,38.629
3285,5.4715,38.654
3286,5.473167,38.654
3287,5.474833,38.646
3288,5.476483,38.663
3289,5.47815,38.636
3290,5.479817,38.636
3291,5.481483,38.611
3292,5.48315,38.61
3293,5.484817,38.617
3294,5.486567,38.617
3295,5.48815,38.601
3296,5.489817,38.597
3297,5.491483,38.593
3298,5.49315,38.593
3299,5.494817,38.616
3300,5.496483,38.626
3301,5.49815,38.595
3302,5.499817,38.595
3303,5.501483,38.589
3304,5.50315,38.547
3305,5.504817,38.547
3306,5.506483,38.551
3307,5.50815,38.585
3308,5.509817,38.583
3309,5.511483,38.583
3310,5.51315,38.594
3311,5.514817,38.595
3312,5.516483,38.622
3313,5.51815,38.622
3314,5.519817,38.613
3315,5.521483,38.62
3316,5.52315,38.613
3317,5.524817,38.613
3318,5.5265,38.58
3319,5.52815,38.581
3320,5.529817,38.581
3321,5.531483,38.572
3322,5.53315,38.569
3323,5.534817,38.572
3324,5.536483,38.572
3325,5.53815,38.576
3326,5.5398,38.568
3327,5.541467,38.575
3328,5.543133,38.575
3329,5.544817,38.575
3330,5.546467,38.566
3331,5.548133,38.602
3332,5.5498,38.602
3333,5.551467,38.595
3334,5.553133,38.593
3335,5.5548,38.601
3336,5.556467,38.601
3337,5.558133,38.568
3338,5.5598,38.558
3339,5.561467,38.558
3340,5.563133,38.555
3341,5.5648,38.546
3342,5.566467,38.509
3343,5.568133,38.509
3344,5.5698,38.528
3345,5.571517,38.526
3346,5.573133,38.549
3347,5.5748,38.549
3348,5.576467,38.598
3349,5.578133,38.583
3350,5.5798,38.593
3351,5.581467,38.593
3352,5.583133,38.571
3353,5.5848,38.555
3354,5.586467,38.555
3355,5.588133,38.555
3356,5.5898,38.545
3357,5.591467,38.551
3358,5.593133,38.551
3359,5.5948,38.559
3360,5.59645,38.568
3361,5.59815,38.578
3362,5.599783,38.578
3363,5.60145,38.579
3364,5.603117,38.566
3365,5.6049,38.563
3366,5.60645,38.563
3367,5.608117,38.562
3368,5.609783,38.557
3369,5.61145,38.539
3370,5.613117,38.539
3371,5.614783,38.523
3372,5.61645,38.519
3373,5.618133,38.519
3374,5.619783,38.512
3375,5.62145,38.543
3376,5.623117,38.527
3377,5.624783,38.527
3378,5.62645,38.494
3379,5.628117,38.508
3380,5.629783,38.484
3381,5.63145,38.484
3382,5.633133,38.488
3383,5.634783,38.513
3384,5.63645,38.487
3385,5.638117,38.487
3386,5.639767,38.517
3387,5.641433,38.55
3388,5.6431,38.55
3389,5.644767,38.535
3390,5.646433,38.53
3391,5.6481,38.508
3392,5.649767,38.508
3393,5.651433,38.49
3394,5.6531,38.515
3395,5.654767,38.522
3396,5.656433,38.522
3397,5.658083,38.52
3398,5.65975,38.503
3399,5.661417,38.481
3400,5.663083,38.481
3401,5.66475,38.483
3402,5.666417,38.476
3403,5.668083,38.476
3404,5.66975,38.495
3405,5.671467,38.509
3406,5.673083,38.507
3407,5.67475,38.507
3408,5.676417,38.506
3409,5.678083,38.514
3410,5.67975,38.545
3411,5.681417,38.545
3412,5.683083,38.575
3413,5.68475,38.594
3414,5.686417,38.604
3415,5.688083,38.604
3416,5.6898,38.552
3417,5.691417,38.538
3418,5.693083,38.528
3419,5.69475,38.528
3420,5.696417,38.514
3421,5.698083,38.516
3422,5.69975,38.516
3423,5.701417,38.507
3424,5.703083,38.496
3425,5.70475,38.468
3426,5.706483,38.468
3427,5.708083,38.466
3428,5.70975,38.468
3429,5.711417,38.463
3430,5.713083,38.463
3431,5.71475,38.473
3432,5.716417,38.491
3433,5.718067,38.473
3434,5.719733,38.473
3435,5.7214,38.468
3436,5.723183,38.489
3437,5.724733,38.489
3438,5.7264,38.459
3439,5.728067,38.448
3440,5.729733,38.481
3441,5.7314,38.481
3442,5.733067,38.444
3443,5.734733,38.482
3444,5.7364,38.517
3445,5.738067,38.517
3446,5.73985,38.5
3447,5.7414,38.502
3448,5.743067,38.455
3449,5.744733,38.455
3450,5.746417,38.462
3451,5.748067,38.468
3452,5.749733,38.5
3453,5.7514,38.5
3454,5.753067,38.508
3455,5.754733,38.474
3456,5.7564,38.474
3457,5.758067,38.448
3458,5.759733,38.448
3459,5.7614,38.472
3460,5.763067,38.472
3461,5.764733,38.473
3462,5.7664,38.494
3463,5.768067,38.465
3464,5.769733,38.465
3465,5.7714,38.455
3466,5.773067,38.456
3467,5.774733,38.464
3468,5.7764,38.464
3469,5.77805,38.49
3470,5.779717,38.473
3471,5.781383,38.473
3472,5.78305,38.456
3473,5.784717,38.443
3474,5.786383,38.412
3475,5.78805,38.412
3476,5.789717,38.425
3477,5.791383,38.464
3478,5.793067,38.455
3479,5.794717,38.455
3480,5.796383,38.455
3481,5.79805,38.442
3482,5.799717,38.433
3483,5.801383,38.433
3484,5.80305,38.435
3485,5.804717,38.433
3486,5.806383,38.431
3487,5.808083,38.431
3488,5.809717,38.423
3489,5.811383,38.419
3490,5.81305,38.419
3491,5.814717,38.416
3492,5.816383,38.423
3493,5.81805,38.432
3494,5.819717,38.432
3495,5.821383,38.444
3496,5.82305,38.474
3497,5.82475,38.5
3498,5.826383,38.5
3499,5.82805,38.485
3500,5.829717,38.466
3501,5.831383,38.433
3502,5.83305,38.433
3503,5.834717,38.441
3504,5.836383,38.44
3505,5.838033,38.44
3506,5.8397,38.448
3507,5.841417,38.438
3508,5.843033,38.4
3509,5.8447,38.4
3510,5.846367,38.398
3511,5.848033,38.387
3512,5.8497,38.382
3513,5.851367,38.382
3514,5.853033,38.382
3515,5.8547,38.4
3516,5.856367,38.388
3517,5.85815,38.388
3518,5.8597,38.409
3519,5.861367,38.434
3520,5.863033,38.434
3521,5.8647,38.421
3522,5.866367,38.484
3523,5.868033,38.495
3524,5.8697,38.495
3525,5.871367,38.477
3526,5.873033,38.492
3527,5.8747,38.464
3528,5.876367,38.464
3529,5.878033,38.479
3530,5.8797,38.465
3531,5.881367,38.425
3532,5.883033,38.425
3533,5.8847,38.391
3534,5.886367,38.361
3535,5.888033,38.359
3536,5.8897,38.359
3537,5.891367,38.381
3538,5.893033,38.398
3539,5.8947,38.398
3540,5.896367,38.406
3541,5.898033,38.416
3542,5.899683,38.39
3543,5.90135,38.39
3544,5.903017,38.417
3545,5.904683,38.414
3546,5.90635,38.407
3547,5.908017,38.407
3548,5.909683,38.426
3549,5.91135,38.377
3550,5.913017,38.379
3551,5.914683,38.379
3552,5.91635,38.42
3553,5.918017,38.435
3554,5.919683,38.435
3555,5.92135,38.446
3556,5.923017,38.444
3557,5.924683,38.429
3558,5.92635,38.429
3559,5.928017,38.435
3560,5.929667,38.454
3561,5.931333,38.453
3562,5.933,38.453
3563,5.934667,38.434
3564,5.936333,38.388
3565,5.938,38.416
3566,5.939667,38.416
3567,5.941333,38.406
3568,5.943033,38.404
3569,5.944667,38.423
3570,5.946333,38.423
3571,5.948,38.382
3572,5.949667,38.4
3573,5.951333,38.4
3574,5.953,38.41
3575,5.954667,38.383
3576,5.956317,38.356
3577,5.957983,38.356
3578,5.959717,38.338
3579,5.961317,38.321
3580,5.963017,38.321
3581,5.964717,38.321
3582,5.966317,38.323
3583,5.968,38.33
3584,5.96965,38.316
3585,5.971317,38.316
3586,5.972983,38.321
3587,5.97465,38.315
3588,5.97645,38.309
3589,5.977983,38.309
3590,5.97965,38.336
3591,5.981317,38.329
3592,5.982983,38.329
3593,5.98465,38.343
3594,5.986317,38.353
3595,5.987983,38.354
3596,5.98965,38.354
3597,5.991317,38.388
3598,5.992983,38.373
3599,5.99465,38.356
3600,5.996317,38.356
3601,5.997983,38.339
3602,5.99965,38.34
3603,6.001317,38.375
3604,6.002983,38.375
3605,6.00465,38.394
3606,6.006317,38.407
3607,6.007983,38.407
3608,6.00965,38.413
3609,6.011317,38.405
3610,6.012983,38.391
3611,6.01465,38.391
3612,6.016317,38.353
3613,6.017967,38.342
3614,6.019633,38.342
3615,6.0213,38.342
3616,6.022967,38.333
3617,6.024633,38.349
3618,6.0263,38.325
3619,6.027967,38.325
3620,6.029633,38.33
3621,6.0313,38.338
3622,6.033017,38.338
3623,6.034633,38.323
3624,6.0363,38.319
3625,6.037967,38.309
3626,6.039633,38.309
3627,6.0413,38.3
3628,6.042967,38.314
3629,6.044633,38.362
3630,6.0463,38.362
3631,6.047967,38.373
3632,6.049633,38.376
3633,6.0513,38.363
3634,6.052967,38.363
3635,6.054633,38.312
3636,6.0563,38.285
3637,6.057967,38.285
3638,6.059633,38.262
3639,6.0613,38.253
3640,6.062967,38.25
3641,6.064633,38.25
3642,6.0663,38.238
3643,6.067967,38.236
3644,6.069633,38.262
3645,6.0713,38.262
3646,6.072967,38.264
3647,6.074633,38.306
3648,6.0763,38.316
3649,6.07795,38.316
3650,6.079617,38.321
3651,6.081283,38.329
3652,6.08295,38.294
3653,6.084617,38.294
3654,6.086283,38.294
3655,6.08795,38.274
3656,6.089617,38.274
3657,6.091283,38.315
3658,6.09295,38.327
3659,6.09475,38.35
3660,6.096283,38.35
3661,6.09795,38.333
3662,6.099617,38.286
3663,6.101283,38.272
3664,6.10295,38.272
3665,6.104633,38.243
3666,6.1063,38.252
3667,6.10795,38.282
3668,6.109617,38.282
3669,6.111283,38.286
3670,6.11295,38.325
3671,6.114617,38.325
3672,6.116283,38.335
3673,6.11795,38.297
3674,6.119617,38.286
3675,6.121283,38.286
3676,6.12295,38.25
3677,6.124617,38.239
3678,6.126283,38.224
3679,6.12795,38.224
3680,6.129617,38.232
3681,6.131283,38.234
3682,6.13295,38.23
3683,6.134617,38.23
3684,6.136283,38.259
3685,6.137933,38.263
3686,6.1396,38.244
3687,6.141267,38.244
3688,6.142933,38.241
3689,6.1446,38.234
3690,6.146267,38.234
3691,6.147933,38.244
3692,6.1496,38.287
3693,6.151267,38.312
3694,6.152933,38.312
3695,6.1546,38.304
3696,6.156267,38.283
3697,6.157933,38.252
3698,6.1596,38.252
3699,6.161267,38.23
3700,6.162933,38.264
3701,6.1646,38.265
3702,6.166267,38.265
3703,6.167933,38.249
3704,6.1696,38.259
3705,6.171283,38.259
3706,6.172933,38.232
3707,6.1746,38.228
3708,6.176267,38.251
3709,6.177933,38.251
3710,6.17965,38.245
3711,6.181267,38.264
3712,6.182933,38.292
3713,6.1846,38.292
3714,6.186267,38.286
3715,6.187933,38.277
3716,6.1896,38.245
3717,6.191267,38.245
3718,6.192933,38.23
3719,6.1946,38.252
3720,6.196267,38.284
3721,6.197933,38.284
3722,6.199583,38.315
3723,6.20125,38.329
3724,6.202917,38.329
3725,6.204583,38.312
3726,6.20625,38.267
3727,6.207917,38.259
3728,6.209583,38.259
3729,6.21125,38.232
3730,6.213033,38.253
3731,6.214583,38.279
3732,6.21625,38.279
3733,6.217917,38.268
3734,6.219583,38.297
3735,6.221233,38.282
3736,6.2229,38.282
3737,6.224567,38.274
3738,6.226233,38.271
3739,6.2279,38.271
3740,6.229567,38.246
3741,6.231233,38.233
3742,6.2329,38.254
3743,6.234567,38.254
3744,6.236233,38.251
3745,6.2379,38.244
3746,6.239567,38.248
3747,6.241233,38.248
3748,6.2429,38.249
3749,6.244567,38.258
3750,6.246233,38.269
3751,6.247917,38.269
3752,6.249567,38.285
3753,6.251267,38.265
3754,6.2529,38.265
3755,6.254567,38.261
3756,6.256233,38.256
3757,6.257883,38.237
3758,6.25955,38.237
3759,6.261217,38.222
3760,6.262883,38.23
3761,6.26455,38.231
3762,6.266217,38.231
3763,6.267883,38.236
3764,6.26955,38.242
3765,6.271217,38.234
3766,6.272883,38.234
3767,6.27455,38.212
3768,6.276217,38.197
3769,6.277883,38.196
3770,6.27955,38.196
3771,6.281217,38.213
3772,6.282883,38.233
3773,6.28455,38.233
3774,6.286217,38.247
3775,6.287883,38.268
3776,6.28955,38.242
3777,6.291217,38.242
3778,6.292883,38.239
3779,6.29455,38.236
3780,6.296217,38.22
3781,6.297883,38.22
3782,6.29955,38.232
3783,6.301217,38.216
3784,6.302883,38.198
3785,6.30455,38.198
3786,6.306217,38.218
3787,6.307883,38.216
3788,6.30955,38.216
3789,6.311217,38.224
3790,6.312883,38.196
3791,6.314567,38.14
3792,6.316217,38.14
3793,6.317867,38.127
3794,6.319533,38.177
3795,6.3212,38.213
3796,6.322867,38.213
3797,6.32455,38.257
3798,6.32625,38.268
3799,6.327867,38.23
3800,6.329533,38.23
3801,6.3312,38.254
3802,6.332867,38.237
3803,6.334533,38.207
3804,6.3362,38.207
3805,6.337867,38.201
3806,6.339533,38.182
3807,6.3412,38.182
3808,6.342867,38.178
3809,6.344533,38.201
3810,6.3462,38.2
3811,6.347867,38.2
3812,6.349533,38.191
3813,6.3512,38.192
3814,6.352867,38.186
3815,6.354533,38.186
3816,6.3562,38.207
3817,6.357867,38.211
3818,6.359533,38.219
3819,6.3612,38.219
3820,6.362867,38.215
3821,6.364533,38.197
3822,6.3662,38.197
3823,6.367867,38.196
3824,6.369533,38.164
3825,6.3712,38.182
3826,6.372867,38.182
3827,6.374533,38.187
3828,6.3762,38.227
3829,6.37785,38.258
3830,6.379517,38.258
3831,6.381183,38.242
3832,6.38285,38.23
3833,6.384517,38.201
3834,6.386183,38.201
3835,6.38785,38.195
3836,6.389517,38.188
3837,6.3912,38.204
3838,6.3929,38.204
3839,6.394517,38.191
3840,6.396183,38.176
3841,6.39785,38.176
3842,6.399517,38.202
3843,6.401183,38.181
3844,6.40285,38.159
3845,6.404517,38.159
3846,6.406183,38.161
3847,6.40785,38.135
3848,6.409517,38.145
3849,6.411183,38.145
3850,6.41285,38.175
3851,6.414517,38.175
3852,6.41625,38.161
3853,6.41785,38.161
3854,6.419517,38.135
3855,6.421183,38.115
3856,6.42285,38.115
3857,6.424533,38.099
3858,6.426183,38.125
3859,6.42785,38.153
3860,6.429517,38.153
3861,6.431183,38.171
3862,6.43285,38.218
3863,6.434517,38.224
3864,6.436183,38.224
3865,6.437833,38.223
3866,6.4395,38.234
3867,6.441167,38.216
3868,6.442833,38.216
3869,6.4445,38.175
3870,6.446167,38.154
3871,6.447833,38.154
3872,6.449633,38.142
3873,6.451167,38.154
3874,6.452833,38.186
3875,6.4545,38.186
3876,6.456167,38.222
3877,6.457833,38.227
3878,6.4595,38.216
3879,6.461167,38.216
3880,6.462833,38.213
3881,6.464517,38.166
3882,6.466167,38.167
3883,6.467883,38.167
3884,6.4695,38.167
3885,6.471167,38.162
3886,6.472833,38.17
3887,6.4745,38.17
3888,6.476167,38.178
3889,6.477833,38.154
3890,6.4795,38.154
3891,6.481167,38.122
3892,6.482833,38.136
3893,6.4845,38.091
3894,6.486167,38.091
3895,6.487833,38.121
3896,6.4895,38.164
3897,6.491167,38.14
3898,6.492833,38.14
3899,6.4945,38.127
3900,6.496167,38.084
3901,6.497817,38.058
3902,6.499483,38.058
3903,6.50115,38.087
3904,6.502817,38.12
3905,6.504483,38.12
3906,6.50615,38.145
3907,6.507817,38.169
3908,6.509483,38.169
3909,6.51115,38.169
3910,6.5128,38.181
3911,6.514467,38.195
3912,6.516133,38.186
3913,6.5178,38.186
3914,6.519467,38.169
3915,6.521133,38.14
3916,6.5228,38.125
3917,6.524467,38.125
3918,6.526133,38.122
3919,6.5278,38.137
3920,6.5295,38.142
3921,6.531133,38.142
3922,6.5328,38.16
3923,6.534533,38.172
3924,6.536133,38.172
3925,6.5378,38.169
3926,6.539467,38.195
3927,6.541133,38.181
3928,6.5428,38.181
3929,6.544467,38.16
3930,6.546133,38.153
3931,6.5478,38.137
3932,6.549467,38.137
3933,6.5512,38.113
3934,6.5528,38.12
3935,6.554467,38.11
3936,6.556133,38.11
3937,6.557783,38.094
3938,6.55945,38.13
3939,6.561117,38.13
3940,6.562783,38.168
3941,6.56445,38.186
3942,6.566117,38.245
3943,6.567883,38.245
3944,6.56945,38.267
3945,6.571117,38.241
3946,6.572783,38.22
3947,6.57445,38.22
3948,6.576117,38.154
3949,6.577783,38.119
3950,6.57945,38.091
3951,6.581117,38.091
3952,6.582783,38.084
3953,6.584567,38.08
3954,6.586117,38.043
3955,6.587783,38.043
3956,6.58945,38.046
3957,6.591117,38.082
3958,6.592783,38.082
3959,6.59445,38.098
3960,6.596117,38.133
3961,6.597783,38.144
3962,6.599467,38.144
3963,6.601117,38.106
3964,6.602783,38.098
3965,6.60445,38.075
3966,6.606133,38.075
3967,6.607783,38.057
3968,6.60945,38.069
3969,6.611117,38.085
3970,6.612783,38.085
3971,6.61445,38.114
3972,6.616117,38.141
3973,6.617767,38.141
3974,6.619433,38.131
3975,6.6211,38.115
3976,6.622767,38.105
3977,6.624433,38.105
3978,6.6261,38.103
3979,6.627783,38.105
3980,6.629433,38.099
3981,6.6311,38.099
3982,6.632767,38.075
3983,6.634433,38.08
3984,6.6361,38.107
3985,6.637767,38.107
3986,6.639433,38.116
3987,6.6411,38.156
3988,6.642767,38.156
3989,6.644433,38.163
3990,6.6461,38.164
3991,6.647767,38.197
3992,6.649433,38.197
3993,6.6511,38.192
3994,6.652767,38.182
3995,6.654433,38.151
3996,6.6561,38.151
3997,6.657767,38.093
3998,6.659433,38.064
3999,6.6611,38.058
4000,6.662767,38.058
4001,6.664433,38.091
4002,6.6661,38.107
4003,6.667767,38.11
4004,6.6695,38.11
4005,6.6711,38.079
4006,6.672767,38.038
4007,6.674433,38.038
4008,6.676117,38.02
4009,6.67775,38.009
4010,6.679417,38.013
4011,6.681083,38.013
4012,6.68275,38.045
4013,6.684417,38.09
4014,6.68615,38.085
4015,6.68775,38.085
4016,6.689417,38.098
4017,6.691083,38.05
4018,6.69275,38.024
4019,6.694417,38.024
4020,6.696083,38.05
4021,6.69775,38.037
4022,6.699417,38.037
4023,6.701083,38.058
4024,6.70285,38.064
4025,6.704417,38.062
4026,6.706083,38.062
4027,6.70775,38.101
4028,6.709417,38.107
4029,6.711083,38.125
4030,6.71275,38.125
4031,6.71445,38.119
4032,6.716083,38.082
4033,6.71775,38.102
4034,6.719417,38.102
4035,6.721083,38.089
4036,6.72275,38.081
4037,6.724417,38.082
4038,6.726083,38.082
4039,6.72775,38.043
4040,6.729417,38.035
4041,6.731083,38.035
4042,6.73275,38.038
4043,6.734417,38.033
4044,6.736067,38.069
4045,6.737733,38.069
4046,6.7394,38.089
4047,6.741067,38.065
4048,6.742733,38.07
4049,6.7444,38.07
4050,6.746067,38.02
4051,6.747733,37.982
4052,6.74945,37.971
4053,6.751067,37.971
4054,6.752733,37.965
4055,6.7544,37.977
4056,6.756067,37.977
4057,6.757733,37.991
4058,6.7594,38.014
4059,6.761067,38.003
4060,6.762733,38.003
4061,6.7644,38.005
4062,6.766067,38.04
4063,6.767733,38.079
4064,6.7694,38.079
4065,6.771067,38.134
4066,6.772733,38.18
4067,6.7744,38.139
4068,6.776067,38.139
4069,6.777733,38.102
4070,6.7794,38.063
4071,6.781067,38.026
4072,6.782733,38.026
4073,6.7844,38.034
4074,6.786067,38.035
4075,6.7878,38.035
4076,6.7894,38.029
4077,6.791067,38.036
4078,6.792733,38.023
4079,6.7944,38.023
4080,6.796067,38.034
4081,6.797717,38.043
4082,6.799417,38.04
4083,6.80105,38.04
4084,6.802717,38.039
4085,6.804417,38.029
4086,6.806033,38.03
4087,6.8077,38.03
4088,6.809367,38.049
4089,6.811033,38.09
4090,6.8127,38.09
4091,6.814367,38.09
4092,6.816033,38.067
4093,6.8177,38.049
4094,6.819367,38.049
4095,6.82115,38.052
4096,6.8227,38.077
4097,6.824367,38.093
4098,6.826033,38.093
4099,6.8277,38.08
4100,6.829367,38.087
4101,6.831033,38.031
4102,6.8327,38.031
4103,6.834367,38.047
4104,6.836033,38.045
4105,6.8377,38.045
4106,6.839367,37.998
4107,6.841033,38.02
4108,6.8427,38.003
4109,6.844367,38.003
4110,6.846033,38.025
4111,6.8477,38.041
4112,6.849367,38.025
4113,6.851033,38.025
4114,6.8527,38.014
4115,6.854367,37.994
4116,6.856033,37.993
4117,6.857683,37.993
4118,6.85935,38.016
4119,6.861017,38.032
4120,6.862683,38.056
4121,6.86435,38.056
4122,6.866017,38.029
4123,6.867683,37.992
4124,6.86935,37.992
4125,6.871017,37.988
4126,6.872683,37.947
4127,6.87435,37.967
4128,6.876017,37.967
4129,6.877683,38.001
4130,6.87935,37.999
4131,6.881017,38.03
4132,6.882717,38.03
4133,6.88435,38.036
4134,6.886017,38.055
4135,6.887683,38.061
4136,6.88935,38.061
4137,6.891017,38.085
4138,6.892683,38.071
4139,6.89435,38.071
4140,6.896017,38.046
4141,6.897683,38.047
4142,6.89935,38.018
4143,6.901017,38.018
4144,6.902683,38.034
4145,6.90435,38.031
4146,6.906017,38.032
4147,6.907683,38.032
4148,6.90935,38.027
4149,6.911017,37.999
4150,6.912683,38.021
4151,6.91435,38.021
4152,6.916017,38.01
4153,6.917667,38.006
4154,6.919333,38.017
4155,6.921,38.017
4156,6.922683,37.999
4157,6.924333,37.979
4158,6.926,37.979
4159,6.927667,37.982
4160,6.929333,37.984
4161,6.931,37.982
4162,6.932667,37.982
4163,6.934333,37.985
4164,6.936,37.959
4165,6.937667,37.968
4166,6.939433,37.968
4167,6.941,37.974
4168,6.942667,38.003
4169,6.944333,38.028
4170,6.946,38.028
4171,6.947667,38.046
4172,6.949333,38.049
4173,6.951,38.049
4174,6.952667,38.023
4175,6.954333,38.025
4176,6.956,37.976
4177,6.957667,37.976
4178,6.95935,37.938
4179,6.961,37.943
4180,6.962667,37.937
4181,6.964333,37.937
4182,6.966,37.955
4183,6.967667,37.976
4184,6.969333,37.992
4185,6.971,37.992
4186,6.972667,38.019
4187,6.974333,38.021
4188,6.975983,38.035
4189,6.97765,38.035
4190,6.979317,38.058
4191,6.980983,38.045
4192,6.98265,38.045
4193,6.984317,38.03
4194,6.985983,38.021
4195,6.98765,37.99
4196,6.989317,37.99
4197,6.990983,37.994
4198,6.99265,37.991
4199,6.994317,37.987
4200,6.995983,37.987
4201,6.99765,37.965
4202,6.999317,37.944
4203,7.000983,37.95
4204,7.002667,37.95
4205,7.004317,37.976
4206,7.005983,38.007
4207,7.00765,38.007
4208,7.009317,37.994
4209,7.010983,37.983
4210,7.01265,37.953
4211,7.014317,37.953
4212,7.015983,37.942
4213,7.01765,37.932
4214,7.019317,37.919
4215,7.020983,37.919
4216,7.02265,37.894
4217,7.024333,37.874
4218,7.025983,37.876
4219,7.02765,37.876
4220,7.029317,37.883
4221,7.031,37.913
4222,7.0327,37.972
4223,7.034317,37.972
4224,7.035983,38.001
4225,7.037633,38.031
4226,7.0393,38.031
4227,7.040967,38.029
4228,7.042633,37.968
4229,7.0443,37.967
4230,7.045967,37.967
4231,7.047633,37.965
4232,7.0493,37.955
4233,7.050967,37.937
4234,7.052633,37.937
4235,7.0543,37.932
4236,7.055967,37.919
4237,7.057767,37.908
4238,7.0593,37.908
4239,7.060967,37.921
4240,7.062633,37.897
4241,7.0643,37.897
4242,7.065967,37.879
4243,7.067633,37.896
4244,7.0693,37.917
4245,7.070967,37.917
4246,7.072633,37.953
4247,7.0743,37.951
4248,7.075967,37.934
4249,7.077633,37.934
4250,7.0793,37.936
4251,7.080967,37.907
4252,7.082633,37.905
4253,7.0843,37.905
4254,7.085967,37.936
4255,7.087633,37.938
4256,7.0893,37.938
4257,7.090967,37.944
4258,7.092633,37.976
4259,7.0943,37.982
4260,7.09595,37.982
4261,7.0976,37.971
4262,7.099267,37.958
4263,7.100933,37.942
4264,7.1026,37.942
4265,7.104267,37.926
4266,7.106,37.903
4267,7.1076,37.918
4268,7.109267,37.918
4269,7.110933,37.913
4270,7.1126,37.935
4271,7.114267,37.944
4272,7.115933,37.944
4273,7.1176,37.947
4274,7.119267,37.972
4275,7.120933,37.972
4276,7.1226,37.969
4277,7.124267,37.995
4278,7.125933,38.004
4279,7.1276,38.004
4280,7.129267,37.996
4281,7.130933,37.969
4282,7.1326,37.958
4283,7.134267,37.958
4284,7.135933,37.944
4285,7.1376,37.95
4286,7.139267,37.95
4287,7.140933,37.95
4288,7.14265,37.938
4289,7.144267,37.912
4290,7.145933,37.912
4291,7.1476,37.884
4292,7.149267,37.859
4293,7.150933,37.88
4294,7.1526,37.88
4295,7.154267,37.913
4296,7.155933,37.945
4297,7.157583,37.957
4298,7.15925,37.957
4299,7.160917,37.964
4300,7.162583,37.947
4301,7.16425,37.953
4302,7.165917,37.953
4303,7.167583,37.956
4304,7.16925,37.951
4305,7.170917,37.967
4306,7.172583,37.967
4307,7.17425,37.959
4308,7.176017,37.973
4309,7.1776,37.973
4310,7.17925,37.962
4311,7.180933,37.976
4312,7.182617,37.952
4313,7.18425,37.952
4314,7.185917,37.958
4315,7.187583,37.941
4316,7.18925,37.931
4317,7.190917,37.931
4318,7.192583,37.928
4319,7.19425,37.879
4320,7.195917,37.89
4321,7.197583,37.89
4322,7.19925,37.869
4323,7.200917,37.862
4324,7.202583,37.862
4325,7.20425,37.896
4326,7.205917,37.909
4327,7.207583,37.938
4328,7.20925,37.938
4329,7.210917,37.971
4330,7.212583,37.965
4331,7.21425,37.935
4332,7.215917,37.935
4333,7.217567,37.872
4334,7.219233,37.83
4335,7.2209,37.82
4336,7.222567,37.82
4337,7.224233,37.83
4338,7.2259,37.862
4339,7.227567,37.862
4340,7.229233,37.882
4341,7.2309,37.88
4342,7.232567,37.9
4343,7.234233,37.9
4344,7.2359,37.891
4345,7.237567,37.914
4346,7.239233,37.91
4347,7.2409,37.91
4348,7.242567,37.874
4349,7.244233,37.896
4350,7.245917,37.894
4351,7.247567,37.894
4352,7.249233,37.922
4353,7.2509,37.947
4354,7.252567,37.923
4355,7.254233,37.923
4356,7.2559,37.888
4357,7.257567,37.879
4358,7.259233,37.879
4359,7.260967,37.891
4360,7.262567,37.899
4361,7.264233,37.92
4362,7.2659,37.92
4363,7.267567,37.91
4364,7.269233,37.884
4365,7.2709,37.881
4366,7.272567,37.881
4367,7.274233,37.864
4368,7.275883,37.856
4369,7.27755,37.859
4370,7.279217,37.859
4371,7.280883,37.891
4372,7.28255,37.902
4373,7.284217,37.902
4374,7.285883,37.917
4375,7.28755,37.919
4376,7.289217,37.906
4377,7.290883,37.906
4378,7.29255,37.888
4379,7.29435,37.873
4380,7.295883,37.864
4381,7.29755,37.864
4382,7.299217,37.854
4383,7.300883,37.874
4384,7.30255,37.873
4385,7.304217,37.873
4386,7.305883,37.88
4387,7.30755,37.896
4388,7.309217,37.902
4389,7.310883,37.902
4390,7.31255,37.917
4391,7.314217,37.932
4392,7.315883,37.932
4393,7.31755,37.939
4394,7.319217,37.918
4395,7.320883,37.944
4396,7.32255,37.944
4397,7.324233,37.92
4398,7.325883,37.891
4399,7.32755,37.912
4400,7.329217,37.912
4401,7.330883,37.897
4402,7.33255,37.929
4403,7.334217,37.954
4404,7.335883,37.954
4405,7.337533,37.966
4406,7.3392,37.951
4407,7.340867,37.951
4408,7.342533,37.925
4409,7.3442,37.915
4410,7.345883,37.909
4411,7.347533,37.909
4412,7.3492,37.909
4413,7.350867,37.937
4414,7.352533,37.927
4415,7.3542,37.927
4416,7.355867,37.919
4417,7.357533,37.916
4418,7.3592,37.861
4419,7.360867,37.861
4420,7.362533,37.848
4421,7.3642,37.836
4422,7.365867,37.824
4423,7.367533,37.824
4424,7.3692,37.847
4425,7.370867,37.841
4426,7.372533,37.841
4427,7.3742,37.835
4428,7.375867,37.846
4429,7.377533,37.839
4430,7.379217,37.839
4431,7.380867,37.855
4432,7.382533,37.831
4433,7.3842,37.83
4434,7.385867,37.83
4435,7.387517,37.836
4436,7.389183,37.832
4437,7.39085,37.85
4438,7.392517,37.85
4439,7.3942,37.849
4440,7.3959,37.83
4441,7.3975,37.83
4442,7.399167,37.82
4443,7.400833,37.826
4444,7.4025,37.809
4445,7.404167,37.809
4446,7.405833,37.83
4447,7.4075,37.868
4448,7.409167,37.897
4449,7.410833,37.897
4450,7.412617,37.935
4451,7.414167,37.938
4452,7.415833,37.918
4453,7.4175,37.918
4454,7.419167,37.878
4455,7.420833,37.87
4456,7.4225,37.87
4457,7.424167,37.883
4458,7.425833,37.847
4459,7.4275,37.844
4460,7.429167,37.844
4461,7.430833,37.847
4462,7.4325,37.839
4463,7.4342,37.859
4464,7.435833,37.859
4465,7.4375,37.888
4466,7.439167,37.869
4467,7.440833,37.86
4468,7.4425,37.86
4469,7.444167,37.866
4470,7.445833,37.86
4471,7.4475,37.87
4472,7.449167,37.87
4473,7.450833,37.871
4474,7.4525,37.865
4475,7.454167,37.865
4476,7.455833,37.867
4477,7.457483,37.864
4478,7.45915,37.868
4479,7.460817,37.868
4480,7.462483,37.837
4481,7.46415,37.818
4482,7.465833,37.826
4483,7.467533,37.826
4484,7.46915,37.827
4485,7.470817,37.862
4486,7.472483,37.86
4487,7.47415,37.86
4488,7.475817,37.853
4489,7.477483,37.847
4490,7.47915,37.847
4491,7.480817,37.843
4492,7.482483,37.874
4493,7.48415,37.87
4494,7.485817,37.87
4495,7.487483,37.844
4496,7.48915,37.822
4497,7.490817,37.819
4498,7.492483,37.819
4499,7.49415,37.817
4500,7.495817,37.843
4501,7.497483,37.866
4502,7.49915,37.866
4503,7.500817,37.847
4504,7.502483,37.876
4505,7.50415,37.879
4506,7.505817,37.879
4507,7.507483,37.879
4508,7.50915,37.897
4509,7.510817,37.897
4510,7.512483,37.898
4511,7.514217,37.897
4512,7.5158,37.893
4513,7.517467,37.893
4514,7.519133,37.849
4515,7.5208,37.821
4516,7.522467,37.842
4517,7.524133,37.842
4518,7.5258,37.859
4519,7.527467,37.879
4520,7.529133,37.857
4521,7.530933,37.857
4522,7.532467,37.83
4523,7.534133,37.818
4524,7.5358,37.818
4525,7.537467,37.848
4526,7.539133,37.868
4527,7.540867,37.877
4528,7.542467,37.877
4529,7.544133,37.879
4530,7.5458,37.845
4531,7.547567,37.836
4532,7.549133,37.836
4533,7.5508,37.833
4534,7.552467,37.807
4535,7.554133,37.815
4536,7.5558,37.815
4537,7.557467,37.822
4538,7.559133,37.815
4539,7.5608,37.84
4540,7.562467,37.84
4541,7.564133,37.819
4542,7.5658,37.793
4543,7.567467,37.793
4544,7.569133,37.79
4545,7.5708,37.788
4546,7.572467,37.804
4547,7.574133,37.804
4548,7.575783,37.86
4549,7.57745,37.898
4550,7.579117,37.888
4551,7.5808,37.888
4552,7.58245,37.912
4553,7.584117,37.885
4554,7.585783,37.856
4555,7.58745,37.856
4556,7.589117,37.833
4557,7.590783,37.798
4558,7.59245,37.798
4559,7.594117,37.758
4560,7.595783,37.736
4561,7.59745,37.742
4562,7.599117,37.742
4563,7.600783,37.757
4564,7.602467,37.781
4565,7.604117,37.789
4566,7.605783,37.789
4567,7.60745,37.809
4568,7.609117,37.801
4569,7.610783,37.809
4570,7.61245,37.809
4571,7.614117,37.824
4572,7.615783,37.842
4573,7.61745,37.871
4574,7.619117,37.871
4575,7.620783,37.871
4576,7.62245,37.842
4577,7.624117,37.842
4578,7.625783,37.821
4579,7.62745,37.806
4580,7.629117,37.802
4581,7.630783,37.802
4582,7.6325,37.837
4583,7.634117,37.834
4584,7.635783,37.821
4585,7.637433,37.821
4586,7.6391,37.805
4587,7.640767,37.78
4588,7.642433,37.76
4589,7.6441,37.76
4590,7.645767,37.76
4591,7.647433,37.797
4592,7.649133,37.797
4593,7.650767,37.801
4594,7.652433,37.823
4595,7.6541,37.792
4596,7.655767,37.792
4597,7.657433,37.776
4598,7.6591,37.779
4599,7.660767,37.783
4600,7.662433,37.783
4601,7.6641,37.826
4602,7.665867,37.801
4603,7.667433,37.816
4604,7.6691,37.816
4605,7.670767,37.82
4606,7.672433,37.784
4607,7.6741,37.784
4608,7.675767,37.786
4609,7.677417,37.751
4610,7.6791,37.719
4611,7.68075,37.719
4612,7.682417,37.74
4613,7.684083,37.746
4614,7.68575,37.781
4615,7.687417,37.781
4616,7.689083,37.813
4617,7.69075,37.825
4618,7.692417,37.866
4619,7.694083,37.866
4620,7.69575,37.874
4621,7.6974,37.871
4622,7.699067,37.853
4623,7.700733,37.853
4624,7.7024,37.798
4625,7.704067,37.781
4626,7.705733,37.781
4627,7.7074,37.771
4628,7.709067,37.776
4629,7.710733,37.808
4630,7.7124,37.808
4631,7.714067,37.806
4632,7.715733,37.804
4633,7.7174,37.77
4634,7.719067,37.77
4635,7.720733,37.755
4636,7.7224,37.762
4637,7.724067,37.782
4638,7.725733,37.782
4639,7.7274,37.824
4640,7.729067,37.804
4641,7.730733,37.804
4642,7.7324,37.791
4643,7.734067,37.774
4644,7.735733,37.76
4645,7.7374,37.76
4646,7.739067,37.769
4647,7.740733,37.77
4648,7.7424,37.78
4649,7.744067,37.78
4650,7.745733,37.785
4651,7.7474,37.798
4652,7.749067,37.781
4653,7.750833,37.781
4654,7.7524,37.755
4655,7.754067,37.75
4656,7.755733,37.746
4657,7.757383,37.746
4658,7.75905,37.744
4659,7.760717,37.736
4660,7.762383,37.736
4661,7.76405,37.725
4662,7.765717,37.715
4663,7.767383,37.745
4664,7.76905,37.745
4665,7.770717,37.76
4666,7.772383,37.786
4667,7.77405,37.813
4668,7.775717,37.813
4669,7.777383,37.827
4670,7.77905,37.827
4671,7.780717,37.827
4672,7.782383,37.827
4673,7.78415,37.821
4674,7.785717,37.811
4675,7.787383,37.811
4676,7.78905,37.829
4677,7.790717,37.827
4678,7.792383,37.805
4679,7.79405,37.805
4680,7.795717,37.782
4681,7.797383,37.773
4682,7.79905,37.747
4683,7.800717,37.747
4684,7.802383,37.737
4685,7.80405,37.722
4686,7.805717,37.731
4687,7.807383,37.731
4688,7.80905,37.751
4689,7.810717,37.75
4690,7.812383,37.75
4691,7.81405,37.742
4692,7.815717,37.733
4693,7.817367,37.742
4694,7.819033,37.742
4695,7.8207,37.748
4696,7.822367,37.759
4697,7.824033,37.766
4698,7.825767,37.766
4699,7.827367,37.738
4700,7.829033,37.74
4701,7.8307,37.744
4702,7.832367,37.744
4703,7.834033,37.731
4704,7.8357,37.754
4705,7.837367,37.76
4706,7.839033,37.76
4707,7.8407,37.782
4708,7.842367,37.804
4709,7.844033,37.804
4710,7.8457,37.814
4711,7.847367,37.83
4712,7.849033,37.83
4713,7.8507,37.83
4714,7.852367,37.806
4715,7.854033,37.795
4716,7.8557,37.773
4717,7.857367,37.773
4718,7.859033,37.764
4719,7.8607,37.786
4720,7.862367,37.78
4721,7.864033,37.78
4722,7.8657,37.762
4723,7.867367,37.739
4724,7.869033,37.739
4725,7.8707,37.701
4726,7.872367,37.678
4727,7.874033,37.692
4728,7.8757,37.692
4729,7.87735,37.722
4730,7.879017,37.722
4731,7.880683,37.757
4732,7.88235,37.757
4733,7.884017,37.789
4734,7.88575,37.783
4735,7.88735,37.781
4736,7.889017,37.781
4737,7.890683,37.745
4738,7.89235,37.714
4739,7.894017,37.701
4740,7.895683,37.701
4741,7.89735,37.709
4742,7.899017,37.724
4743,7.900683,37.724
4744,7.90245,37.756
4745,7.904017,37.754
4746,7.905683,37.745
4747,7.90735,37.745
4748,7.909017,37.748
4749,7.910683,37.748
4750,7.91235,37.774
4751,7.914017,37.774
4752,7.915683,37.807
4753,7.91735,37.808
4754,7.919017,37.774
4755,7.920683,37.774
4756,7.92235,37.742
4757,7.924017,37.734
4758,7.925683,37.734
4759,7.92735,37.753
4760,7.929017,37.751
4761,7.930683,37.756
4762,7.93235,37.756
4763,7.934017,37.774
4764,7.935683,37.751
4765,7.937333,37.76
4766,7.939,37.76
4767,7.940667,37.784
4768,7.942333,37.748
4769,7.944,37.739
4770,7.945667,37.739
4771,7.947333,37.757
4772,7.949,37.73
4773,7.950667,37.758
4774,7.952333,37.758
4775,7.954,37.78
4776,7.955667,37.774
4777,7.957333,37.774
4778,7.959,37.78
4779,7.960667,37.742
4780,7.962333,37.723
4781,7.964033,37.723
4782,7.965683,37.707
4783,7.967333,37.716
4784,7.968983,37.742
4785,7.97065,37.742
4786,7.972317,37.747
4787,7.973983,37.74
4788,7.97565,37.71
4789,7.977317,37.71
4790,7.978983,37.701
4791,7.98065,37.684
4792,7.982317,37.684
4793,7.984,37.686
4794,7.98565,37.716
4795,7.987383,37.735
4796,7.988983,37.735
4797,7.99065,37.73
4798,7.992317,37.728
4799,7.993983,37.742
4800,7.99565,37.742
4801,7.9973,37.735
4802,7.998967,37.78
4803,8.000633000000001,37.801
4804,8.0023,37.801
4805,8.003966999999999,37.766
4806,8.005633,37.739
4807,8.007300000000001,37.739
4808,8.008967,37.724
4809,8.010633,37.716
4810,8.0123,37.765
4811,8.013966999999999,37.765
4812,8.015632999999999,37.792
4813,8.017300000000001,37.78
4814,8.018967,37.783
4815,8.02075,37.783
4816,8.0223,37.751
4817,8.023967000000001,37.729
4818,8.025632999999999,37.743
4819,8.0273,37.743
4820,8.028967,37.739
4821,8.030633,37.729
4822,8.032299999999999,37.728
4823,8.033967000000001,37.728
4824,8.035633000000001,37.71
4825,8.0373,37.704
4826,8.038967,37.704
4827,8.040633,37.687
4828,8.042299999999999,37.688
4829,8.044,37.691
4830,8.045633,37.691
4831,8.0473,37.71
4832,8.048966999999999,37.72
4833,8.050632999999999,37.755
4834,8.052300000000001,37.755
4835,8.053967,37.786
4836,8.055633,37.763
4837,8.057283,37.786
4838,8.058949999999999,37.786
4839,8.060617000000001,37.77
4840,8.062283000000001,37.739
4841,8.06395,37.739
4842,8.065617,37.76
4843,8.067283,37.745
4844,8.068949999999999,37.717
4845,8.070617,37.717
4846,8.072283000000001,37.734
4847,8.07395,37.746
4848,8.075616999999999,37.727
4849,8.077283,37.727
4850,8.078950000000001,37.764
4851,8.080617,37.751
4852,8.082283,37.739
4853,8.08395,37.739
4854,8.085616999999999,37.779
4855,8.087282999999999,37.75
4856,8.088950000000001,37.749
4857,8.090617,37.749
4858,8.092283,37.724
4859,8.09395,37.692
4860,8.095617000000001,37.692
4861,8.097282999999999,37.682
4862,8.09895,37.691
4863,8.100617,37.719
4864,8.102283,37.719
4865,8.103949999999999,37.725
4866,8.105667,37.731
4867,8.1073,37.718
4868,8.10895,37.718
4869,8.110617,37.689
4870,8.112283,37.677
4871,8.113950000000001,37.663
4872,8.115617,37.663
4873,8.117317,37.654
4874,8.118933,37.672
4875,8.1206,37.672
4876,8.122267000000001,37.676
4877,8.123932999999999,37.709
4878,8.1256,37.728
4879,8.127267,37.728
4880,8.128933,37.746
4881,8.130599999999999,37.783
4882,8.132267000000001,37.793
4883,8.133933000000001,37.793
4884,8.1356,37.814
4885,8.137267,37.806
4886,8.139049999999999,37.812
4887,8.140599999999999,37.812
4888,8.142267,37.815
4889,8.143933000000001,37.833
4890,8.1456,37.835
4891,8.147266999999999,37.835
4892,8.148933,37.799
4893,8.150600000000001,37.767
4894,8.152267,37.767
4895,8.153933,37.734
4896,8.1556,37.73
4897,8.157266999999999,37.762
4898,8.158932999999999,37.762
4899,8.160600000000001,37.76
4900,8.162267,37.739
4901,8.163933,37.722
4902,8.1656,37.722
4903,8.167267000000001,37.694
4904,8.168933000000001,37.693
4905,8.1706,37.704
4906,8.172267,37.704
4907,8.173933,37.731
4908,8.175599999999999,37.728
4909,8.177250000000001,37.728
4910,8.178917,37.729
4911,8.180583,37.717
4912,8.18225,37.69
4913,8.183916999999999,37.69
4914,8.185600000000001,37.713
4915,8.187250000000001,37.735
4916,8.188917,37.766
4917,8.190583,37.766
4918,8.19225,37.756
4919,8.193917000000001,37.739
4920,8.195582999999999,37.743
4921,8.19725,37.743
4922,8.198917,37.713
4923,8.200583,37.726
4924,8.202249999999999,37.721
4925,8.203917000000001,37.721
4926,8.205583000000001,37.725
4927,8.20725,37.762
4928,8.208917,37.762
4929,8.210583,37.786
4930,8.212267000000001,37.811
4931,8.213917,37.793
4932,8.215583000000001,37.793
4933,8.21725,37.761
4934,8.218916999999999,37.748
4935,8.220583,37.723
4936,8.222250000000001,37.723
4937,8.22395,37.689
4938,8.225583,37.68
4939,8.22725,37.655
4940,8.228916999999999,37.655
4941,8.230582999999999,37.645
4942,8.232250000000001,37.695
4943,8.233917,37.695
4944,8.235583,37.725
4945,8.237233,37.753
4946,8.238899999999999,37.76
4947,8.240567,37.76
4948,8.242233000000001,37.736
4949,8.2439,37.734
4950,8.245566999999999,37.71
4951,8.247233,37.71
4952,8.248900000000001,37.74
4953,8.250567,37.765
4954,8.252233,37.745
4955,8.2539,37.745
4956,8.255566999999999,37.745
4957,8.257350000000001,37.735
4958,8.258917,37.713
4959,8.26055,37.713
4960,8.262217,37.72
4961,8.263883,37.762
4962,8.265549999999999,37.762
4963,8.267217,37.744
4964,8.268883000000001,37.753
4965,8.27055,37.747
4966,8.272216999999999,37.747
4967,8.273883,37.734
4968,8.275550000000001,37.742
4969,8.277217,37.717
4970,8.278883,37.717
4971,8.28055,37.708
4972,8.282216999999999,37.687
4973,8.283882999999999,37.677
4974,8.285550000000001,37.677
4975,8.287217,37.666
4976,8.288883,37.649
4977,8.290566999999999,37.649
4978,8.292217000000001,37.627
4979,8.293882999999999,37.62
4980,8.295533000000001,37.659
4981,8.2972,37.659
4982,8.298867,37.667
4983,8.300533,37.674
4984,8.302199999999999,37.67
4985,8.303867,37.67
4986,8.305533,37.645
4987,8.3072,37.68
4988,8.308866999999999,37.707
4989,8.310533,37.707
4990,8.312200000000001,37.73
4991,8.313867,37.732
4992,8.315533,37.732
4993,8.3172,37.716
4994,8.318866999999999,37.715
4995,8.320532999999999,37.706
4996,8.3222,37.706
4997,8.323883,37.716
4998,8.325533,37.728
4999,8.327199999999999,37.704
5000,8.328867000000001,37.704
5001,8.330533000000001,37.709
5002,8.3322,37.727
5003,8.333867,37.707
5004,8.335533,37.707
5005,8.337199999999999,37.707
5006,8.338867,37.704
5007,8.340533000000001,37.686
5008,8.342217,37.686
5009,8.343866999999999,37.684
5010,8.345533,37.686
5011,8.347200000000001,37.686
5012,8.348867,37.664
5013,8.350533,37.649
5014,8.3522,37.64
5015,8.353866999999999,37.64
5016,8.355517000000001,37.636
5017,8.357182999999999,37.649
5018,8.358917,37.645
5019,8.360517,37.645
5020,8.362183,37.655
5021,8.363849999999999,37.663
5022,8.365517000000001,37.652
5023,8.367183000000001,37.652
5024,8.36885,37.642
5025,8.370517,37.643
5026,8.372183,37.643
5027,8.373849999999999,37.649
5028,8.375517,37.654
5029,8.377183,37.675
5030,8.37885,37.675
5031,8.380516999999999,37.662
5032,8.382182999999999,37.651
5033,8.383850000000001,37.635
5034,8.385517,37.635
5035,8.3872,37.66
5036,8.38885,37.674
5037,8.390516999999999,37.69
5038,8.392283000000001,37.69
5039,8.39385,37.742
5040,8.395517,37.748
5041,8.397183,37.744
5042,8.398849999999999,37.744
5043,8.400517000000001,37.725
5044,8.402200000000001,37.691
5045,8.40385,37.691
5046,8.405517,37.646
5047,8.407183,37.649
5048,8.408849999999999,37.684
5049,8.410517,37.684
5050,8.412183000000001,37.719
5051,8.41385,37.738
5052,8.415516999999999,37.738
5053,8.417166999999999,37.738
5054,8.418832999999999,37.733
5055,8.420500000000001,37.709
5056,8.422167,37.71
5057,8.423833,37.71
5058,8.4255,37.696
5059,8.427167000000001,37.665
5060,8.428832999999999,37.665
5061,8.4305,37.661
5062,8.432167,37.66
5063,8.433833,37.676
5064,8.435499999999999,37.676
5065,8.437167000000001,37.688
5066,8.438833000000001,37.71
5067,8.4405,37.712
5068,8.442167,37.712
5069,8.443833,37.716
5070,8.445499999999999,37.717
5071,8.447167,37.695
5072,8.448833,37.695
5073,8.4505,37.716
5074,8.452199999999999,37.704
5075,8.453832999999999,37.704
5076,8.455500000000001,37.734
5077,8.457167,37.755
5078,8.458833,37.749
5079,8.460516999999999,37.749
5080,8.462167000000001,37.744
5081,8.463832999999999,37.704
5082,8.4655,37.697
5083,8.467167,37.697
5084,8.468833,37.661
5085,8.470499999999999,37.654
5086,8.472167000000001,37.652
5087,8.473833000000001,37.652
5088,8.4755,37.628
5089,8.4772,37.638
5090,8.478816999999999,37.651
5091,8.480483,37.651
5092,8.482150000000001,37.64
5093,8.483817,37.64
5094,8.485483,37.64
5095,8.48715,37.641
5096,8.488816999999999,37.646
5097,8.490482999999999,37.68
5098,8.492150000000001,37.68
5099,8.493867,37.672
5100,8.495483,37.67
5101,8.49715,37.69
5102,8.498817000000001,37.69
5103,8.500482999999999,37.676
5104,8.50215,37.705
5105,8.503817,37.706
5106,8.505483,37.706
5107,8.507149999999999,37.678
5108,8.508817000000001,37.681
5109,8.510583,37.673
5110,8.51215,37.673
5111,8.513817,37.668
5112,8.515483,37.679
5113,8.517150000000001,37.679
5114,8.518817,37.677
5115,8.520483,37.666
5116,8.52215,37.685
5117,8.523816999999999,37.685
5118,8.525482999999999,37.668
5119,8.527150000000001,37.666
5120,8.528817,37.71
5121,8.530483,37.71
5122,8.53215,37.724
5123,8.533817000000001,37.736
5124,8.535467000000001,37.719
5125,8.537133000000001,37.719
5126,8.5388,37.685
5127,8.540483,37.659
5128,8.542133,37.659
5129,8.543799999999999,37.64
5130,8.545500000000001,37.695
5131,8.547133000000001,37.698
5132,8.5488,37.698
5133,8.550466999999999,37.679
5134,8.552117000000001,37.686
5135,8.553782999999999,37.667
5136,8.55545,37.667
5137,8.557117,37.649
5138,8.558783,37.667
5139,8.560449999999999,37.658
5140,8.562132999999999,37.658
5141,8.563783000000001,37.64
5142,8.56545,37.649
5143,8.567117,37.649
5144,8.568783,37.645
5145,8.570449999999999,37.683
5146,8.572132999999999,37.705
5147,8.573783000000001,37.705
5148,8.57545,37.706
5149,8.577116999999999,37.748
5150,8.578783,37.728
5151,8.580450000000001,37.728
5152,8.582117,37.697
5153,8.583783,37.726
5154,8.58545,37.714
5155,8.587116999999999,37.714
5156,8.588782999999999,37.705
5157,8.590450000000001,37.703
5158,8.592117,37.703
5159,8.593783,37.667
5160,8.595466999999999,37.634
5161,8.597099999999999,37.65
5162,8.598767,37.65
5163,8.600433000000001,37.678
5164,8.6021,37.692
5165,8.603766999999999,37.7
5166,8.605433,37.7
5167,8.607100000000001,37.669
5168,8.608767,37.631
5169,8.610433,37.601
5170,8.612216999999999,37.601
5171,8.613766999999999,37.596
5172,8.615432999999999,37.6
5173,8.617100000000001,37.625
5174,8.618767,37.625
5175,8.620433,37.683
5176,8.6221,37.724
5177,8.623767000000001,37.724
5178,8.625432999999999,37.745
5179,8.6271,37.736
5180,8.6288,37.716
5181,8.630433,37.716
5182,8.632099999999999,37.682
5183,8.633767000000001,37.681
5184,8.635433000000001,37.681
5185,8.6371,37.681
5186,8.638767,37.663
5187,8.640433,37.69
5188,8.642099999999999,37.695
5189,8.643767,37.695
5190,8.645433000000001,37.702
5191,8.6471,37.703
5192,8.648766999999999,37.703
5193,8.650433,37.642
5194,8.652100000000001,37.593
5195,8.653767,37.576
5196,8.655433,37.576
5197,8.657083,37.583
5198,8.65875,37.628
5199,8.660417000000001,37.648
5200,8.662083000000001,37.648
5201,8.66375,37.656
5202,8.665417,37.639
5203,8.667083,37.616
5204,8.668749999999999,37.616
5205,8.670417,37.646
5206,8.672083000000001,37.64
5207,8.67375,37.643
5208,8.675416999999999,37.643
5209,8.677083,37.643
5210,8.678750000000001,37.601
5211,8.680417,37.601
5212,8.682083,37.631
5213,8.683767,37.62
5214,8.685433,37.61
5215,8.687082999999999,37.61
5216,8.688750000000001,37.631
5217,8.690417,37.611
5218,8.692083,37.625
5219,8.69375,37.625
5220,8.695417000000001,37.657
5221,8.697082999999999,37.651
5222,8.69875,37.634
5223,8.700417,37.634
5224,8.702083,37.654
5225,8.703749999999999,37.637
5226,8.705417000000001,37.637
5227,8.707083000000001,37.635
5228,8.70875,37.66
5229,8.710417,37.633
5230,8.712083,37.633
5231,8.713733,37.631
5232,8.715417,37.645
5233,8.717067,37.628
5234,8.718733,37.628
5235,8.7204,37.631
5236,8.722066999999999,37.65
5237,8.723732999999999,37.656
5238,8.7254,37.656
5239,8.727067,37.662
5240,8.728733,37.695
5241,8.730399999999999,37.686
5242,8.732067000000001,37.686
5243,8.733733000000001,37.687
5244,8.7354,37.675
5245,8.737067,37.675
5246,8.738733,37.64
5247,8.740399999999999,37.634
5248,8.742067,37.635
5249,8.743733000000001,37.635
5250,8.7454,37.626
5251,8.7471,37.634
5252,8.748733,37.62
5253,8.750400000000001,37.62
5254,8.752067,37.605
5255,8.753733,37.657
5256,8.7554,37.652
5257,8.757066999999999,37.652
5258,8.758732999999999,37.672
5259,8.760400000000001,37.672
5260,8.762067,37.672
5261,8.7638,37.643
5262,8.7654,37.652
5263,8.767067000000001,37.681
5264,8.768732999999999,37.681
5265,8.7704,37.695
5266,8.772067,37.687
5267,8.773733,37.675
5268,8.775399999999999,37.675
5269,8.777049999999999,37.655
5270,8.778717,37.656
5271,8.780383,37.657
5272,8.78205,37.657
5273,8.783716999999999,37.663
5274,8.785382999999999,37.647
5275,8.787050000000001,37.625
5276,8.788717,37.625
5277,8.7904,37.616
5278,8.79205,37.6
5279,8.793716999999999,37.6
5280,8.795382999999999,37.595
5281,8.79705,37.591
5282,8.798717,37.593
5283,8.800383,37.593
5284,8.802049999999999,37.592
5285,8.803717000000001,37.599
5286,8.805383000000001,37.634
5287,8.80705,37.634
5288,8.808717,37.616
5289,8.810383,37.608
5290,8.812049999999999,37.608
5291,8.813717,37.608
5292,8.815383000000001,37.595
5293,8.81705,37.626
5294,8.818716999999999,37.626
5295,8.820383,37.654
5296,8.822050000000001,37.669
5297,8.823717,37.654
5298,8.825383,37.654
5299,8.82705,37.642
5300,8.828733,37.639
5301,8.830382999999999,37.617
5302,8.832100000000001,37.617
5303,8.833733000000001,37.606
5304,8.835367,37.616
5305,8.837033,37.581
5306,8.838699999999999,37.581
5307,8.840367000000001,37.597
5308,8.842033000000001,37.617
5309,8.843683,37.617
5310,8.84535,37.622
5311,8.847016999999999,37.684
5312,8.848682999999999,37.659
5313,8.850350000000001,37.659
5314,8.852017,37.647
5315,8.853683,37.636
5316,8.85535,37.594
5317,8.857017000000001,37.594
5318,8.858682999999999,37.596
5319,8.86035,37.609
5320,8.862017,37.611
5321,8.863683,37.611
5322,8.865467000000001,37.625
5323,8.867017000000001,37.647
5324,8.868683000000001,37.636
5325,8.87035,37.636
5326,8.872017,37.673
5327,8.873683,37.678
5328,8.875349999999999,37.678
5329,8.877017,37.666
5330,8.878683000000001,37.683
5331,8.88035,37.643
5332,8.882016999999999,37.643
5333,8.883683,37.619
5334,8.885350000000001,37.625
5335,8.887017,37.621
5336,8.888683,37.621
5337,8.89035,37.635
5338,8.892016999999999,37.646
5339,8.893682999999999,37.621
5340,8.895333000000001,37.621
5341,8.897,37.586
5342,8.898667,37.573
5343,8.900333,37.573
5344,8.901999999999999,37.557
5345,8.903667,37.582
5346,8.905333000000001,37.627
5347,8.907,37.627
5348,8.9087,37.622
5349,8.910333,37.647
5350,8.912000000000001,37.625
5351,8.913667,37.625
5352,8.915333,37.631
5353,8.917,37.654
5354,8.918666999999999,37.663
5355,8.920332999999999,37.663
5356,8.922000000000001,37.707
5357,8.923667,37.728
5358,8.925333,37.751
5359,8.927,37.751
5360,8.928667000000001,37.775
5361,8.930332999999999,37.75
5362,8.932,37.75
5363,8.933667,37.708
5364,8.935333,37.662
5365,8.936999999999999,37.622
5366,8.938667000000001,37.622
5367,8.940333000000001,37.66
5368,8.942,37.665
5369,8.943667,37.639
5370,8.945333,37.639
5371,8.946999999999999,37.637
5372,8.948667,37.581
5373,8.9504,37.573
5374,8.952,37.573
5375,8.953666999999999,37.58
5376,8.955333,37.607
5377,8.956982999999999,37.607
5378,8.95865,37.618
5379,8.960317,37.635
5380,8.961983,37.675
5381,8.963649999999999,37.675
5382,8.965332999999999,37.626
5383,8.966983000000001,37.637
5384,8.96865,37.602
5385,8.970317,37.602
5386,8.971983,37.578
5387,8.973649999999999,37.605
5388,8.975317,37.603
5389,8.976983000000001,37.603
5390,8.97865,37.619
5391,8.980333,37.629
5392,8.982049999999999,37.634
5393,8.983767,37.634
5394,8.985317,37.608
5395,8.986983,37.6
5396,8.98865,37.6
5397,8.990316999999999,37.596
5398,8.991982999999999,37.595
5399,8.993650000000001,37.59
5400,8.995317,37.59
5401,8.996983,37.611
5402,8.99865,37.61
5403,9.000317000000001,37.599
5404,9.001982999999999,37.599
5405,9.00365,37.614
5406,9.005317,37.596
5407,9.006983,37.615
5408,9.008649999999999,37.615
5409,9.010317000000001,37.614
5410,9.011983000000001,37.629
5411,9.01365,37.629
5412,9.015317,37.656
5413,9.016966999999999,37.647
5414,9.018632999999999,37.649
5415,9.020300000000001,37.649
5416,9.021967,37.636
5417,9.023633,37.631
5418,9.0253,37.613
5419,9.026967000000001,37.613
5420,9.028632999999999,37.602
5421,9.0303,37.596
5422,9.031967,37.596
5423,9.033633,37.596
5424,9.035299999999999,37.633
5425,9.036967000000001,37.651
5426,9.038633000000001,37.651
5427,9.0403,37.66
5428,9.041967,37.627
5429,9.043633,37.6
5430,9.045299999999999,37.6
5431,9.046983000000001,37.59
5432,9.048633000000001,37.594
5433,9.0503,37.611
5434,9.051966999999999,37.611
5435,9.053633,37.604
5436,9.055300000000001,37.612
5437,9.056967,37.61
5438,9.058633,37.61
5439,9.0603,37.616
5440,9.061966999999999,37.628
5441,9.063632999999999,37.625
5442,9.065300000000001,37.625
5443,9.066967,37.643
5444,9.068667,37.657
5445,9.0703,37.657
5446,9.071967000000001,37.684
5447,9.073632999999999,37.695
5448,9.075283000000001,37.673
5449,9.07695,37.673
5450,9.078616999999999,37.672
5451,9.080283,37.621
5452,9.081950000000001,37.588
5453,9.083617,37.588
5454,9.08535,37.586
5455,9.08695,37.58
5456,9.088616999999999,37.596
5457,9.090282999999999,37.596
5458,9.091950000000001,37.601
5459,9.093617,37.615
5460,9.095283,37.615
5461,9.09695,37.614
5462,9.098617000000001,37.623
5463,9.100282999999999,37.645
5464,9.102067,37.645
5465,9.103617,37.659
5466,9.105283,37.646
5467,9.106949999999999,37.649
5468,9.108617000000001,37.649
5469,9.110283000000001,37.674
5470,9.11195,37.654
5471,9.113617,37.673
5472,9.115283,37.673
5473,9.116949999999999,37.672
5474,9.118617,37.634
5475,9.120283000000001,37.628
5476,9.12195,37.628
5477,9.123633,37.622
5478,9.125283,37.607
5479,9.126950000000001,37.607
5480,9.128617,37.619
5481,9.130283,37.622
5482,9.13195,37.608
5483,9.133616999999999,37.608
5484,9.135249999999999,37.58
5485,9.136917,37.564
5486,9.138583000000001,37.552
5487,9.140267,37.552
5488,9.141916999999999,37.561
5489,9.143583,37.59
5490,9.145250000000001,37.604
5491,9.146917,37.604
5492,9.148583,37.629
5493,9.15025,37.61
5494,9.151933,37.61
5495,9.153582999999999,37.643
5496,9.155250000000001,37.653
5497,9.156917,37.644
5498,9.158583,37.644
5499,9.16025,37.659
5500,9.161917000000001,37.628
5501,9.163582999999999,37.62
5502,9.16525,37.62
5503,9.166917,37.597
5504,9.168583,37.592
5505,9.170249999999999,37.57
5506,9.171917000000001,37.57
5507,9.173583000000001,37.567
5508,9.17525,37.567
5509,9.176917,37.561
5510,9.178583,37.561
5511,9.180249999999999,37.577
5512,9.181917,37.581
5513,9.183583,37.581
5514,9.18525,37.593
5515,9.186966999999999,37.597
5516,9.188583,37.603
5517,9.190250000000001,37.603
5518,9.191933000000001,37.567
5519,9.193583,37.584
5520,9.195233,37.586
5521,9.196899999999999,37.586
5522,9.198567000000001,37.557
5523,9.200233000000001,37.569
5524,9.2019,37.559
5525,9.203666999999999,37.559
5526,9.205233,37.566
5527,9.206899999999999,37.587
5528,9.208567,37.587
5529,9.210233000000001,37.634
5530,9.2119,37.632
5531,9.213566999999999,37.623
5532,9.215233,37.623
5533,9.216900000000001,37.606
5534,9.218567,37.581
5535,9.220333,37.578
5536,9.2219,37.578
5537,9.223566999999999,37.586
5538,9.225232999999999,37.6
5539,9.226900000000001,37.599
5540,9.228567,37.599
5541,9.230233,37.59
5542,9.2319,37.596
5543,9.233567000000001,37.596
5544,9.235232999999999,37.567
5545,9.237017,37.549
5546,9.238567,37.558
5547,9.24025,37.558
5548,9.241899999999999,37.575
5549,9.243567000000001,37.59
5550,9.245233000000001,37.592
5551,9.2469,37.592
5552,9.248567,37.6
5553,9.250233,37.565
5554,9.251899999999999,37.595
5555,9.253550000000001,37.595
5556,9.255233,37.609
5557,9.256883,37.611
5558,9.25855,37.625
5559,9.260217000000001,37.625
5560,9.261882999999999,37.592
5561,9.26355,37.582
5562,9.265217,37.582
5563,9.2669,37.582
5564,9.268549999999999,37.608
5565,9.270217000000001,37.666
5566,9.271883000000001,37.666
5567,9.27355,37.718
5568,9.275217,37.693
5569,9.276883,37.639
5570,9.278549999999999,37.639
5571,9.280217,37.587
5572,9.281883000000001,37.549
5573,9.28355,37.546
5574,9.285216999999999,37.546
5575,9.286883,37.548
5576,9.288550000000001,37.569
5577,9.290217,37.569
5578,9.291883,37.59
5579,9.29355,37.626
5580,9.295216999999999,37.631
5581,9.296882999999999,37.631
5582,9.298550000000001,37.64
5583,9.300217,37.623
5584,9.301883,37.606
5585,9.30355,37.606
5586,9.305217000000001,37.631
5587,9.306882999999999,37.619
5588,9.30855,37.593
5589,9.310217,37.593
5590,9.311883,37.566
5591,9.313549999999999,37.539
5592,9.315232999999999,37.533
5593,9.316917,37.533
5594,9.318533,37.56
5595,9.3202,37.574
5596,9.321949999999999,37.574
5597,9.323532999999999,37.559
5598,9.325200000000001,37.534
5599,9.326867,37.523
5600,9.328533,37.523
5601,9.3302,37.554
5602,9.331867000000001,37.601
5603,9.333532999999999,37.603
5604,9.335217,37.603
5605,9.336867,37.589
5606,9.338633,37.581
5607,9.340199999999999,37.558
5608,9.341867000000001,37.558
5609,9.343533000000001,37.588
5610,9.3452,37.623
5611,9.346867,37.623
5612,9.348533,37.611
5613,9.350199999999999,37.62
5614,9.351867,37.612
5615,9.353533000000001,37.612
5616,9.355316999999999,37.625
5617,9.356866999999999,37.666
5618,9.358533,37.698
5619,9.360200000000001,37.698
5620,9.361867,37.701
5621,9.363533,37.67
5622,9.3652,37.637
5623,9.366866999999999,37.637
5624,9.368532999999999,37.605
5625,9.370200000000001,37.608
5626,9.371867,37.616
5627,9.373533,37.616
5628,9.375183,37.597
5629,9.376849999999999,37.601
5630,9.378517,37.601
5631,9.380183000000001,37.6
5632,9.38185,37.582
5633,9.383516999999999,37.57
5634,9.385183,37.57
5635,9.386850000000001,37.576
5636,9.388517,37.572
5637,9.390183,37.592
5638,9.39185,37.592
5639,9.393516999999999,37.618
5640,9.395182999999999,37.592
5641,9.396850000000001,37.599
5642,9.398517,37.599
5643,9.400183,37.565
5644,9.401866999999999,37.538
5645,9.403532999999999,37.538
5646,9.405182999999999,37.54
5647,9.40685,37.528
5648,9.408517,37.547
5649,9.410183,37.547
5650,9.411849999999999,37.561
5651,9.413517000000001,37.573
5652,9.415183000000001,37.6
5653,9.41685,37.6
5654,9.418517,37.608
5655,9.420183,37.598
5656,9.421867000000001,37.576
5657,9.423517,37.576
5658,9.425167,37.537
5659,9.426833,37.535
5660,9.4285,37.535
5661,9.430167000000001,37.556
5662,9.431832999999999,37.591
5663,9.4335,37.613
5664,9.43515,37.613
5665,9.436817,37.587
5666,9.438483,37.566
5667,9.440182999999999,37.558
5668,9.441817,37.558
5669,9.443483000000001,37.555
5670,9.44515,37.581
5671,9.446816999999999,37.621
5672,9.448483,37.621
5673,9.450150000000001,37.639
5674,9.451817,37.637
5675,9.453483,37.637
5676,9.45515,37.637
5677,9.456833,37.596
5678,9.458482999999999,37.572
5679,9.460150000000001,37.572
5680,9.461817,37.572
5681,9.463483,37.559
5682,9.46515,37.584
5683,9.466817000000001,37.584
5684,9.468483000000001,37.581
5685,9.47015,37.579
5686,9.471817,37.595
5687,9.473583,37.595
5688,9.475149999999999,37.593
5689,9.476817,37.625
5690,9.4785,37.635
5691,9.4802,37.635
5692,9.481816999999999,37.631
5693,9.483483,37.628
5694,9.485150000000001,37.628
5695,9.486817,37.61
5696,9.488483,37.606
5697,9.49015,37.602
5698,9.491816999999999,37.602
5699,9.493482999999999,37.609
5700,9.495150000000001,37.619
5701,9.4968,37.609
5702,9.498467,37.609
5703,9.500133,37.588
5704,9.501799999999999,37.598
5705,9.503467000000001,37.559
5706,9.505133000000001,37.559
5707,9.5068,37.552
5708,9.508467,37.564
5709,9.510133,37.547
5710,9.511799999999999,37.547
5711,9.513467,37.566
5712,9.515133000000001,37.563
5713,9.5168,37.563
5714,9.518466999999999,37.555
5715,9.520133,37.537
5716,9.521800000000001,37.495
5717,9.523467,37.495
5718,9.525133,37.497
5719,9.5268,37.511
5720,9.528466999999999,37.514
5721,9.530132999999999,37.514
5722,9.5318,37.552
5723,9.533467,37.567
5724,9.535133,37.537
5725,9.536799999999999,37.537
5726,9.538467000000001,37.523
5727,9.540133000000001,37.493
5728,9.5418,37.493
5729,9.543467,37.493
5730,9.545133,37.528
5731,9.546799999999999,37.564
5732,9.548467,37.564
5733,9.550133000000001,37.599
5734,9.5518,37.574
5735,9.553466999999999,37.546
5736,9.555133,37.546
5737,9.556782999999999,37.535
5738,9.558467,37.514
5739,9.560117,37.523
5740,9.561783,37.523
5741,9.56345,37.526
5742,9.565117000000001,37.515
5743,9.566782999999999,37.535
5744,9.56845,37.535
5745,9.570117,37.526
5746,9.571783,37.531
5747,9.573449999999999,37.531
5748,9.575117000000001,37.541
5749,9.576783000000001,37.531
5750,9.57845,37.555
5751,9.580117,37.555
5752,9.581783,37.555
5753,9.583449999999999,37.535
5754,9.585117,37.549
5755,9.586783,37.549
5756,9.58845,37.543
5757,9.590116999999999,37.551
5758,9.591900000000001,37.56
5759,9.593450000000001,37.56
5760,9.595117,37.543
5761,9.5968,37.532
5762,9.59845,37.532
5763,9.600116999999999,37.522
5764,9.601782999999999,37.512
5765,9.60345,37.505
5766,9.605117,37.505
5767,9.606783,37.509
5768,9.608449999999999,37.514
5769,9.610117000000001,37.523
5770,9.611783000000001,37.523
5771,9.61345,37.518
5772,9.6151,37.505
5773,9.616766999999999,37.494
5774,9.618433,37.494
5775,9.620100000000001,37.511
5776,9.6218,37.532
5777,9.623433,37.532
5778,9.6251,37.561
5779,9.626766999999999,37.587
5780,9.628432999999999,37.571
5781,9.630100000000001,37.571
5782,9.631767,37.552
5783,9.633433,37.552
5784,9.6351,37.549
5785,9.636767000000001,37.549
5786,9.638432999999999,37.585
5787,9.6401,37.622
5788,9.641767,37.616
5789,9.643433,37.616
5790,9.645099999999999,37.603
5791,9.646782999999999,37.587
5792,9.648433000000001,37.561
5793,9.6501,37.561
5794,9.651767,37.564
5795,9.653433,37.581
5796,9.655099999999999,37.581
5797,9.656767,37.619
5798,9.658433,37.625
5799,9.6601,37.656
5800,9.661766999999999,37.656
5801,9.663432999999999,37.649
5802,9.665100000000001,37.589
5803,9.666767,37.575
5804,9.668433,37.575
5805,9.6701,37.514
5806,9.671766999999999,37.494
5807,9.673432999999999,37.502
5808,9.6751,37.502
5809,9.676817,37.533
5810,9.678417,37.534
5811,9.680083,37.534
5812,9.681749999999999,37.526
5813,9.683417,37.524
5814,9.685083000000001,37.492
5815,9.68675,37.492
5816,9.68845,37.487
5817,9.690083,37.494
5818,9.691750000000001,37.502
5819,9.693417,37.502
5820,9.695083,37.528
5821,9.69675,37.55
5822,9.698416999999999,37.561
5823,9.700082999999999,37.561
5824,9.701750000000001,37.55
5825,9.703417,37.508
5826,9.705083,37.52
5827,9.70675,37.52
5828,9.708417000000001,37.508
5829,9.710133000000001,37.502
5830,9.71175,37.502
5831,9.713417,37.543
5832,9.715083,37.531
5833,9.716733,37.567
5834,9.718400000000001,37.567
5835,9.720067,37.587
5836,9.721733,37.592
5837,9.7234,37.581
5838,9.725066999999999,37.581
5839,9.726732999999999,37.553
5840,9.728400000000001,37.537
5841,9.730067,37.524
5842,9.731733,37.524
5843,9.7334,37.522
5844,9.735049999999999,37.564
5845,9.736750000000001,37.564
5846,9.738383000000001,37.564
5847,9.74005,37.573
5848,9.741717,37.605
5849,9.743383,37.605
5850,9.745050000000001,37.561
5851,9.746717,37.556
5852,9.748383,37.554
5853,9.75005,37.554
5854,9.751716999999999,37.566
5855,9.753382999999999,37.57
5856,9.755050000000001,37.584
5857,9.756717,37.584
5858,9.758417,37.564
5859,9.76005,37.554
5860,9.761717000000001,37.567
5861,9.763382999999999,37.567
5862,9.76505,37.582
5863,9.766717,37.603
5864,9.768383,37.603
5865,9.770049999999999,37.574
5866,9.771732999999999,37.563
5867,9.773383000000001,37.538
5868,9.77505,37.538
5869,9.776717,37.512
5870,9.778383,37.543
5871,9.780049999999999,37.564
5872,9.781717,37.564
5873,9.783383000000001,37.58
5874,9.78505,37.59
5875,9.786716999999999,37.543
5876,9.788383,37.543
5877,9.790050000000001,37.518
5878,9.791717,37.476
5879,9.793383,37.476
5880,9.7951,37.458
5881,9.7967,37.482
5882,9.798367000000001,37.469
5883,9.800033000000001,37.469
5884,9.8017,37.484
5885,9.803367,37.485
5886,9.805033,37.462
5887,9.806699999999999,37.462
5888,9.808367000000001,37.464
5889,9.810033000000001,37.454
5890,9.8117,37.464
5891,9.813367,37.464
5892,9.815033,37.47
5893,9.816717000000001,37.511
5894,9.818367,37.511
5895,9.820033,37.508
5896,9.8217,37.506
5897,9.823366999999999,37.524
5898,9.825032999999999,37.524
5899,9.826700000000001,37.497
5900,9.8284,37.541
5901,9.830033,37.543
5902,9.8317,37.543
5903,9.833367000000001,37.554
5904,9.835032999999999,37.552
5905,9.8367,37.505
5906,9.838367,37.505
5907,9.840033,37.5
5908,9.841699999999999,37.463
5909,9.843367000000001,37.456
5910,9.845033000000001,37.456
5911,9.8467,37.493
5912,9.848367,37.505
5913,9.850033,37.505
5914,9.851699999999999,37.54
5915,9.853367,37.54
5916,9.855017,37.554
5917,9.856683,37.554
5918,9.85835,37.567
5919,9.860016999999999,37.54
5920,9.861682999999999,37.559
5921,9.863350000000001,37.559
5922,9.865017,37.546
5923,9.866683,37.544
5924,9.86835,37.561
5925,9.870017000000001,37.561
5926,9.871683000000001,37.574
5927,9.87335,37.591
5928,9.875017,37.591
5929,9.876683,37.599
5930,9.878349999999999,37.602
5931,9.880017,37.564
5932,9.881683000000001,37.564
5933,9.88335,37.538
5934,9.885016999999999,37.508
5935,9.886683,37.489
5936,9.888350000000001,37.489
5937,9.890017,37.513
5938,9.891683,37.508
5939,9.89335,37.503
5940,9.895033,37.503
5941,9.896682999999999,37.515
5942,9.898367,37.52
5943,9.900017,37.505
5944,9.901683,37.505
5945,9.90335,37.5
5946,9.905017000000001,37.482
5947,9.906682999999999,37.482
5948,9.90835,37.467
5949,9.910017,37.476
5950,9.911683,37.511
5951,9.913366999999999,37.511
5952,9.914999999999999,37.522
5953,9.916667,37.542
5954,9.918333000000001,37.549
5955,9.92,37.549
5956,9.921666999999999,37.532
5957,9.923333,37.523
5958,9.925000000000001,37.523
5959,9.926667,37.523
5960,9.928333,37.52
5961,9.930099999999999,37.514
5962,9.931666999999999,37.514
5963,9.933332999999999,37.514
5964,9.935,37.5
5965,9.936667,37.488
5966,9.938333,37.488
5967,9.94,37.49
5968,9.941667000000001,37.494
5969,9.943333000000001,37.507
5970,9.945,37.507
5971,9.946766999999999,37.542
5972,9.948333,37.532
5973,9.949999999999999,37.515
5974,9.951667,37.515
5975,9.953333000000001,37.477
5976,9.955,37.471
5977,9.956666999999999,37.497
5978,9.958333,37.497
5979,9.960000000000001,37.505
5980,9.961667,37.54
5981,9.963333,37.54
5982,9.965,37.542
5983,9.966666999999999,37.517
5984,9.968332999999999,37.532
5985,9.970000000000001,37.532
5986,9.971667,37.505
5987,9.973333,37.481
5988,9.97505,37.491
5989,9.976649999999999,37.491
5990,9.978317000000001,37.479
5991,9.979983000000001,37.501
5992,9.98165,37.5
5993,9.983317,37.5
5994,9.984983,37.476
5995,9.986649999999999,37.476
5996,9.988317,37.476
5997,9.989983000000001,37.465
5998,9.99165,37.467
5999,9.993316999999999,37.463
6000,9.994983,37.463
6001,9.996650000000001,37.453
6002,9.998317,37.444
6003,10,37.451
6004,10.00165,37.451
6005,10.003317,37.491
6006,10.004983,37.516
6007,10.00665,37.538
6008,10.0083,37.538
6009,10.009967,37.559
6010,10.011633,37.546
6011,10.0133,37.546
6012,10.014967,37.529
6013,10.016633,37.535
6014,10.0183,37.499
6015,10.019967,37.499
6016,10.021633,37.497
6017,10.0233,37.505
6018,10.024967,37.488
6019,10.026633,37.488
6020,10.0283,37.512
6021,10.029967,37.541
6022,10.03165,37.557
6023,10.0333,37.557
6024,10.034967,37.535
6025,10.036617,37.509
6026,10.038283,37.487
6027,10.03995,37.487
6028,10.041617,37.5
6029,10.043283,37.544
6030,10.044967,37.544
6031,10.046667,37.54
6032,10.048383,37.533
6033,10.04995,37.514
6034,10.051617,37.514
6035,10.053283,37.488
6036,10.05495,37.5
6037,10.056617,37.5
6038,10.058283,37.5
6039,10.05995,37.482
6040,10.061617,37.479
6041,10.063283,37.465
6042,10.06505,37.465
6043,10.066617,37.462
6044,10.068283,37.467
6045,10.06995,37.467
6046,10.071617,37.472
6047,10.073283,37.5
6048,10.07495,37.508
6049,10.076617,37.508
6050,10.078283,37.51
6051,10.07995,37.491
6052,10.081733,37.459
6053,10.083283,37.459
6054,10.08495,37.452
6055,10.086617,37.454
6056,10.088283,37.442
6057,10.08995,37.442
6058,10.091617,37.463
6059,10.093283,37.499
6060,10.094933,37.497
6061,10.0966,37.497
6062,10.098267,37.49
6063,10.099933,37.491
6064,10.1016,37.491
6065,10.103267,37.488
6066,10.104933,37.532
6067,10.1066,37.591
6068,10.108267,37.591
6069,10.109933,37.591
6070,10.1116,37.574
6071,10.113267,37.553
6072,10.114933,37.553
6073,10.116633,37.535
6074,10.1183,37.558
6075,10.119933,37.546
6076,10.1216,37.546
6077,10.123267,37.511
6078,10.124933,37.503
6079,10.1266,37.503
6080,10.128267,37.48
6081,10.129933,37.482
6082,10.1316,37.479
6083,10.133267,37.479
6084,10.134933,37.502
6085,10.1366,37.526
6086,10.138267,37.523
6087,10.139933,37.523
6088,10.1416,37.531
6089,10.143267,37.508
6090,10.144933,37.467
6091,10.1466,37.467
6092,10.148267,37.446
6093,10.149933,37.441
6094,10.1516,37.421
6095,10.153267,37.421
6096,10.154917,37.421
6097,10.156583,37.429
6098,10.15825,37.429
6099,10.159917,37.414
6100,10.161583,37.432
6101,10.16325,37.476
6102,10.164917,37.476
6103,10.166633,37.497
6104,10.16825,37.543
6105,10.169917,37.542
6106,10.171583,37.542
6107,10.17325,37.503
6108,10.174933,37.492
6109,10.176583,37.474
6110,10.17825,37.474
6111,10.179917,37.474
6112,10.181583,37.494
6113,10.1833,37.494
6114,10.184917,37.511
6115,10.186583,37.494
6116,10.18825,37.497
6117,10.18995,37.497
6118,10.191583,37.469
6119,10.19325,37.467
6120,10.194917,37.508
6121,10.196583,37.508
6122,10.19825,37.539
6123,10.200017,37.575
6124,10.201583,37.583
6125,10.20325,37.583
6126,10.204917,37.545
6127,10.206583,37.523
6128,10.20825,37.523
6129,10.209917,37.507
6130,10.211583,37.52
6131,10.21325,37.569
6132,10.2149,37.569
6133,10.216567,37.557
6134,10.218233,37.583
6135,10.2199,37.541
6136,10.221567,37.541
6137,10.223233,37.532
6138,10.2249,37.538
6139,10.226567,37.502
6140,10.228233,37.502
6141,10.2299,37.515
6142,10.231567,37.5
6143,10.233233,37.48
6144,10.2349,37.48
6145,10.236567,37.485
6146,10.238233,37.475
6147,10.2399,37.475
6148,10.241567,37.467
6149,10.243233,37.506
6150,10.2449,37.5
6151,10.246567,37.5
6152,10.248233,37.536
6153,10.2499,37.564
6154,10.251567,37.573
6155,10.253233,37.573
6156,10.2549,37.564
6157,10.256567,37.527
6158,10.258233,37.478
6159,10.2599,37.478
6160,10.261567,37.445
6161,10.263233,37.471
6162,10.2649,37.471
6163,10.266567,37.484
6164,10.268233,37.493
6165,10.2699,37.519
6166,10.271567,37.519
6167,10.273233,37.536
6168,10.2749,37.526
6169,10.27655,37.565
6170,10.278217,37.565
6171,10.279883,37.54
6172,10.28155,37.517
6173,10.283217,37.535
6174,10.2849,37.535
6175,10.28655,37.508
6176,10.288217,37.511
6177,10.289883,37.494
6178,10.29155,37.494
6179,10.293217,37.479
6180,10.294883,37.478
6181,10.29655,37.478
6182,10.298217,37.478
6183,10.299867,37.479
6184,10.301567,37.47
6185,10.3032,37.47
6186,10.304867,37.48
6187,10.306533,37.451
6188,10.3082,37.454
6189,10.309867,37.454
6190,10.311533,37.451
6191,10.3132,37.42
6192,10.314867,37.445
6193,10.316533,37.445
6194,10.3183,37.451
6195,10.319867,37.482
6196,10.321533,37.482
6197,10.3232,37.494
6198,10.324867,37.508
6199,10.326533,37.516
6200,10.3282,37.516
6201,10.329867,37.481
6202,10.331533,37.471
6203,10.3332,37.47
6204,10.334867,37.47
6205,10.336517,37.471
6206,10.338183,37.483
6207,10.33985,37.496
6208,10.341533,37.496
6209,10.343233,37.491
6210,10.34485,37.455
6211,10.346517,37.473
6212,10.348183,37.473
6213,10.349867,37.49
6214,10.351517,37.479
6215,10.353183,37.479
6216,10.35485,37.521
6217,10.356517,37.508
6218,10.358183,37.48
6219,10.35985,37.48
6220,10.361517,37.494
6221,10.363183,37.471
6222,10.36485,37.47
6223,10.366517,37.47
6224,10.368183,37.499
6225,10.36985,37.52
6226,10.371517,37.526
6227,10.373183,37.526
6228,10.37485,37.514
6229,10.376517,37.493
6230,10.378183,37.493
6231,10.37985,37.488
6232,10.381517,37.482
6233,10.383183,37.494
6234,10.38485,37.494
6235,10.386517,37.502
6236,10.388183,37.506
6237,10.38985,37.535
6238,10.391517,37.535
6239,10.393183,37.56
6240,10.394833,37.55
6241,10.3965,37.488
6242,10.398167,37.488
6243,10.399833,37.442
6244,10.4015,37.415
6245,10.403233,37.404
6246,10.404833,37.404
6247,10.4065,37.409
6248,10.408167,37.431
6249,10.409833,37.431
6250,10.4115,37.424
6251,10.413167,37.444
6252,10.414833,37.484
6253,10.416517,37.484
6254,10.418167,37.479
6255,10.419833,37.469
6256,10.4215,37.47
6257,10.423167,37.47
6258,10.424833,37.447
6259,10.4265,37.477
6260,10.428167,37.493
6261,10.429833,37.493
6262,10.4315,37.465
6263,10.433167,37.484
6264,10.434833,37.484
6265,10.436617,37.482
6266,10.438167,37.488
6267,10.439833,37.497
6268,10.4415,37.497
6269,10.443167,37.493
6270,10.444833,37.467
6271,10.4465,37.464
6272,10.448167,37.464
6273,10.449833,37.47
6274,10.4515,37.453
6275,10.453167,37.485
6276,10.454817,37.485
6277,10.456483,37.498
6278,10.45815,37.508
6279,10.459817,37.508
6280,10.461483,37.527
6281,10.46315,37.485
6282,10.464817,37.481
6283,10.466483,37.481
6284,10.46815,37.491
6285,10.469817,37.511
6286,10.471483,37.518
6287,10.47315,37.518
6288,10.474817,37.511
6289,10.476483,37.462
6290,10.47815,37.408
6291,10.479817,37.408
6292,10.4815,37.406
6293,10.48315,37.41
6294,10.484817,37.48
6295,10.486483,37.48
6296,10.48815,37.531
6297,10.489817,37.536
6298,10.491483,37.536
6299,10.49315,37.555
6300,10.494817,37.518
6301,10.496483,37.474
6302,10.49815,37.474
6303,10.499817,37.453
6304,10.501483,37.451
6305,10.50315,37.441
6306,10.504817,37.441
6307,10.506483,37.463
6308,10.50815,37.469
6309,10.509817,37.43
6310,10.511483,37.43
6311,10.513133,37.429
6312,10.5148,37.414
6313,10.516467,37.414
6314,10.518133,37.446
6315,10.5198,37.456
6316,10.521533,37.475
6317,10.523133,37.475
6318,10.5248,37.494
6319,10.526467,37.495
6320,10.528133,37.504
6321,10.5298,37.504
6322,10.531467,37.492
6323,10.533133,37.482
6324,10.5348,37.455
6325,10.536467,37.455
6326,10.538133,37.444
6327,10.5398,37.452
6328,10.541467,37.482
6329,10.543133,37.482
6330,10.5448,37.496
6331,10.546467,37.525
6332,10.548133,37.525
6333,10.5498,37.517
6334,10.551467,37.478
6335,10.553133,37.455
6336,10.55485,37.455
6337,10.556467,37.416
6338,10.558133,37.401
6339,10.5598,37.444
6340,10.561467,37.444
6341,10.563133,37.487
6342,10.5648,37.502
6343,10.566467,37.507
6344,10.568133,37.507
6345,10.5698,37.48
6346,10.571467,37.481
6347,10.573133,37.481
6348,10.5748,37.489
6349,10.57645,37.494
6350,10.578133,37.517
6351,10.579783,37.517
6352,10.58145,37.494
6353,10.583117,37.482
6354,10.584783,37.505
6355,10.58645,37.505
6356,10.588117,37.531
6357,10.589783,37.508
6358,10.591433,37.507
6359,10.5931,37.507
6360,10.594767,37.487
6361,10.596433,37.448
6362,10.5981,37.448
6363,10.599767,37.46
6364,10.601433,37.487
6365,10.6031,37.477
6366,10.604767,37.477
6367,10.606433,37.462
6368,10.6081,37.488
6369,10.609767,37.446
6370,10.611433,37.446
6371,10.6131,37.462
6372,10.614767,37.485
6373,10.616433,37.471
6374,10.6181,37.471
6375,10.619767,37.517
6376,10.621433,37.533
6377,10.6231,37.526
6378,10.624767,37.526
6379,10.626433,37.557
6380,10.6281,37.531
6381,10.629767,37.531
6382,10.631433,37.493
6383,10.6331,37.485
6384,10.63475,37.476
6385,10.636417,37.476
6386,10.638083,37.506
6387,10.639817,37.531
6388,10.641417,37.535
6389,10.643083,37.535
6390,10.64475,37.502
6391,10.646417,37.459
6392,10.648083,37.456
6393,10.64975,37.456
6394,10.651417,37.454
6395,10.653083,37.47
6396,10.65475,37.47
6397,10.656417,37.48
6398,10.658083,37.473
6399,10.65975,37.482
6400,10.661417,37.482
6401,10.663083,37.471
6402,10.66475,37.466
6403,10.666417,37.448
6404,10.668083,37.448
6405,10.66975,37.42
6406,10.671417,37.394
6407,10.673133,37.4
6408,10.67475,37.4
6409,10.676417,37.425
6410,10.678083,37.429
6411,10.67975,37.455
6412,10.681417,37.455
6413,10.683083,37.447
6414,10.68475,37.449
6415,10.686417,37.449
6416,10.688083,37.454
6417,10.68975,37.45
6418,10.691417,37.447
6419,10.693083,37.447
6420,10.694733,37.441
6421,10.6964,37.443
6422,10.698067,37.452
6423,10.699733,37.452
6424,10.701433,37.496
6425,10.703067,37.496
6426,10.704733,37.495
6427,10.7064,37.495
6428,10.708067,37.482
6429,10.709733,37.461
6430,10.7114,37.461
6431,10.713067,37.473
6432,10.714733,37.475
6433,10.7164,37.487
6434,10.718067,37.487
6435,10.719733,37.471
6436,10.7214,37.463
6437,10.723067,37.477
6438,10.724733,37.477
6439,10.7264,37.456
6440,10.728067,37.459
6441,10.729733,37.462
6442,10.7314,37.462
6443,10.733067,37.448
6444,10.734733,37.476
6445,10.7364,37.482
6446,10.738067,37.482
6447,10.739733,37.497
6448,10.7414,37.517
6449,10.743067,37.517
6450,10.744733,37.508
6451,10.7464,37.536
6452,10.748067,37.555
6453,10.749733,37.555
6454,10.7514,37.546
6455,10.753067,37.552
6456,10.754717,37.511
6457,10.756383,37.511
6458,10.758133,37.467
6459,10.759717,37.456
6460,10.761383,37.433
6461,10.76305,37.433
6462,10.764717,37.429
6463,10.766383,37.413
6464,10.76805,37.413
6465,10.769717,37.39
6466,10.771383,37.391
6467,10.77305,37.412
6468,10.774717,37.412
6469,10.776383,37.425
6470,10.77805,37.429
6471,10.779717,37.44
6472,10.781383,37.44
6473,10.78305,37.423
6474,10.784717,37.453
6475,10.786383,37.482
6476,10.78805,37.482
6477,10.789717,37.491
6478,10.7915,37.543
6479,10.79305,37.52
6480,10.794717,37.52
6481,10.796383,37.523
6482,10.79805,37.508
6483,10.799717,37.508
6484,10.801383,37.489
6485,10.80305,37.482
6486,10.804717,37.447
6487,10.806383,37.447
6488,10.80805,37.461
6489,10.809717,37.438
6490,10.811383,37.452
6491,10.81305,37.452
6492,10.8147,37.491
6493,10.816367,37.476
6494,10.818033,37.488
6495,10.8197,37.488
6496,10.821367,37.487
6497,10.823033,37.478
6498,10.8247,37.478
6499,10.826367,37.484
6500,10.828033,37.466
6501,10.8297,37.482
6502,10.831367,37.482
6503,10.833033,37.493
6504,10.8347,37.495
6505,10.836367,37.505
6506,10.838033,37.505
6507,10.8397,37.486
6508,10.841367,37.453
6509,10.843033,37.454
6510,10.8447,37.454
6511,10.846367,37.442
6512,10.848033,37.434
6513,10.8497,37.434
6514,10.851367,37.441
6515,10.853033,37.46
6516,10.8547,37.484
6517,10.856367,37.484
6518,10.858033,37.494
6519,10.8597,37.497
6520,10.861367,37.481
6521,10.863033,37.481
6522,10.8647,37.47
6523,10.866367,37.462
6524,10.868033,37.456
6525,10.8697,37.456
6526,10.871367,37.446
6527,10.873033,37.441
6528,10.874683,37.456
6529,10.876367,37.456
6530,10.878017,37.459
6531,10.879683,37.453
6532,10.88135,37.453
6533,10.883,37.424
6534,10.884667,37.428
6535,10.886333,37.435
6536,10.888,37.435
6537,10.889667,37.447
6538,10.891333,37.497
6539,10.893,37.5
6540,10.894667,37.5
6541,10.896333,37.497
6542,10.898,37.502
6543,10.899667,37.488
6544,10.901333,37.488
6545,10.903,37.493
6546,10.904667,37.504
6547,10.906333,37.504
6548,10.908,37.493
6549,10.909717,37.46
6550,10.911383,37.407
6551,10.913,37.407
6552,10.914667,37.365
6553,10.916333,37.355
6554,10.918,37.359
6555,10.919667,37.359
6556,10.921333,37.378
6557,10.923,37.405
6558,10.924667,37.436
6559,10.926433,37.436
6560,10.928,37.454
6561,10.929667,37.459
6562,10.931333,37.466
6563,10.933,37.466
6564,10.93465,37.447
6565,10.936317,37.431
6566,10.937983,37.431
6567,10.93965,37.438
6568,10.941317,37.418
6569,10.942983,37.4
6570,10.94465,37.4
6571,10.946317,37.384
6572,10.947983,37.387
6573,10.94965,37.403
6574,10.951317,37.403
6575,10.952983,37.459
6576,10.95465,37.48
6577,10.956317,37.473
6578,10.957983,37.473
6579,10.95965,37.478
6580,10.961317,37.433
6581,10.962983,37.433
6582,10.96465,37.439
6583,10.966317,37.424
6584,10.967983,37.423
6585,10.96965,37.423
6586,10.971317,37.438
6587,10.972983,37.456
6588,10.97465,37.443
6589,10.976317,37.443
6590,10.977983,37.418
6591,10.979667,37.391
6592,10.981333,37.359
6593,10.982983,37.359
6594,10.98465,37.414
6595,10.986317,37.459
6596,10.987983,37.485
6597,10.98965,37.485
6598,10.991317,37.487
6599,10.992967,37.465
6600,10.99465,37.465
6601,10.9963,37.474
6602,10.997967,37.478
6603,10.999633,37.494
6604,11.0013,37.494
6605,11.002967,37.485
6606,11.004633,37.435
6607,11.0063,37.403
6608,11.007967,37.403
6609,11.009633,37.376
6610,11.011383,37.383
6611,11.012967,37.4
6612,11.014633,37.4
6613,11.0163,37.406
6614,11.017967,37.416
6615,11.019633,37.416
6616,11.0213,37.397
6617,11.022967,37.401
6618,11.024633,37.412
6619,11.0263,37.412
6620,11.027983,37.463
6621,11.029633,37.47
6622,11.0313,37.456
6623,11.032967,37.456
6624,11.034633,37.456
6625,11.0363,37.436
6626,11.037967,37.446
6627,11.039633,37.446
6628,11.0413,37.44
6629,11.042967,37.412
6630,11.04475,37.376
6631,11.0463,37.376
6632,11.047967,37.356
6633,11.049633,37.345
6634,11.0513,37.345
6635,11.052967,37.374
6636,11.054617,37.394
6637,11.056317,37.447
6638,11.058,37.447
6639,11.059617,37.494
6640,11.061283,37.504
6641,11.06295,37.505
6642,11.064617,37.505
6643,11.066283,37.441
6644,11.06795,37.432
6645,11.069617,37.439
6646,11.071283,37.439
6647,11.07295,37.438
6648,11.074617,37.469
6649,11.076283,37.469
6650,11.07795,37.441
6651,11.079617,37.441
6652,11.0813,37.417
6653,11.08295,37.417
6654,11.084617,37.42
6655,11.086283,37.436
6656,11.08795,37.431
6657,11.089617,37.431
6658,11.091283,37.459
6659,11.09295,37.476
6660,11.094617,37.492
6661,11.096283,37.492
6662,11.09795,37.473
6663,11.099617,37.467
6664,11.101283,37.467
6665,11.10295,37.461
6666,11.104617,37.458
6667,11.106283,37.437
6668,11.10795,37.437
6669,11.109617,37.436
6670,11.111283,37.419
6671,11.11295,37.392
6672,11.114617,37.392
6673,11.116267,37.418
6674,11.117933,37.408
6675,11.1196,37.406
6676,11.1213,37.406
6677,11.122933,37.393
6678,11.1246,37.38
6679,11.126267,37.398
6680,11.127933,37.398
6681,11.129617,37.397
6682,11.131267,37.421
6683,11.132933,37.421
6684,11.1346,37.438
6685,11.136267,37.409
6686,11.137933,37.4
6687,11.1396,37.4
6688,11.141267,37.409
6689,11.142933,37.432
6690,11.1446,37.473
6691,11.146283,37.473
6692,11.147933,37.481
6693,11.1496,37.465
6694,11.151267,37.424
6695,11.152933,37.424
6696,11.1546,37.387
6697,11.156267,37.403
6698,11.157933,37.403
6699,11.1596,37.407
6700,11.161267,37.413
6701,11.163033,37.432
6702,11.1646,37.432
6703,11.166267,37.415
6704,11.16795,37.44
6705,11.1696,37.488
6706,11.171267,37.488
6707,11.172917,37.518
6708,11.174567,37.535
6709,11.176233,37.548
6710,11.1779,37.548
6711,11.179567,37.531
6712,11.181233,37.498
6713,11.1829,37.498
6714,11.184567,37.47
6715,11.186233,37.434
6716,11.1879,37.416
6717,11.189567,37.416
6718,11.191233,37.411
6719,11.1929,37.422
6720,11.1946,37.423
6721,11.196233,37.423
6722,11.1979,37.422
6723,11.199567,37.439
6724,11.201233,37.424
6725,11.2029,37.424
6726,11.204567,37.438
6727,11.206233,37.444
6728,11.2079,37.432
6729,11.209567,37.432
6730,11.211233,37.453
6731,11.2129,37.441
6732,11.214567,37.441
6733,11.216233,37.413
6734,11.2179,37.423
6735,11.219567,37.427
6736,11.221233,37.427
6737,11.2229,37.452
6738,11.224567,37.475
6739,11.226233,37.465
6740,11.2279,37.465
6741,11.229567,37.488
6742,11.231233,37.465
6743,11.2329,37.447
6744,11.23455,37.447
6745,11.236217,37.434
6746,11.237883,37.4
6747,11.23955,37.4
6748,11.241217,37.4
6749,11.242883,37.389
6750,11.24455,37.379
6751,11.246233,37.379
6752,11.248,37.359
6753,11.24955,37.359
6754,11.251217,37.404
6755,11.252883,37.404
6756,11.25455,37.408
6757,11.256217,37.432
6758,11.257883,37.474
6759,11.25955,37.474
6760,11.261217,37.488
6761,11.262883,37.509
6762,11.2646,37.517
6763,11.266217,37.517
6764,11.267883,37.465
6765,11.26955,37.443
6766,11.271217,37.443
6767,11.272883,37.447
6768,11.27455,37.422
6769,11.276217,37.418
6770,11.277883,37.418
6771,11.27955,37.43
6772,11.281283,37.461
6773,11.282883,37.465
6774,11.28455,37.465
6775,11.286217,37.465
6776,11.287883,37.432
6777,11.28955,37.406
6778,11.291217,37.406
6779,11.292867,37.398
6780,11.294533,37.383
6781,11.2962,37.383
6782,11.297867,37.374
6783,11.299533,37.368
6784,11.3012,37.383
6785,11.302867,37.383
6786,11.304533,37.383
6787,11.3062,37.42
6788,11.307867,37.419
6789,11.309533,37.419
6790,11.3112,37.396
6791,11.312867,37.399
6792,11.314533,37.353
6793,11.3162,37.353
6794,11.317867,37.365
6795,11.319533,37.386
6796,11.3212,37.418
6797,11.322867,37.418
6798,11.324533,37.425
6799,11.3262,37.438
6800,11.327867,37.438
6801,11.329533,37.447
6802,11.331233,37.457
6803,11.332867,37.496
6804,11.334533,37.496
6805,11.3362,37.456
6806,11.337867,37.456
6807,11.339533,37.435
6808,11.3412,37.435
6809,11.342867,37.408
6810,11.344533,37.431
6811,11.3462,37.432
6812,11.347867,37.432
6813,11.349533,37.438
6814,11.3512,37.45
6815,11.352867,37.45
6816,11.354517,37.439
6817,11.356183,37.445
6818,11.35785,37.45
6819,11.359517,37.45
6820,11.361183,37.461
6821,11.36285,37.472
6822,11.364517,37.45
6823,11.366183,37.45
6824,11.36785,37.415
6825,11.369517,37.408
6826,11.371183,37.412
6827,11.37285,37.412
6828,11.374517,37.413
6829,11.376183,37.436
6830,11.37785,37.436
6831,11.379517,37.436
6832,11.381183,37.436
6833,11.38285,37.419
6834,11.384533,37.419
6835,11.386183,37.403
6836,11.38785,37.375
6837,11.389517,37.335
6838,11.391183,37.335
6839,11.39285,37.321
6840,11.394517,37.321
6841,11.396183,37.333
6842,11.39785,37.333
6843,11.399633,37.342
6844,11.401183,37.391
6845,11.40285,37.386
6846,11.404517,37.386
6847,11.406183,37.398
6848,11.40785,37.429
6849,11.409517,37.429
6850,11.411183,37.414
6851,11.412833,37.473
6852,11.414533,37.472
6853,11.416167,37.472
6854,11.417833,37.459
6855,11.4195,37.477
6856,11.421167,37.476
6857,11.422833,37.476
6858,11.4245,37.471
6859,11.426167,37.473
6860,11.427833,37.447
6861,11.4295,37.447
6862,11.431167,37.394
6863,11.432833,37.374
6864,11.4345,37.374
6865,11.436167,37.354
6866,11.437833,37.35
6867,11.4395,37.351
6868,11.441167,37.351
6869,11.442833,37.372
6870,11.4445,37.386
6871,11.446167,37.397
6872,11.447833,37.397
6873,11.4495,37.421
6874,11.451167,37.433
6875,11.452833,37.438
6876,11.4545,37.438
6877,11.456167,37.418
6878,11.457833,37.378
6879,11.4595,37.362
6880,11.461167,37.362
6881,11.462833,37.379
6882,11.464483,37.402
6883,11.46615,37.402
6884,11.467817,37.408
6885,11.469483,37.389
6886,11.47115,37.356
6887,11.472817,37.356
6888,11.474467,37.366
6889,11.476133,37.406
6890,11.477833,37.423
6891,11.479467,37.423
6892,11.481133,37.435
6893,11.4828,37.435
6894,11.48455,37.434
6895,11.486133,37.434
6896,11.4878,37.469
6897,11.489467,37.478
6898,11.491133,37.478
6899,11.4928,37.45
6900,11.494467,37.451
6901,11.496133,37.428
6902,11.4978,37.428
6903,11.499467,37.427
6904,11.501133,37.447
6905,11.5028,37.439
6906,11.504467,37.439
6907,11.506133,37.436
6908,11.5078,37.412
6909,11.509467,37.415
6910,11.511133,37.415
6911,11.5128,37.419
6912,11.514467,37.433
6913,11.516133,37.466
6914,11.517867,37.466
6915,11.519467,37.472
6916,11.521133,37.476
6917,11.5228,37.476
6918,11.524467,37.444
6919,11.526133,37.404
6920,11.5278,37.391
6921,11.529467,37.391
6922,11.531133,37.39
6923,11.5328,37.385
6924,11.534467,37.43
6925,11.536117,37.43
6926,11.537783,37.442
6927,11.53945,37.418
6928,11.541117,37.411
6929,11.542783,37.411
6930,11.54445,37.383
6931,11.546117,37.354
6932,11.547783,37.354
6933,11.54945,37.352
6934,11.551133,37.38
6935,11.552783,37.397
6936,11.55445,37.397
6937,11.556117,37.401
6938,11.557783,37.415
6939,11.559467,37.422
6940,11.561117,37.422
6941,11.562783,37.423
6942,11.56445,37.453
6943,11.566117,37.448
6944,11.567783,37.448
6945,11.56945,37.446
6946,11.571117,37.434
6947,11.572783,37.429
6948,11.57445,37.429
6949,11.576117,37.427
6950,11.577783,37.424
6951,11.57945,37.424
6952,11.581117,37.439
6953,11.582783,37.431
6954,11.58445,37.446
6955,11.586117,37.446
6956,11.587783,37.451
6957,11.58945,37.416
6958,11.591117,37.424
6959,11.592783,37.424
6960,11.594433,37.406
6961,11.5961,37.392
6962,11.597767,37.4
6963,11.599433,37.4
6964,11.6011,37.382
6965,11.602833,37.408
6966,11.604433,37.408
6967,11.6061,37.414
6968,11.607767,37.413
6969,11.609433,37.398
6970,11.6111,37.398
6971,11.612767,37.401
6972,11.614433,37.397
6973,11.6161,37.412
6974,11.617767,37.412
6975,11.61945,37.447
6976,11.6211,37.411
6977,11.622767,37.404
6978,11.624433,37.404
6979,11.6261,37.388
6980,11.627767,37.362
6981,11.629433,37.362
6982,11.6311,37.36
6983,11.632767,37.365
6984,11.634433,37.365
6985,11.6362,37.365
6986,11.637767,37.356
6987,11.639433,37.377
6988,11.6411,37.356
6989,11.642767,37.356
6990,11.644433,37.381
6991,11.6461,37.39
6992,11.647767,37.397
6993,11.649433,37.397
6994,11.6511,37.42
6995,11.652767,37.385
6996,11.654417,37.377
6997,11.656083,37.377
6998,11.65775,37.359
6999,11.659417,37.359
7000,11.6611,37.359
7001,11.66275,37.389
7002,11.664417,37.409
7003,11.666083,37.413
7004,11.66775,37.413
7005,11.669417,37.433
7006,11.671083,37.433
7007,11.67275,37.432
7008,11.674417,37.432
7009,11.676083,37.431
7010,11.67775,37.427
7011,11.679417,37.455
7012,11.681083,37.455
7013,11.68275,37.476
7014,11.684417,37.475
7015,11.686083,37.475
7016,11.68775,37.456
7017,11.689417,37.402
7018,11.691083,37.365
7019,11.69275,37.365
7020,11.694417,37.347
7021,11.696083,37.339
7022,11.69775,37.359
7023,11.699417,37.359
7024,11.701083,37.391
7025,11.70275,37.424
7026,11.704417,37.447
7027,11.706083,37.447
7028,11.70775,37.454
7029,11.709417,37.452
7030,11.711083,37.46
7031,11.71275,37.46
7032,11.7144,37.482
7033,11.716083,37.479
7034,11.717733,37.479
7035,11.7194,37.473
7036,11.721117,37.467
7037,11.722733,37.447
7038,11.7244,37.447
7039,11.726067,37.453
7040,11.727733,37.458
7041,11.7294,37.417
7042,11.731067,37.417
7043,11.732733,37.374
7044,11.7344,37.372
7045,11.736067,37.368
7046,11.737833,37.368
7047,11.7394,37.383
7048,11.741067,37.409
7049,11.742733,37.409
7050,11.7444,37.412
7051,11.746067,37.41
7052,11.747733,37.407
7053,11.7494,37.407
7054,11.751067,37.421
7055,11.752733,37.439
7056,11.7545,37.428
7057,11.75605,37.428
7058,11.757717,37.418
7059,11.759383,37.391
7060,11.76105,37.348
7061,11.762717,37.348
7062,11.764383,37.357
7063,11.76605,37.387
7064,11.767733,37.412
7065,11.769383,37.412
7066,11.77115,37.439
7067,11.772717,37.45
7068,11.774367,37.45
7069,11.776033,37.453
7070,11.7777,37.432
7071,11.779367,37.413
7072,11.781033,37.413
7073,11.7827,37.409
7074,11.784367,37.389
7075,11.786033,37.397
7076,11.7877,37.397
7077,11.789367,37.4
7078,11.791033,37.398
7079,11.7927,37.412
7080,11.794367,37.412
7081,11.796033,37.434
7082,11.7977,37.444
7083,11.799367,37.444
7084,11.801033,37.44
7085,11.8027,37.417
7086,11.804367,37.374
7087,11.806033,37.374
7088,11.8077,37.348
7089,11.809367,37.324
7090,11.811033,37.36
7091,11.8127,37.36
7092,11.814367,37.39
7093,11.816033,37.423
7094,11.8177,37.452
7095,11.819367,37.452
7096,11.821033,37.419
7097,11.8227,37.42
7098,11.824367,37.42
7099,11.826033,37.441
7100,11.8277,37.416
7101,11.829367,37.418
7102,11.831033,37.418
7103,11.8327,37.42
7104,11.83435,37.405
7105,11.836017,37.42
7106,11.837683,37.42
7107,11.839367,37.414
7108,11.841017,37.391
7109,11.842683,37.369
7110,11.84435,37.369
7111,11.846017,37.368
7112,11.847683,37.377
7113,11.84935,37.387
7114,11.851017,37.387
7115,11.852683,37.379
7116,11.85435,37.356
7117,11.8561,37.356
7118,11.857683,37.333
7119,11.85935,37.313
7120,11.861017,37.313
7121,11.862683,37.313
7122,11.86435,37.305
7123,11.866017,37.337
7124,11.867683,37.328
7125,11.86935,37.328
7126,11.871017,37.343
7127,11.87275,37.381
7128,11.87435,37.383
7129,11.876017,37.383
7130,11.877683,37.429
7131,11.87935,37.443
7132,11.881017,37.443
7133,11.882683,37.43
7134,11.88435,37.408
7135,11.886017,37.357
7136,11.887683,37.357
7137,11.88945,37.321
7138,11.891017,37.333
7139,11.892683,37.338
7140,11.894333,37.338
7141,11.896,37.355
7142,11.897667,37.372
7143,11.899333,37.351
7144,11.901,37.351
7145,11.902667,37.372
7146,11.904333,37.383
7147,11.906,37.356
7148,11.9077,37.356
7149,11.9094,37.376
7150,11.911,37.383
7151,11.912667,37.383
7152,11.914333,37.389
7153,11.916,37.429
7154,11.917667,37.43
7155,11.919333,37.43
7156,11.921,37.438
7157,11.922667,37.423
7158,11.924333,37.392
7159,11.926,37.392
7160,11.927667,37.375
7161,11.929333,37.333
7162,11.931,37.302
7163,11.932667,37.302
7164,11.934333,37.29
7165,11.936,37.282
7166,11.937667,37.282
7167,11.939333,37.281
7168,11.941,37.314
7169,11.942667,37.336
7170,11.944333,37.336
7171,11.946,37.356
7172,11.947667,37.379
7173,11.949333,37.383
7174,11.951,37.383
7175,11.952667,37.389
7176,11.954317,37.38
7177,11.955983,37.361
7178,11.95765,37.361
7179,11.959317,37.376
7180,11.960983,37.374
7181,11.962667,37.349
7182,11.964317,37.349
7183,11.965983,37.385
7184,11.96765,37.407
7185,11.969317,37.407
7186,11.970983,37.428
7187,11.97265,37.474
7188,11.974367,37.471
7189,11.975983,37.471
7190,11.97765,37.44
7191,11.979317,37.407
7192,11.980983,37.397
7193,11.98265,37.397
7194,11.984317,37.389
7195,11.986,37.4
7196,11.98765,37.41
7197,11.989317,37.41
7198,11.991017,37.413
7199,11.99265,37.409
7200,11.994317,37.409
7201,11.995983,37.406
7202,11.99765,37.421
7203,11.999317,37.4
7204,12.000983,37.4
7205,12.00265,37.398
7206,12.004317,37.391
7207,12.005983,37.373
7208,12.00775,37.373
7209,12.009317,37.377
7210,12.010983,37.376
7211,12.01265,37.359
7212,12.0143,37.359
7213,12.015967,37.356
7214,12.017633,37.342
7215,12.0193,37.342
7216,12.020967,37.351
7217,12.022633,37.399
7218,12.0243,37.397
7219,12.025967,37.397
7220,12.027633,37.405
7221,12.0293,37.375
7222,12.030967,37.351
7223,12.032633,37.351
7224,12.0343,37.366
7225,12.035967,37.377
7226,12.037633,37.379
7227,12.0393,37.379
7228,12.040967,37.376
7229,12.042633,37.359
7230,12.044317,37.364
7231,12.045967,37.364
7232,12.047617,37.361
7233,12.049283,37.335
7234,12.05095,37.335
7235,12.052617,37.325
7236,12.054283,37.304
7237,12.05595,37.328
7238,12.057617,37.328
7239,12.059283,37.345
7240,12.06095,37.355
7241,12.062617,37.391
7242,12.064283,37.391
7243,12.06595,37.4
7244,12.067633,37.377
7245,12.069283,37.38
7246,12.07095,37.38
7247,12.0726,37.389
7248,12.074267,37.389
7249,12.075933,37.389
7250,12.0776,37.443
7251,12.079267,37.465
7252,12.080933,37.418
7253,12.0826,37.418
7254,12.084267,37.406
7255,12.085933,37.366
7256,12.0876,37.353
7257,12.089267,37.353
7258,12.090933,37.384
7259,12.0926,37.371
7260,12.094267,37.391
7261,12.095933,37.391
7262,12.0976,37.391
7263,12.099267,37.371
7264,12.100933,37.37
7265,12.1026,37.37
7266,12.104267,37.34
7267,12.105933,37.322
7268,12.1076,37.322
7269,12.109333,37.315
7270,12.110933,37.335
7271,12.1126,37.341
7272,12.114283,37.341
7273,12.115933,37.346
7274,12.1176,37.342
7275,12.119267,37.319
7276,12.120933,37.319
7277,12.1226,37.316
7278,12.124267,37.33
7279,12.126033,37.342
7280,12.1276,37.342
7281,12.129267,37.383
7282,12.130933,37.415
7283,12.1326,37.415
7284,12.13425,37.403
7285,12.135917,37.403
7286,12.1376,37.394
7287,12.13925,37.394
7288,12.140917,37.38
7289,12.142583,37.39
7290,12.14425,37.389
7291,12.145917,37.389
7292,12.147583,37.348
7293,12.14925,37.332
7294,12.150917,37.304
7295,12.152583,37.304
7296,12.15425,37.3
7297,12.155917,37.301
7298,12.1576,37.299
7299,12.15925,37.299
7300,12.160917,37.311
7301,12.162583,37.319
7302,12.16425,37.319
7303,12.165917,37.334
7304,12.167583,37.342
7305,12.16925,37.353
7306,12.170917,37.353
7307,12.172583,37.334
7308,12.17425,37.314
7309,12.175917,37.337
7310,12.177583,37.337
7311,12.17925,37.342
7312,12.180917,37.359
7313,12.182583,37.385
7314,12.184267,37.385
7315,12.185917,37.371
7316,12.187583,37.356
7317,12.18925,37.356
7318,12.190917,37.348
7319,12.192583,37.322
7320,12.194233,37.295
7321,12.1959,37.295
7322,12.197567,37.307
7323,12.199233,37.304
7324,12.2009,37.31
7325,12.202567,37.31
7326,12.204233,37.351
7327,12.2059,37.367
7328,12.207567,37.374
7329,12.209233,37.374
7330,12.21095,37.381
7331,12.212567,37.366
7332,12.214233,37.366
7333,12.2159,37.352
7334,12.217567,37.36
7335,12.219233,37.38
7336,12.2209,37.38
7337,12.222567,37.356
7338,12.224233,37.366
7339,12.2259,37.384
7340,12.227583,37.384
7341,12.229233,37.361
7342,12.2309,37.365
7343,12.232567,37.36
7344,12.234233,37.36
7345,12.2359,37.341
7346,12.237567,37.371
7347,12.239233,37.397
7348,12.2409,37.397
7349,12.242567,37.415
7350,12.244333,37.424
7351,12.2459,37.424
7352,12.247567,37.409
7353,12.249233,37.398
7354,12.2509,37.374
7355,12.252567,37.374
7356,12.254217,37.376
7357,12.255883,37.391
7358,12.25755,37.39
7359,12.259217,37.39
7360,12.260883,37.369
7361,12.262567,37.37
7362,12.264217,37.332
7363,12.265883,37.332
7364,12.26755,37.318
7365,12.269217,37.318
7366,12.270883,37.318
7367,12.27255,37.297
7368,12.274217,37.328
7369,12.275883,37.339
7370,12.27755,37.339
7371,12.279217,37.345
7372,12.280883,37.343
7373,12.28255,37.334
7374,12.284217,37.334
7375,12.285883,37.325
7376,12.28755,37.319
7377,12.289217,37.321
7378,12.290883,37.321
7379,12.29255,37.322
7380,12.294217,37.339
7381,12.295883,37.358
7382,12.29755,37.358
7383,12.299217,37.384
7384,12.300883,37.394
7385,12.30255,37.394
7386,12.304217,37.401
7387,12.305883,37.412
7388,12.30755,37.409
7389,12.309217,37.409
7390,12.310883,37.385
7391,12.312533,37.368
7392,12.314217,37.365
7393,12.315867,37.365
7394,12.317533,37.369
7395,12.3192,37.389
7396,12.320867,37.411
7397,12.322533,37.411
7398,12.3242,37.391
7399,12.325867,37.387
7400,12.327567,37.387
7401,12.32925,37.395
7402,12.330867,37.393
7403,12.332533,37.419
7404,12.3342,37.419
7405,12.335867,37.402
7406,12.337533,37.391
7407,12.339183,37.388
7408,12.34085,37.388
7409,12.342517,37.384
7410,12.344183,37.409
7411,12.34585,37.411
7412,12.347517,37.411
7413,12.349183,37.403
7414,12.35085,37.384
7415,12.352517,37.359
7416,12.354183,37.359
7417,12.35585,37.346
7418,12.357517,37.354
7419,12.359183,37.354
7420,12.36085,37.355
7421,12.362617,37.342
7422,12.364183,37.336
7423,12.36585,37.336
7424,12.367517,37.343
7425,12.369183,37.339
7426,12.37085,37.356
7427,12.3725,37.356
7428,12.374167,37.35
7429,12.375833,37.318
7430,12.3775,37.323
7431,12.379167,37.323
7432,12.380833,37.301
7433,12.3825,37.295
7434,12.384167,37.295
7435,12.385833,37.331
7436,12.3875,37.333
7437,12.389167,37.351
7438,12.390833,37.351
7439,12.3925,37.359
7440,12.394167,37.333
7441,12.395833,37.351
7442,12.3975,37.351
7443,12.3992,37.358
7444,12.400833,37.39
7445,12.4025,37.409
7446,12.404167,37.409
7447,12.405833,37.411
7448,12.4075,37.401
7449,12.409167,37.401
7450,12.410833,37.391
7451,12.4125,37.389
7452,12.414167,37.376
7453,12.415833,37.376
7454,12.4175,37.382
7455,12.419167,37.389
7456,12.420833,37.39
7457,12.4225,37.39
7458,12.424167,37.363
7459,12.425833,37.356
7460,12.4275,37.351
7461,12.429167,37.351
7462,12.430833,37.362
7463,12.4325,37.398
7464,12.43415,37.418
7465,12.435817,37.418
7466,12.437483,37.41
7467,12.43915,37.364
7468,12.440817,37.364
7469,12.442483,37.333
7470,12.44415,37.311
7471,12.445817,37.318
7472,12.447567,37.318
7473,12.44915,37.329
7474,12.450817,37.366
7475,12.452483,37.354
7476,12.45415,37.354
7477,12.455817,37.355
7478,12.457483,37.384
7479,12.45915,37.367
7480,12.460817,37.367
7481,12.462483,37.389
7482,12.46415,37.359
7483,12.465817,37.359
7484,12.467483,37.317
7485,12.469183,37.322
7486,12.47085,37.311
7487,12.472483,37.311
7488,12.47415,37.341
7489,12.475817,37.377
7490,12.477483,37.377
7491,12.47915,37.377
7492,12.480917,37.375
7493,12.482483,37.356
7494,12.48415,37.345
7495,12.485817,37.345
7496,12.487483,37.337
7497,12.48915,37.376
7498,12.490817,37.394
7499,12.492483,37.394
7500,12.494133,37.376
7501,12.4958,37.38
7502,12.497467,37.38
7503,12.499133,37.378
7504,12.5008,37.384
7505,12.502467,37.395
7506,12.504133,37.395
7507,12.5058,37.373
7508,12.507467,37.343
7509,12.509133,37.329
7510,12.5108,37.329
7511,12.512467,37.343
7512,12.514133,37.378
7513,12.5158,37.385
7514,12.517467,37.385
7515,12.519133,37.375
7516,12.5208,37.361
7517,12.522467,37.361
7518,12.524133,37.344
7519,12.5258,37.313
7520,12.527467,37.309
7521,12.529133,37.309
7522,12.5308,37.339
7523,12.532467,37.355
7524,12.534133,37.406
7525,12.5358,37.406
7526,12.537467,37.402
7527,12.539133,37.371
7528,12.54085,37.356
7529,12.542467,37.356
7530,12.544133,37.325
7531,12.5458,37.333
7532,12.547467,37.327
7533,12.549133,37.327
7534,12.5508,37.304
7535,12.552483,37.293
7536,12.554117,37.293
7537,12.555783,37.309
7538,12.55745,37.32
7539,12.559117,37.35
7540,12.560783,37.35
7541,12.56245,37.369
7542,12.564117,37.354
7543,12.5658,37.38
7544,12.56745,37.38
7545,12.569117,37.385
7546,12.570783,37.4
7547,12.57245,37.421
7548,12.574117,37.421
7549,12.575783,37.404
7550,12.57745,37.365
7551,12.579117,37.365
7552,12.580783,37.346
7553,12.58255,37.316
7554,12.584117,37.302
7555,12.585783,37.302
7556,12.58745,37.318
7557,12.589117,37.315
7558,12.590783,37.321
7559,12.59245,37.321
7560,12.594133,37.33
7561,12.595783,37.357
7562,12.59745,37.374
7563,12.599217,37.374
7564,12.600783,37.39
7565,12.60245,37.39
7566,12.604117,37.371
7567,12.605783,37.371
7568,12.60745,37.372
7569,12.609117,37.368
7570,12.610783,37.368
7571,12.61245,37.373
7572,12.6141,37.363
7573,12.615817,37.345
7574,12.617467,37.345
7575,12.6191,37.34
7576,12.620767,37.326
7577,12.622433,37.324
7578,12.6241,37.324
7579,12.625767,37.349
7580,12.627433,37.381
7581,12.6291,37.406
7582,12.63075,37.406
7583,12.632417,37.42
7584,12.634083,37.384
7585,12.63575,37.384
7586,12.637417,37.35
7587,12.639083,37.333
7588,12.64075,37.313
7589,12.642417,37.313
7590,12.6441,37.313
7591,12.64575,37.305
7592,12.647417,37.295
7593,12.649083,37.295
7594,12.65075,37.287
7595,12.652417,37.31
7596,12.654083,37.33
7597,12.65575,37.33
7598,12.657417,37.332
7599,12.659083,37.358
7600,12.66075,37.358
7601,12.662417,37.365
7602,12.664083,37.37
7603,12.66575,37.378
7604,12.667417,37.378
7605,12.669083,37.385
7606,12.67075,37.38
7607,12.672417,37.35
7608,12.674067,37.35
7609,12.675733,37.332
7610,12.6774,37.333
7611,12.679067,37.319
7612,12.680733,37.319
7613,12.6824,37.33
7614,12.684117,37.373
7615,12.685733,37.348
7616,12.6874,37.348
7617,12.689067,37.336
7618,12.690733,37.349
7619,12.6924,37.349
7620,12.694067,37.353
7621,12.695733,37.397
7622,12.6974,37.42
7623,12.699067,37.42
7624,12.7008,37.41
7625,12.7024,37.383
7626,12.704067,37.336
7627,12.705733,37.336
7628,12.7074,37.332
7629,12.709067,37.337
7630,12.710733,37.351
7631,12.7124,37.351
7632,12.714067,37.38
7633,12.715733,37.368
7634,12.717467,37.346
7635,12.719067,37.346
7636,12.720733,37.348
7637,12.7224,37.319
7638,12.724067,37.319
7639,12.725733,37.344
7640,12.7274,37.374
7641,12.729067,37.368
7642,12.730733,37.368
7643,12.732417,37.4
7644,12.734167,37.407
7645,12.735717,37.388
7646,12.737383,37.388
7647,12.73905,37.371
7648,12.740717,37.362
7649,12.742383,37.336
7650,12.74405,37.336
7651,12.745717,37.355
7652,12.747383,37.38
7653,12.74905,37.38
7654,12.750717,37.38
7655,12.752383,37.379
7656,12.75405,37.348
7657,12.755717,37.348
7658,12.757383,37.321
7659,12.75905,37.307
7660,12.760717,37.33
7661,12.762383,37.33
7662,12.76405,37.371
7663,12.765717,37.391
7664,12.767383,37.419
7665,12.769067,37.419
7666,12.770717,37.43
7667,12.772383,37.394
7668,12.77405,37.394
7669,12.775717,37.364
7670,12.777383,37.324
7671,12.77905,37.305
7672,12.780717,37.305
7673,12.782383,37.311
7674,12.78405,37.353
7675,12.785717,37.403
7676,12.787383,37.403
7677,12.78905,37.412
7678,12.790717,37.412
7679,12.792383,37.404
7680,12.794033,37.404
7681,12.7957,37.353
7682,12.797367,37.335
7683,12.799033,37.335
7684,12.8007,37.336
7685,12.802367,37.324
7686,12.804033,37.353
7687,12.8057,37.353
7688,12.807367,37.334
7689,12.809033,37.341
7690,12.8107,37.357
7691,12.812367,37.357
7692,12.814033,37.354
7693,12.8157,37.357
7694,12.817367,37.326
7695,12.819067,37.326
7696,12.8207,37.286
7697,12.822367,37.302
7698,12.824033,37.342
7699,12.8257,37.342
7700,12.8274,37.39
7701,12.829033,37.424
7702,12.8307,37.424
7703,12.832367,37.417
7704,12.834033,37.384
7705,12.835733,37.362
7706,12.837367,37.362
7707,12.839033,37.365
7708,12.8407,37.372
7709,12.842367,37.375
7710,12.844033,37.375
7711,12.8457,37.394
7712,12.847367,37.392
7713,12.849033,37.357
7714,12.8507,37.357
7715,12.852483,37.369
7716,12.854017,37.36
7717,12.855683,37.36
7718,12.85735,37.333
7719,12.859017,37.356
7720,12.860683,37.33
7721,12.86235,37.33
7722,12.864017,37.315
7723,12.865683,37.315
7724,12.86735,37.293
7725,12.869017,37.293
7726,12.870683,37.304
7727,12.87235,37.298
7728,12.874017,37.298
7729,12.875683,37.298
7730,12.87735,37.338
7731,12.879017,37.338
7732,12.880683,37.356
7733,12.88235,37.356
7734,12.884017,37.349
7735,12.885683,37.327
7736,12.88735,37.327
7737,12.889017,37.342
7738,12.890683,37.35
7739,12.892367,37.353
7740,12.894017,37.353
7741,12.895683,37.345
7742,12.89735,37.337
7743,12.899033,37.315
7744,12.900683,37.315
7745,12.90235,37.309
7746,12.904017,37.317
7747,12.905683,37.327
7748,12.90735,37.327
7749,12.909017,37.351
7750,12.910683,37.351
7751,12.91235,37.351
7752,12.914,37.356
7753,12.915667,37.333
7754,12.917333,37.307
7755,12.919,37.307
7756,12.92065,37.304
7757,12.922317,37.292
7758,12.923983,37.295
7759,12.92565,37.295
7760,12.927317,37.296
7761,12.928983,37.295
7762,12.93065,37.26
7763,12.932317,37.26
7764,12.933983,37.282
7765,12.93565,37.275
7766,12.937333,37.293
7767,12.938983,37.293
7768,12.94065,37.322
7769,12.942317,37.304
7770,12.944,37.304
7771,12.94565,37.315
7772,12.947317,37.334
7773,12.948983,37.358
7774,12.95065,37.358
7775,12.952317,37.372
7776,12.954,37.395
7777,12.95565,37.381
7778,12.957317,37.381
7779,12.958983,37.383
7780,12.96065,37.397
7781,12.962317,37.355
7782,12.963983,37.355
7783,12.96565,37.343
7784,12.967317,37.312
7785,12.968983,37.312
7786,12.970733,37.292
7787,12.9723,37.324
7788,12.973983,37.347
7789,12.975633,37.347
7790,12.977333,37.345
7791,12.978967,37.336
7792,12.980633,37.351
7793,12.9823,37.351
7794,12.983967,37.32
7795,12.985633,37.314
7796,12.9873,37.31
7797,12.988967,37.31
7798,12.990633,37.283
7799,12.9923,37.286
7800,12.993967,37.286
7801,12.995633,37.293
7802,12.9973,37.323
7803,12.998967,37.321
7804,13.000633,37.321
7805,13.0023,37.33
7806,13.003967,37.31
7807,13.005633,37.29
7808,13.0073,37.29
7809,13.008967,37.286
7810,13.010633,37.301
7811,13.0123,37.33
7812,13.013967,37.33
7813,13.015633,37.314
7814,13.0173,37.309
7815,13.018967,37.277
7816,13.020633,37.277
7817,13.0223,37.263
7818,13.023967,37.268
7819,13.025633,37.268
7820,13.0273,37.266
7821,13.028967,37.277
7822,13.030633,37.264
7823,13.0323,37.264
7824,13.03395,37.267
7825,13.035617,37.276
7826,13.037283,37.313
7827,13.03895,37.313
7828,13.040617,37.337
7829,13.0423,37.352
7830,13.044,37.351
7831,13.045617,37.351
7832,13.047283,37.331
7833,13.04895,37.324
7834,13.050617,37.324
7835,13.052283,37.326
7836,13.05395,37.325
7837,13.055617,37.294
7838,13.057283,37.294
7839,13.05895,37.297
7840,13.060617,37.276
7841,13.062283,37.3
7842,13.06395,37.3
7843,13.065617,37.342
7844,13.067283,37.35
7845,13.06895,37.367
7846,13.070617,37.367
7847,13.072283,37.33
7848,13.07395,37.293
7849,13.075617,37.295
7850,13.077283,37.295
7851,13.07895,37.29
7852,13.080617,37.296
7853,13.082283,37.296
7854,13.08395,37.304
7855,13.085617,37.289
7856,13.087283,37.295
7857,13.089067,37.295
7858,13.090617,37.319
7859,13.092283,37.308
7860,13.093933,37.313
7861,13.0956,37.313
7862,13.097267,37.327
7863,13.098933,37.327
7864,13.1006,37.353
7865,13.102267,37.353
7866,13.103933,37.38
7867,13.1056,37.368
7868,13.107267,37.368
7869,13.108933,37.351
7870,13.1106,37.344
7871,13.112267,37.329
7872,13.113933,37.329
7873,13.1156,37.31
7874,13.117267,37.304
7875,13.118967,37.291
7876,13.1206,37.291
7877,13.122267,37.298
7878,13.123933,37.29
7879,13.1256,37.296
7880,13.127267,37.296
7881,13.128933,37.298
7882,13.1306,37.296
7883,13.132267,37.339
7884,13.133933,37.339
7885,13.1356,37.367
7886,13.137267,37.382
7887,13.138933,37.382
7888,13.1406,37.37
7889,13.142267,37.363
7890,13.143933,37.326
7891,13.1456,37.326
7892,13.147267,37.334
7893,13.148933,37.341
7894,13.1506,37.339
7895,13.152267,37.339
7896,13.153917,37.364
7897,13.155583,37.342
7898,13.15725,37.323
7899,13.158917,37.323
7900,13.160583,37.28
7901,13.16225,37.269
7902,13.163917,37.269
7903,13.165583,37.275
7904,13.16725,37.286
7905,13.168917,37.312
7906,13.170583,37.312
7907,13.172267,37.298
7908,13.173967,37.296
7909,13.175583,37.275
7910,13.17725,37.275
7911,13.178917,37.305
7912,13.180583,37.334
7913,13.18225,37.336
7914,13.183917,37.336
7915,13.185583,37.359
7916,13.18725,37.293
7917,13.188917,37.266
7918,13.1906,37.266
7919,13.192267,37.25
7920,13.193917,37.207
7921,13.195583,37.207
7922,13.19725,37.216
7923,13.198917,37.208
7924,13.200583,37.211
7925,13.20225,37.211
7926,13.203917,37.248
7927,13.205583,37.292
7928,13.20735,37.315
7929,13.208917,37.315
7930,13.210583,37.3
7931,13.212217,37.295
7932,13.213883,37.267
7933,13.21555,37.267
7934,13.217217,37.275
7935,13.218883,37.32
7936,13.22055,37.32
7937,13.222217,37.315
7938,13.223883,37.333
7939,13.22555,37.302
7940,13.227217,37.302
7941,13.228883,37.295
7942,13.23055,37.291
7943,13.232217,37.278
7944,13.233883,37.278
7945,13.23555,37.286
7946,13.237217,37.291
7947,13.238883,37.336
7948,13.24055,37.336
7949,13.242217,37.363
7950,13.243883,37.368
7951,13.24555,37.368
7952,13.247217,37.345
7953,13.248883,37.318
7954,13.25055,37.291
7955,13.252217,37.291
7956,13.253883,37.285
7957,13.25555,37.3
7958,13.257217,37.32
7959,13.2589,37.32
7960,13.26055,37.324
7961,13.262233,37.341
7962,13.263883,37.321
7963,13.26555,37.321
7964,13.267217,37.307
7965,13.268883,37.317
7966,13.27055,37.302
7967,13.272217,37.302
7968,13.273867,37.291
7969,13.275533,37.278
7970,13.2772,37.278
7971,13.278867,37.272
7972,13.280533,37.295
7973,13.2822,37.295
7974,13.283867,37.295
7975,13.285533,37.295
7976,13.2872,37.263
7977,13.288867,37.237
7978,13.290533,37.237
7979,13.29225,37.234
7980,13.293867,37.216
7981,13.295533,37.236
7982,13.2972,37.236
7983,13.298867,37.262
7984,13.300533,37.29
7985,13.3022,37.29
7986,13.303867,37.304
7987,13.305533,37.294
7988,13.3072,37.269
7989,13.308867,37.269
7990,13.310533,37.258
7991,13.3122,37.264
7992,13.313867,37.3
7993,13.315533,37.3
7994,13.3172,37.324
7995,13.318867,37.325
7996,13.320533,37.325
7997,13.3222,37.325
7998,13.323867,37.303
7999,13.325633,37.277
8000,13.3272,37.282
8001,13.328867,37.282
8002,13.330533,37.254
8003,13.3322,37.237
8004,13.33385,37.237
8005,13.335517,37.223
8006,13.337183,37.22
8007,13.338883,37.222
8008,13.340583,37.222
8009,13.342183,37.225
8010,13.34385,37.245
8011,13.345517,37.25
8012,13.3472,37.25
8013,13.34885,37.289
8014,13.350517,37.331
8015,13.352183,37.36
8016,13.35385,37.36
8017,13.355517,37.369
8018,13.357183,37.359
8019,13.35885,37.359
8020,13.360517,37.337
8021,13.362183,37.312
8022,13.36385,37.298
8023,13.365517,37.298
8024,13.367183,37.295
8025,13.36885,37.285
8026,13.370517,37.276
8027,13.372183,37.276
8028,13.37385,37.248
8029,13.375517,37.245
8030,13.377183,37.24
8031,13.37885,37.24
8032,13.380517,37.25
8033,13.382183,37.263
8034,13.38385,37.25
8035,13.385517,37.25
8036,13.387183,37.274
8037,13.38885,37.291
8038,13.390517,37.291
8039,13.392183,37.296
8040,13.393833,37.315
8041,13.3955,37.303
8042,13.397167,37.303
8043,13.398833,37.286
8044,13.4005,37.315
8045,13.4022,37.311
8046,13.403833,37.311
8047,13.4055,37.351
8048,13.407167,37.371
8049,13.408833,37.352
8050,13.41055,37.352
8051,13.412183,37.369
8052,13.413833,37.323
8053,13.4155,37.323
8054,13.417167,37.293
8055,13.418833,37.285
8056,13.4205,37.258
8057,13.422167,37.258
8058,13.423833,37.26
8059,13.4255,37.265
8060,13.427267,37.27
8061,13.428833,37.27
8062,13.4305,37.289
8063,13.432167,37.283
8064,13.433833,37.254
8065,13.4355,37.254
8066,13.437167,37.26
8067,13.438833,37.246
8068,13.4405,37.246
8069,13.442167,37.231
8070,13.443933,37.247
8071,13.4455,37.245
8072,13.447167,37.245
8073,13.448833,37.262
8074,13.4505,37.28
8075,13.452167,37.286
8076,13.453817,37.286
8077,13.455483,37.279
8078,13.45715,37.273
8079,13.458817,37.272
8080,13.460583,37.272
8081,13.46215,37.31
8082,13.463817,37.321
8083,13.465483,37.318
8084,13.46715,37.318
8085,13.468817,37.294
8086,13.470483,37.272
8087,13.47215,37.272
8088,13.473817,37.286
8089,13.475483,37.279
8090,13.47715,37.303
8091,13.478817,37.303
8092,13.480483,37.315
8093,13.48215,37.289
8094,13.483817,37.304
8095,13.485483,37.304
8096,13.48715,37.327
8097,13.488817,37.33
8098,13.490483,37.333
8099,13.49215,37.333
8100,13.493817,37.324
8101,13.495483,37.325
8102,13.49715,37.325
8103,13.498817,37.293
8104,13.500483,37.293
8105,13.50215,37.293
8106,13.5038,37.293
8107,13.505467,37.264
8108,13.507133,37.272
8109,13.5088,37.31
8110,13.510467,37.31
8111,13.512117,37.334
8112,13.513783,37.362
8113,13.51545,37.39
8114,13.517117,37.39
8115,13.518783,37.368
8116,13.52045,37.351
8117,13.522133,37.355
8118,13.523783,37.355
8119,13.52545,37.333
8120,13.527117,37.326
8121,13.528783,37.326
8122,13.53045,37.343
8123,13.532117,37.345
8124,13.533783,37.364
8125,13.53545,37.364
8126,13.537117,37.356
8127,13.538783,37.324
8128,13.54045,37.304
8129,13.542133,37.304
8130,13.543783,37.286
8131,13.545533,37.295
8132,13.547117,37.298
8133,13.548783,37.298
8134,13.55045,37.283
8135,13.552117,37.277
8136,13.553783,37.277
8137,13.55545,37.257
8138,13.557117,37.275
8139,13.558783,37.289
8140,13.56045,37.289
8141,13.5622,37.316
8142,13.563783,37.349
8143,13.56545,37.343
8144,13.567117,37.343
8145,13.568783,37.35
8146,13.57045,37.343
8147,13.572117,37.317
8148,13.573767,37.317
8149,13.575433,37.31
8150,13.5771,37.315
8151,13.5789,37.327
8152,13.580433,37.327
8153,13.5821,37.371
8154,13.583767,37.391
8155,13.585433,37.391
8156,13.5871,37.4
8157,13.588783,37.403
8158,13.590433,37.391
8159,13.5921,37.391
8160,13.593767,37.392
8161,13.595433,37.372
8162,13.5971,37.33
8163,13.598767,37.33
8164,13.600433,37.306
8165,13.6021,37.283
8166,13.603767,37.282
8167,13.605433,37.282
8168,13.6071,37.283
8169,13.608767,37.272
8170,13.610433,37.272
8171,13.6121,37.266
8172,13.613767,37.268
8173,13.615433,37.295
8174,13.6171,37.295
8175,13.618767,37.32
8176,13.620433,37.327
8177,13.6221,37.359
8178,13.623767,37.359
8179,13.625433,37.364
8180,13.6271,37.337
8181,13.628767,37.346
8182,13.630433,37.346
8183,13.6321,37.313
8184,13.63375,37.321
8185,13.635417,37.321
8186,13.637083,37.331
8187,13.63875,37.314
8188,13.640417,37.309
8189,13.642083,37.309
8190,13.64375,37.276
8191,13.645417,37.251
8192,13.647083,37.246
8193,13.64875,37.246
8194,13.650417,37.251
8195,13.652083,37.254
8196,13.65375,37.272
8197,13.655417,37.272
8198,13.657083,37.289
8199,13.65875,37.292
8200,13.660417,37.315
8201,13.662083,37.315
8202,13.6638,37.315
8203,13.665417,37.317
8204,13.667083,37.317
8205,13.66875,37.308
8206,13.670417,37.306
8207,13.672083,37.307
8208,13.67375,37.307
8209,13.675417,37.307
8210,13.677083,37.336
8211,13.67875,37.307
8212,13.680483,37.307
8213,13.682083,37.284
8214,13.68375,37.261
8215,13.685417,37.234
8216,13.687083,37.234
8217,13.68875,37.25
8218,13.690417,37.276
8219,13.692083,37.276
8220,13.693733,37.297
8221,13.695433,37.295
8222,13.6972,37.272
8223,13.698733,37.272
8224,13.7004,37.277
8225,13.702067,37.298
8226,13.703733,37.333
8227,13.7054,37.333
8228,13.707067,37.326
8229,13.708733,37.307
8230,13.7104,37.251
8231,13.712067,37.251
8232,13.713733,37.235
8233,13.7154,37.285
8234,13.717067,37.332
8235,13.718733,37.332
8236,13.7204,37.361
8237,13.722067,37.351
8238,13.723733,37.351
8239,13.7254,37.323
8240,13.727067,37.277
8241,13.728733,37.266
8242,13.7304,37.266
8243,13.732067,37.229
8244,13.733733,37.214
8245,13.7354,37.228
8246,13.737067,37.228
8247,13.738733,37.232
8248,13.7404,37.278
8249,13.742067,37.286
8250,13.743733,37.286
8251,13.7454,37.266
8252,13.747083,37.27
8253,13.748733,37.27
8254,13.7504,37.269
8255,13.752067,37.289
8256,13.753717,37.308
8257,13.755383,37.308
8258,13.75705,37.304
8259,13.758717,37.28
8260,13.760383,37.289
8261,13.76205,37.289
8262,13.763767,37.284
8263,13.765383,37.29
8264,13.76705,37.313
8265,13.768717,37.313
8266,13.770383,37.276
8267,13.77205,37.259
8268,13.773717,37.238
8269,13.775383,37.238
8270,13.77705,37.194
8271,13.778717,37.193
8272,13.780383,37.193
8273,13.78205,37.219
8274,13.783717,37.227
8275,13.785383,37.254
8276,13.78705,37.254
8277,13.788717,37.264
8278,13.790383,37.272
8279,13.79205,37.31
8280,13.793717,37.31
8281,13.795367,37.315
8282,13.797033,37.314
8283,13.798717,37.304
8284,13.800367,37.304
8285,13.802033,37.257
8286,13.8037,37.276
8287,13.805367,37.276
8288,13.807033,37.266
8289,13.8087,37.283
8290,13.810367,37.31
8291,13.812017,37.31
8292,13.813683,37.29
8293,13.815483,37.295
8294,13.817017,37.263
8295,13.818683,37.263
8296,13.82035,37.225
8297,13.822017,37.195
8298,13.823683,37.208
8299,13.82535,37.208
8300,13.827017,37.219
8301,13.828683,37.254
8302,13.83035,37.254
8303,13.832017,37.304
8304,13.833683,37.321
8305,13.83535,37.328
8306,13.837017,37.328
8307,13.838683,37.315
8308,13.84035,37.291
8309,13.842017,37.283
8310,13.843683,37.283
8311,13.84535,37.278
8312,13.847017,37.292
8313,13.848683,37.305
8314,13.85035,37.305
8315,13.852017,37.275
8316,13.853683,37.263
8317,13.85535,37.269
8318,13.857017,37.269
8319,13.858683,37.233
8320,13.86035,37.257
8321,13.862017,37.257
8322,13.863683,37.27
8323,13.86535,37.256
8324,13.867017,37.286
8325,13.868683,37.286
8326,13.87035,37.241
8327,13.872,37.231
8328,13.873667,37.226
8329,13.875333,37.226
8330,13.877,37.222
8331,13.878667,37.258
8332,13.880333,37.264
8333,13.882,37.264
8334,13.883667,37.275
8335,13.885333,37.269
8336,13.887,37.269
8337,13.888667,37.272
8338,13.890333,37.258
8339,13.892,37.266
8340,13.893667,37.266
8341,13.895333,37.286
8342,13.897,37.295
8343,13.898667,37.333
8344,13.900417,37.333
8345,13.902,37.333
8346,13.903667,37.311
8347,13.905333,37.288
8348,13.907,37.288
8349,13.908667,37.284
8350,13.910367,37.273
8351,13.912,37.276
8352,13.913667,37.276
8353,13.915333,37.286
8354,13.917,37.268
8355,13.918667,37.268
8356,13.920333,37.283
8357,13.922,37.275
8358,13.923667,37.251
8359,13.925333,37.251
8360,13.927,37.222
8361,13.928667,37.231
8362,13.930333,37.275
8363,13.932,37.275
8364,13.933783,37.296
8365,13.935317,37.348
8366,13.936983,37.309
8367,13.93865,37.309
8368,13.940317,37.275
8369,13.941983,37.267
8370,13.94365,37.267
8371,13.945317,37.259
8372,13.946983,37.284
8373,13.94865,37.286
8374,13.950317,37.286
8375,13.951983,37.293
8376,13.95365,37.281
8377,13.955317,37.265
8378,13.956983,37.265
8379,13.95865,37.265
8380,13.960317,37.262
8381,13.961983,37.256
8382,13.96365,37.256
8383,13.965317,37.271
8384,13.966983,37.253
8385,13.96865,37.25
8386,13.970317,37.25
8387,13.971983,37.249
8388,13.97365,37.243
8389,13.975317,37.243
8390,13.976983,37.236
8391,13.978667,37.245
8392,13.980317,37.231
8393,13.981983,37.231
8394,13.98365,37.245
8395,13.985317,37.274
8396,13.986983,37.254
8397,13.98865,37.254
8398,13.990317,37.242
8399,13.991967,37.219
8400,13.993633,37.199
8401,13.995333,37.199
8402,13.996967,37.185
8403,13.998633,37.195
8404,14.0003,37.195
8405,14.001967,37.204
8406,14.003633,37.217
8407,14.0053,37.275
8408,14.006967,37.275
8409,14.008633,37.308
8410,14.0103,37.344
8411,14.011967,37.374
8412,14.013633,37.374
8413,14.0153,37.333
8414,14.016967,37.301
8415,14.018683,37.266
8416,14.0203,37.266
8417,14.021967,37.234
8418,14.023633,37.228
8419,14.0253,37.228
8420,14.026967,37.259
8421,14.028633,37.251
8422,14.0303,37.248
8423,14.031967,37.248
8424,14.033633,37.245
8425,14.0353,37.225
8426,14.036967,37.239
8427,14.038633,37.239
8428,14.0403,37.242
8429,14.041967,37.261
8430,14.043633,37.239
8431,14.0453,37.239
8432,14.046967,37.251
8433,14.048633,37.26
8434,14.0503,37.275
8435,14.052067,37.275
8436,14.053617,37.31
8437,14.055283,37.288
8438,14.05695,37.288
8439,14.058617,37.266
8440,14.060283,37.266
8441,14.06195,37.249
8442,14.063617,37.249
8443,14.065283,37.263
8444,14.06695,37.244
8445,14.068617,37.215
8446,14.070283,37.215
8447,14.07195,37.226
8448,14.073617,37.245
8449,14.075283,37.293
8450,14.07695,37.293
8451,14.078617,37.312
8452,14.080283,37.298
8453,14.08195,37.298
8454,14.083617,37.257
8455,14.085283,37.257
8456,14.086933,37.26
8457,14.0886,37.26
8458,14.090267,37.256
8459,14.091933,37.259
8460,14.0936,37.244
8461,14.095267,37.244
8462,14.096933,37.219
8463,14.0986,37.226
8464,14.100267,37.252
8465,14.101933,37.252
8466,14.1036,37.274
8467,14.105267,37.298
8468,14.106933,37.275
8469,14.1086,37.275
8470,14.110267,37.231
8471,14.111933,37.213
8472,14.113583,37.213
8473,14.115267,37.194
8474,14.116917,37.228
8475,14.118583,37.255
8476,14.12025,37.255
8477,14.121917,37.245
8478,14.123583,37.232
8479,14.12525,37.19
8480,14.126917,37.19
8481,14.128583,37.164
8482,14.13025,37.155
8483,14.131917,37.179
8484,14.133583,37.179
8485,14.13525,37.225
8486,14.136983,37.25
8487,14.138583,37.25
8488,14.14025,37.278
8489,14.141917,37.279
8490,14.143583,37.272
8491,14.14525,37.272
8492,14.146917,37.268
8493,14.148583,37.289
8494,14.15025,37.313
8495,14.151917,37.313
8496,14.1536,37.32
8497,14.15525,37.311
8498,14.156917,37.266
8499,14.158583,37.266
8500,14.16025,37.249
8501,14.161917,37.226
8502,14.163583,37.248
8503,14.16525,37.248
8504,14.166917,37.237
8505,14.1686,37.228
8506,14.170383,37.213
8507,14.171917,37.213
8508,14.173567,37.18
8509,14.175233,37.205
8510,14.1769,37.205
8511,14.178567,37.204
8512,14.180233,37.22
8513,14.1819,37.229
8514,14.183567,37.229
8515,14.185233,37.253
8516,14.1869,37.286
8517,14.188567,37.31
8518,14.190233,37.31
8519,14.1919,37.336
8520,14.193567,37.323
8521,14.195233,37.323
8522,14.1969,37.327
8523,14.198567,37.342
8524,14.200233,37.32
8525,14.2019,37.32
8526,14.203567,37.288
8527,14.205233,37.251
8528,14.2069,37.221
8529,14.208567,37.221
8530,14.210233,37.211
8531,14.2119,37.234
8532,14.213567,37.239
8533,14.215233,37.239
8534,14.2169,37.219
8535,14.218567,37.253
8536,14.220233,37.253
8537,14.2219,37.264
8538,14.223567,37.26
8539,14.225233,37.255
8540,14.2269,37.255
8541,14.228567,37.252
8542,14.230233,37.21
8543,14.2319,37.219
8544,14.23355,37.219
8545,14.235217,37.277
8546,14.236883,37.291
8547,14.23855,37.322
8548,14.240217,37.322
8549,14.241883,37.302
8550,14.24355,37.262
8551,14.245217,37.219
8552,14.246883,37.219
8553,14.24855,37.21
8554,14.250233,37.196
8555,14.251883,37.196
8556,14.25355,37.199
8557,14.255233,37.186
8558,14.256883,37.179
8559,14.25855,37.179
8560,14.260233,37.185
8561,14.261883,37.166
8562,14.26355,37.22
8563,14.265217,37.22
8564,14.266883,37.213
8565,14.26855,37.24
8566,14.270217,37.261
8567,14.272,37.261
8568,14.27355,37.222
8569,14.275217,37.247
8570,14.276883,37.247
8571,14.27855,37.22
8572,14.280217,37.227
8573,14.281883,37.227
8574,14.28355,37.227
8575,14.285217,37.223
8576,14.286883,37.236
8577,14.28865,37.235
8578,14.290217,37.235
8579,14.291867,37.251
8580,14.293533,37.25
8581,14.2952,37.258
8582,14.296867,37.258
8583,14.298533,37.236
8584,14.3002,37.21
8585,14.301867,37.182
8586,14.303533,37.182
8587,14.3052,37.187
8588,14.306867,37.186
8589,14.308533,37.186
8590,14.3102,37.203
8591,14.311867,37.225
8592,14.313533,37.233
8593,14.3152,37.233
8594,14.316867,37.252
8595,14.318533,37.252
8596,14.3202,37.278
8597,14.321867,37.278
8598,14.323533,37.266
8599,14.3252,37.29
8600,14.326867,37.299
8601,14.328533,37.299
8602,14.330233,37.249
8603,14.331867,37.225
8604,14.33355,37.225
8605,14.3352,37.207
8606,14.336867,37.183
8607,14.338533,37.184
8608,14.3402,37.184
8609,14.341867,37.193
8610,14.343533,37.196
8611,14.3452,37.229
8612,14.346867,37.229
8613,14.348533,37.259
8614,14.3502,37.28
8615,14.351867,37.261
8616,14.353517,37.261
8617,14.355183,37.25
8618,14.35685,37.255
8619,14.358517,37.239
8620,14.360183,37.239
8621,14.36185,37.21
8622,14.363517,37.201
8623,14.365183,37.201
8624,14.36685,37.187
8625,14.368517,37.2
8626,14.370183,37.238
8627,14.37185,37.238
8628,14.373517,37.248
8629,14.375183,37.261
8630,14.37685,37.277
8631,14.3785,37.277
8632,14.380167,37.28
8633,14.381833,37.269
8634,14.3835,37.251
8635,14.385167,37.251
8636,14.386833,37.226
8637,14.3885,37.229
8638,14.390167,37.229
8639,14.391833,37.253
8640,14.3935,37.234
8641,14.395167,37.237
8642,14.396833,37.237
8643,14.3985,37.216
8644,14.400167,37.166
8645,14.401867,37.202
8646,14.4035,37.202
8647,14.405167,37.202
8648,14.406933,37.219
8649,14.4085,37.274
8650,14.410167,37.274
8651,14.411833,37.292
8652,14.413483,37.302
8653,14.41515,37.302
8654,14.416817,37.269
8655,14.418483,37.255
8656,14.42015,37.242
8657,14.421817,37.242
8658,14.4236,37.242
8659,14.42515,37.27
8660,14.426817,37.257
8661,14.428483,37.257
8662,14.43015,37.237
8663,14.431817,37.233
8664,14.433483,37.23
8665,14.43515,37.23
8666,14.436817,37.211
8667,14.438483,37.248
8668,14.44015,37.239
8669,14.441817,37.239
8670,14.443483,37.239
8671,14.44515,37.261
8672,14.446817,37.261
8673,14.448483,37.25
8674,14.45015,37.252
8675,14.451817,37.234
8676,14.453483,37.234
8677,14.45515,37.237
8678,14.456817,37.191
8679,14.458483,37.191
8680,14.46015,37.191
8681,14.461817,37.221
8682,14.463483,37.228
8683,14.46515,37.248
8684,14.466817,37.248
8685,14.468483,37.227
8686,14.47015,37.211
8687,14.471833,37.211
8688,14.473517,37.174
8689,14.475167,37.186
8690,14.4768,37.187
8691,14.478467,37.187
8692,14.480133,37.163
8693,14.4818,37.17
8694,14.483467,37.175
8695,14.485133,37.175
8696,14.4868,37.203
8697,14.488467,37.226
8698,14.490133,37.231
8699,14.4918,37.231
8700,14.493467,37.236
8701,14.495133,37.233
8702,14.4968,37.252
8703,14.498467,37.252
8704,14.500133,37.27
8705,14.5018,37.253
8706,14.503467,37.253
8707,14.505133,37.286
8708,14.5068,37.25
8709,14.508517,37.217
8710,14.510133,37.217
8711,14.5118,37.219
8712,14.513467,37.185
8713,14.515133,37.192
8714,14.5168,37.192
8715,14.518467,37.227
8716,14.520133,37.225
8717,14.5218,37.213
8718,14.523467,37.213
8719,14.525217,37.237
8720,14.5268,37.216
8721,14.528467,37.216
8722,14.530133,37.181
8723,14.5318,37.19
8724,14.53345,37.189
8725,14.535117,37.189
8726,14.536783,37.216
8727,14.53845,37.276
8728,14.540117,37.296
8729,14.5419,37.296
8730,14.54345,37.292
8731,14.545117,37.272
8732,14.546783,37.222
8733,14.54845,37.222
8734,14.550117,37.197
8735,14.551833,37.19
8736,14.55345,37.198
8737,14.555117,37.198
8738,14.5568,37.233
8739,14.55845,37.231
8740,14.560117,37.231
8741,14.561783,37.239
8742,14.56345,37.242
8743,14.565117,37.237
8744,14.566783,37.237
8745,14.56845,37.257
8746,14.570117,37.258
8747,14.571783,37.257
8748,14.57345,37.257
8749,14.575117,37.255
8750,14.576783,37.242
8751,14.57845,37.233
8752,14.580117,37.233
8753,14.581783,37.266
8754,14.58345,37.266
8755,14.585117,37.266
8756,14.586783,37.262
8757,14.58845,37.234
8758,14.590117,37.186
8759,14.591783,37.186
8760,14.593433,37.188
8761,14.5951,37.175
8762,14.596767,37.213
8763,14.598433,37.213
8764,14.6001,37.222
8765,14.601767,37.225
8766,14.603433,37.24
8767,14.6051,37.24
8768,14.606767,37.253
8769,14.608433,37.255
8770,14.6101,37.255
8771,14.611767,37.237
8772,14.613433,37.242
8773,14.6151,37.242
8774,14.616783,37.242
8775,14.6185,37.25
8776,14.6201,37.277
8777,14.621767,37.275
8778,14.623433,37.275
8779,14.6251,37.267
8780,14.626783,37.236
8781,14.628433,37.199
8782,14.6301,37.199
8783,14.631767,37.201
8784,14.633433,37.187
8785,14.6351,37.204
8786,14.636767,37.204
8787,14.638433,37.231
8788,14.6401,37.219
8789,14.641767,37.219
8790,14.64345,37.228
8791,14.6451,37.235
8792,14.646767,37.234
8793,14.648433,37.234
8794,14.6501,37.218
8795,14.65175,37.21
8796,14.653417,37.216
8797,14.655083,37.216
8798,14.65675,37.213
8799,14.658417,37.21
8800,14.6602,37.181
8801,14.66175,37.181
8802,14.663417,37.171
8803,14.665083,37.168
8804,14.66675,37.168
8805,14.6684,37.198
8806,14.670067,37.237
8807,14.671733,37.231
8808,14.6734,37.231
8809,14.675067,37.222
8810,14.676733,37.181
8811,14.6784,37.173
8812,14.680067,37.173
8813,14.681733,37.182
8814,14.6834,37.185
8815,14.685067,37.218
8816,14.686733,37.218
8817,14.6884,37.201
8818,14.690067,37.205
8819,14.691767,37.213
8820,14.6934,37.213
8821,14.695067,37.195
8822,14.696733,37.186
8823,14.6984,37.186
8824,14.700067,37.19
8825,14.701733,37.179
8826,14.7034,37.168
8827,14.705067,37.168
8828,14.706733,37.172
8829,14.7084,37.14
8830,14.710067,37.139
8831,14.711733,37.139
8832,14.713383,37.175
8833,14.71505,37.195
8834,14.716717,37.187
8835,14.718383,37.187
8836,14.72005,37.208
8837,14.721717,37.213
8838,14.723383,37.213
8839,14.72505,37.228
8840,14.726717,37.271
8841,14.728383,37.245
8842,14.73005,37.245
8843,14.731733,37.246
8844,14.733383,37.233
8845,14.73505,37.228
8846,14.736717,37.228
8847,14.738383,37.226
8848,14.74005,37.198
8849,14.741717,37.205
8850,14.743383,37.205
8851,14.745117,37.179
8852,14.746717,37.196
8853,14.748383,37.221
8854,14.75005,37.221
8855,14.751717,37.207
8856,14.753383,37.248
8857,14.75505,37.248
8858,14.756717,37.262
8859,14.758383,37.264
8860,14.76005,37.273
8861,14.7618,37.273
8862,14.763383,37.227
8863,14.765067,37.188
8864,14.766717,37.154
8865,14.768383,37.154
8866,14.770033,37.175
8867,14.7717,37.21
8868,14.773367,37.232
8869,14.775033,37.232
8870,14.7767,37.274
8871,14.778433,37.261
8872,14.780033,37.261
8873,14.7817,37.266
8874,14.783367,37.283
8875,14.785033,37.278
8876,14.7867,37.278
8877,14.788367,37.275
8878,14.790033,37.272
8879,14.7917,37.267
8880,14.793367,37.267
8881,14.795033,37.253
8882,14.7967,37.226
8883,14.798367,37.231
8884,14.800033,37.231
8885,14.8017,37.187
8886,14.803367,37.199
8887,14.805033,37.199
8888,14.8067,37.216
8889,14.808367,37.2
8890,14.810033,37.203
8891,14.8117,37.203
8892,14.813367,37.18
8893,14.815033,37.163
8894,14.8167,37.17
8895,14.818367,37.17
8896,14.820033,37.223
8897,14.8217,37.239
8898,14.823367,37.239
8899,14.825033,37.239
8900,14.8267,37.239
8901,14.828367,37.216
8902,14.830017,37.2
8903,14.8317,37.2
8904,14.83335,37.225
8905,14.835017,37.178
8906,14.836683,37.178
8907,14.83835,37.148
8908,14.840017,37.149
8909,14.841683,37.134
8910,14.84335,37.134
8911,14.845017,37.17
8912,14.846683,37.204
8913,14.848367,37.216
8914,14.850017,37.216
8915,14.851683,37.26
8916,14.85335,37.26
8917,14.855017,37.271
8918,14.856683,37.271
8919,14.85835,37.246
8920,14.860017,37.18
8921,14.861683,37.18
8922,14.863417,37.153
8923,14.865017,37.125
8924,14.866683,37.162
8925,14.86835,37.162
8926,14.870017,37.19
8927,14.871683,37.204
8928,14.87335,37.201
8929,14.875017,37.201
8930,14.876683,37.166
8931,14.87835,37.146
8932,14.880017,37.14
8933,14.881683,37.14
8934,14.88335,37.162
8935,14.885017,37.183
8936,14.886683,37.213
8937,14.88835,37.213
8938,14.890017,37.211
8939,14.891667,37.226
8940,14.893333,37.226
8941,14.895,37.239
8942,14.89675,37.231
8943,14.898333,37.231
8944,14.9,37.231
8945,14.901667,37.208
8946,14.903333,37.207
8947,14.905,37.193
8948,14.906667,37.193
8949,14.90835,37.218
8950,14.91,37.212
8951,14.911667,37.178
8952,14.913333,37.178
8953,14.915,37.196
8954,14.916667,37.209
8955,14.918333,37.209
8956,14.92,37.239
8957,14.921667,37.263
8958,14.923333,37.263
8959,14.925,37.263
8960,14.926667,37.255
8961,14.928333,37.234
8962,14.93,37.239
8963,14.931667,37.239
8964,14.933333,37.211
8965,14.935,37.187
8966,14.936667,37.164
8967,14.938333,37.164
8968,14.94,37.154
8969,14.941667,37.167
8970,14.943333,37.186
8971,14.945,37.186
8972,14.946667,37.217
8973,14.948333,37.229
8974,14.95,37.229
8975,14.951667,37.218
8976,14.953317,37.204
8977,14.954983,37.191
8978,14.95665,37.191
8979,14.958317,37.187
8980,14.959967,37.195
8981,14.961633,37.212
8982,14.9633,37.212
8983,14.964967,37.221
8984,14.966633,37.222
8985,14.9683,37.255
8986,14.969967,37.255
8987,14.97165,37.25
8988,14.9733,37.244
8989,14.974967,37.244
8990,14.976633,37.248
8991,14.9783,37.201
8992,14.979967,37.199
8993,14.981683,37.199
8994,14.9833,37.211
8995,14.984967,37.184
8996,14.986633,37.197
8997,14.9883,37.197
8998,14.989967,37.201
8999,14.991633,37.192
9000,14.9933,37.2
9001,14.994967,37.2
9002,14.996633,37.205
9003,14.9983,37.184
9004,14.999967,37.184
9005,15.001633,37.167
9006,15.0033,37.182
9007,15.004967,37.201
9008,15.006633,37.201
9009,15.0083,37.197
9010,15.009967,37.201
9011,15.011633,37.193
9012,15.013283,37.193
9013,15.015067,37.163
9014,15.016617,37.175
9015,15.018283,37.17
9016,15.01995,37.17
9017,15.021617,37.181
9018,15.023283,37.198
9019,15.02495,37.205
9020,15.026617,37.205
9021,15.028283,37.227
9022,15.02995,37.2
9023,15.031617,37.2
9024,15.033283,37.178
9025,15.03495,37.158
9026,15.036617,37.141
9027,15.038283,37.141
9028,15.03995,37.166
9029,15.041617,37.182
9030,15.043283,37.181
9031,15.04495,37.181
9032,15.04665,37.187
9033,15.048283,37.183
9034,15.04995,37.18
9035,15.051617,37.18
9036,15.053283,37.196
9037,15.05495,37.204
9038,15.056617,37.204
9039,15.058283,37.212
9040,15.05995,37.235
9041,15.061617,37.216
9042,15.063283,37.216
9043,15.06495,37.196
9044,15.066617,37.164
9045,15.068283,37.123
9046,15.06995,37.123
9047,15.071617,37.13
9048,15.073267,37.159
9049,15.074933,37.185
9050,15.0766,37.185
9051,15.078267,37.226
9052,15.079933,37.231
9053,15.0816,37.2
9054,15.083267,37.2
9055,15.084933,37.214
9056,15.0866,37.218
9057,15.088267,37.218
9058,15.089933,37.263
9059,15.0916,37.318
9060,15.093267,37.342
9061,15.094933,37.342
9062,15.0966,37.344
9063,15.098267,37.32
9064,15.1,37.288
9065,15.1016,37.288
9066,15.103267,37.232
9067,15.104933,37.224
9068,15.106633,37.233
9069,15.108267,37.233
9070,15.109933,37.234
9071,15.1116,37.265
9072,15.113267,37.265
9073,15.114933,37.254
9074,15.1166,37.207
9075,15.118267,37.191
9076,15.119933,37.191
9077,15.1216,37.181
9078,15.123267,37.199
9079,15.124933,37.216
9080,15.1266,37.216
9081,15.128267,37.237
9082,15.129933,37.233
9083,15.1316,37.213
9084,15.133383,37.213
9085,15.134933,37.219
9086,15.136583,37.181
9087,15.13825,37.158
9088,15.139917,37.158
9089,15.141583,37.134
9090,15.14325,37.108
9091,15.144917,37.108
9092,15.146583,37.121
9093,15.14825,37.124
9094,15.149917,37.165
9095,15.151583,37.165
9096,15.15325,37.203
9097,15.154917,37.193
9098,15.156583,37.222
9099,15.15825,37.222
9100,15.159917,37.214
9101,15.161583,37.193
9102,15.16325,37.201
9103,15.164917,37.201
9104,15.166583,37.187
9105,15.16825,37.195
9106,15.169917,37.195
9107,15.171583,37.214
9108,15.17325,37.222
9109,15.174917,37.21
9110,15.176583,37.21
9111,15.17825,37.197
9112,15.179917,37.196
9113,15.181583,37.21
9114,15.18325,37.21
9115,15.184917,37.233
9116,15.186583,37.234
9117,15.188267,37.241
9118,15.189917,37.241
9119,15.1916,37.243
9120,15.193233,37.246
9121,15.1949,37.246
9122,15.196567,37.248
9123,15.198233,37.242
9124,15.1999,37.247
9125,15.201567,37.247
9126,15.203233,37.239
9127,15.2049,37.242
9128,15.206567,37.243
9129,15.208233,37.243
9130,15.2099,37.216
9131,15.211567,37.192
9132,15.213233,37.185
9133,15.2149,37.185
9134,15.216567,37.185
9135,15.21825,37.174
9136,15.2199,37.18
9137,15.221567,37.18
9138,15.223233,37.162
9139,15.2249,37.126
9140,15.226567,37.126
9141,15.228233,37.161
9142,15.2299,37.184
9143,15.231567,37.218
9144,15.233233,37.218
9145,15.234983,37.241
9146,15.236567,37.253
9147,15.238233,37.244
9148,15.2399,37.244
9149,15.241567,37.193
9150,15.243233,37.207
9151,15.2449,37.169
9152,15.246567,37.169
9153,15.248233,37.163
9154,15.2499,37.187
9155,15.251583,37.19
9156,15.2532,37.19
9157,15.254867,37.19
9158,15.256533,37.213
9159,15.2582,37.213
9160,15.259867,37.227
9161,15.261533,37.212
9162,15.2632,37.236
9163,15.2649,37.236
9164,15.2666,37.242
9165,15.2682,37.272
9166,15.269867,37.286
9167,15.271533,37.286
9168,15.2732,37.282
9169,15.274867,37.272
9170,15.276533,37.248
9171,15.2782,37.248
9172,15.279867,37.245
9173,15.281533,37.223
9174,15.2832,37.223
9175,15.284867,37.196
9176,15.286533,37.159
9177,15.2882,37.122
9178,15.289867,37.122
9179,15.291533,37.128
9180,15.2932,37.125
9181,15.294867,37.127
9182,15.296533,37.127
9183,15.2982,37.131
9184,15.299867,37.134
9185,15.301533,37.147
9186,15.3032,37.147
9187,15.304867,37.167
9188,15.306533,37.19
9189,15.3082,37.19
9190,15.309867,37.228
9191,15.311517,37.248
9192,15.313183,37.296
9193,15.31485,37.296
9194,15.316517,37.311
9195,15.318183,37.292
9196,15.31985,37.292
9197,15.321517,37.292
9198,15.323183,37.264
9199,15.32485,37.25
9200,15.326517,37.267
9201,15.328217,37.267
9202,15.32985,37.261
9203,15.331517,37.248
9204,15.333183,37.259
9205,15.33485,37.259
9206,15.336533,37.236
9207,15.338183,37.21
9208,15.33985,37.21
9209,15.341517,37.195
9210,15.343183,37.152
9211,15.34485,37.173
9212,15.346517,37.173
9213,15.348183,37.202
9214,15.34985,37.235
9215,15.351517,37.25
9216,15.353233,37.25
