"ID","sea_time","fid_signal"
1,0,1168.624
2,0.001667,1169.071
3,0.003333,1173.466
4,0.005,1173.466
5,0.006667,1173.988
6,0.00835,1173.765
7,0.01,1173.765
8,0.011667,1172.647
9,0.013333,1169.89
10,0.015,1170.114
11,0.016667,1170.114
12,0.018333,1171.38
13,0.02,1170.412
14,0.021667,1168.847
15,0.023333,1168.847
16,0.025017,1165.569
17,0.026667,1163.408
18,0.028333,1163.483
19,0.03,1163.483
20,0.031667,1165.941
21,0.033333,1170.188
22,0.035,1170.188
23,0.036667,1170.933
24,0.038367,1170.933
25,0.040017,1169.145
26,0.041667,1169.145
27,0.043333,1166.09
28,0.045,1168.251
29,0.046667,1169.965
30,0.048333,1169.965
31,0.049983,1171.455
32,0.05165,1172.423
33,0.053317,1169.592
34,0.054983,1169.592
35,0.05665,1169.145
36,0.05845,1167.506
37,0.059983,1167.506
38,0.06165,1164.973
39,0.063317,1168.326
40,0.064983,1165.867
41,0.06665,1165.867
42,0.068317,1169.071
43,0.069983,1172.796
44,0.07165000000000001,1174.063
45,0.07331699999999999,1174.063
46,0.07498299999999999,1173.839
47,0.07665,1170.486
48,0.078317,1169.816
49,0.079983,1169.816
50,0.08165,1166.612
51,0.083317,1170.039
52,0.084983,1171.604
53,0.08665,1171.604
54,0.08831700000000001,1168.326
55,0.08998299999999999,1166.91
56,0.09165,1166.91
57,0.093317,1164.898
58,0.094983,1163.334
59,0.09665,1165.122
60,0.098317,1165.122
61,0.099983,1166.463
62,0.101683,1166.761
63,0.103317,1169.369
64,0.104983,1169.369
65,0.10665,1172.051
66,0.1083,1171.455
67,0.109967,1172.274
68,0.111633,1172.274
69,0.1133,1171.157
70,0.114967,1167.506
71,0.116633,1167.506
72,0.1183,1168.4
73,0.119967,1165.867
74,0.121633,1165.271
75,0.1233,1165.271
76,0.124967,1169.294
77,0.126667,1170.71
78,0.1283,1172.051
79,0.129967,1172.051
80,0.131633,1171.455
81,0.1333,1170.263
82,0.134967,1171.38
83,0.136633,1171.38
84,0.1383,1170.635
85,0.139967,1170.337
86,0.141633,1167.879
87,0.14335,1167.879
88,0.144967,1163.706
89,0.146633,1164.153
90,0.1483,1164.153
91,0.149967,1163.855
92,0.151633,1166.537
93,0.1533,1169.592
94,0.154967,1169.592
95,0.156633,1168.251
96,0.1583,1168.773
97,0.159967,1165.196
98,0.161633,1165.196
99,0.1633,1163.11
100,0.164967,1165.718
101,0.166633,1170.188
102,0.168283,1170.188
103,0.16995,1172.87
104,0.171617,1176.372
105,0.173283,1176.372
106,0.17495,1174.882
107,0.176683,1171.455
108,0.178283,1170.412
109,0.17995,1170.412
110,0.181617,1167.208
111,0.183283,1168.027
112,0.18495,1168.4
113,0.186617,1168.4
114,0.188283,1167.729
115,0.18995,1168.996
116,0.191617,1169.443
117,0.193283,1169.443
118,0.19495,1170.635
119,0.196617,1170.635
120,0.198283,1167.58
121,0.19995,1167.58
122,0.201617,1165.941
123,0.203283,1166.984
124,0.20495,1166.984
125,0.206617,1167.58
126,0.208283,1171.231
127,0.20995,1173.541
128,0.211617,1173.541
129,0.2133,1170.71
130,0.21495,1170.263
131,0.216617,1170.263
132,0.218283,1170.263
133,0.21995,1169.369
134,0.221617,1172.274
135,0.223283,1172.349
136,0.22495,1172.349
137,0.226617,1169.965
138,0.228267,1168.177
139,0.229933,1168.177
140,0.2316,1167.729
141,0.233267,1169.369
142,0.234933,1168.847
143,0.2366,1168.847
144,0.238267,1172.125
145,0.239933,1171.529
146,0.2416,1170.263
147,0.243267,1170.263
148,0.244933,1173.094
149,0.2466,1173.317
150,0.248267,1171.306
151,0.249983,1171.306
152,0.251583,1170.635
153,0.25325,1170.412
154,0.254917,1170.412
155,0.256583,1167.729
156,0.25825,1166.463
157,0.259917,1164.302
158,0.261633,1164.302
159,0.26325,1164.079
160,0.264917,1166.537
161,0.266583,1168.847
162,0.26825,1168.847
163,0.269917,1170.188
164,0.271583,1171.306
165,0.27325,1168.4
166,0.274917,1168.4
167,0.276583,1166.165
168,0.27825,1166.463
169,0.279917,1164.675
170,0.281583,1164.675
171,0.28325,1167.059
172,0.284917,1168.326
173,0.286583,1168.326
174,0.288233,1169.667
175,0.2899,1171.008
176,0.291567,1172.796
177,0.293233,1172.796
178,0.295017,1178.756
179,0.296567,1185.462
180,0.298233,1194.552
181,0.2999,1194.552
182,0.301583,1204.833
183,0.303233,1218.17
184,0.3049,1239.851
185,0.306567,1239.851
186,0.308233,1263.097
187,0.3099,1294.389
188,0.311567,1294.389
189,0.313233,1333.356
190,0.3149,1375.601
191,0.316567,1425.818
192,0.318233,1425.818
193,0.3199,1487.359
194,0.321567,1553.521
195,0.323233,1632.869
196,0.3249,1632.869
197,0.326567,1727.045
198,0.328267,1833.066
199,0.3299,1971.424
200,0.331567,1971.424
201,0.333233,2146.363
202,0.3349,2384.335
203,0.336567,2724.305
204,0.338233,2724.305
205,0.3399,3212.392
206,0.341567,3910.065
207,0.343233,3910.065
208,0.3449,4873.797
209,0.346567,6150.305
210,0.348217,7745.251
211,0.349883,7745.251
212,0.35155,9630.77
213,0.353217,11739.88
214,0.354883,13966.486
215,0.35655,13966.486
216,0.358217,16192.123
217,0.359883,18282.682
218,0.36155,20115.6
219,0.363217,20115.6
220,0.364883,21589.398
221,0.36655,22634.045
222,0.368217,22634.045
223,0.369883,23228.303
224,0.37155,23385.51
225,0.373217,23149.699
226,0.374883,23149.699
227,0.37655,22584.424
228,0.378217,21764.934
229,0.379967,20762.756
230,0.38155,20762.756
231,0.383217,19639.953
232,0.384883,18457.77
233,0.38655,17259.27
234,0.388217,17259.27
235,0.389883,16077.235
236,0.39155,14939.979
237,0.393217,13858.378
238,0.394883,13858.378
239,0.39665,12844.652
240,0.398217,11902.973
241,0.399883,11902.973
242,0.401583,11031.181
243,0.403217,10234.49
244,0.404883,9501.949000000001
245,0.406533,9501.949000000001
246,0.4082,8837.879000000001
247,0.409867,8232.146000000001
248,0.411533,7677.302
249,0.41335,7677.302
250,0.414867,7175.282
251,0.416533,6715.432
252,0.4182,6299.987
253,0.419867,6299.987
254,0.421533,5926.043
255,0.4232,5583.987
256,0.424867,5583.987
257,0.426533,5273
258,0.4282,4990.697
259,0.429867,4731.789
260,0.431533,4731.789
261,0.4332,4496.574
262,0.434867,4280.135
263,0.436533,4082.62
264,0.4382,4082.62
265,0.439867,3901.869
266,0.441533,3740.117
267,0.443217,3593.191
268,0.444867,3593.191
269,0.446533,3457.069
270,0.4482,3328.025
271,0.449867,3206.879
272,0.451533,3206.879
273,0.4532,3093.705
274,0.454867,2991.93
275,0.456533,2991.93
276,0.4582,2901.182
277,0.459867,2816.916
278,0.461533,2736.673
279,0.4632,2736.673
280,0.464867,2659.708
281,0.466567,2585.5
282,0.468183,2517.477
283,0.46985,2517.477
284,0.471517,2456.68
285,0.473183,2399.012
286,0.474867,2348.199
287,0.476517,2348.199
288,0.478183,2299.473
289,0.47985,2251.491
290,0.481517,2251.491
291,0.483183,2209.768
292,0.48485,2166.107
293,0.486517,2127.215
294,0.488183,2127.215
295,0.48985,2090.856
296,0.491517,2054.498
297,0.493183,2021.864
298,0.49485,2021.864
299,0.496517,1991.689
300,0.498183,1962.334
301,0.49985,1932.383
302,0.501517,1932.383
303,0.503183,1906.604
304,0.50485,1878.962
305,0.506517,1878.962
306,0.5081830000000001,1854.599
307,0.50985,1831.278
308,0.511517,1807.436
309,0.5131829999999999,1807.436
310,0.514917,1786.873
311,0.516517,1766.98
312,0.5181829999999999,1749.843
313,0.51985,1749.843
314,0.521517,1734.57
315,0.523183,1716.614
316,0.52485,1702.085
317,0.5265,1702.085
318,0.5281670000000001,1687.109
319,0.529833,1669.75
320,0.531567,1656.19
321,0.5331669999999999,1656.19
322,0.534833,1638.457
323,0.5365,1624.227
324,0.538167,1624.227
325,0.539833,1613.721
326,0.5415,1599.938
327,0.54315,1587.421
328,0.544817,1587.421
329,0.5464830000000001,1575.127
330,0.54815,1564.324
331,0.549883,1556.575
332,0.5514829999999999,1556.575
333,0.55315,1548.156
334,0.554817,1539.066
335,0.5564829999999999,1528.561
336,0.55815,1528.561
337,0.559817,1520.068
338,0.561483,1513.511
339,0.56315,1513.511
340,0.564817,1507.774
341,0.566483,1499.876
342,0.56815,1490.042
343,0.569817,1490.042
344,0.571483,1483.932
345,0.57315,1473.65
346,0.574817,1465.753
347,0.576483,1465.753
348,0.5781500000000001,1458.675
349,0.579817,1447.126
350,0.581483,1439.899
351,0.5831499999999999,1439.899
352,0.584817,1434.46
353,0.586483,1429.245
354,0.588133,1425.222
355,0.5898,1425.222
356,0.591467,1420.528
357,0.593133,1415.908
358,0.5948,1415.908
359,0.596467,1413.524
360,0.598133,1409.948
361,0.5998,1406.744
362,0.601467,1406.744
363,0.603133,1402.274
364,0.6048,1394.749
365,0.606467,1391.768
366,0.608133,1391.768
367,0.6098,1385.882
368,0.611467,1381.338
369,0.61315,1377.761
370,0.6148169999999999,1377.761
371,0.6165,1374.558
372,0.61815,1374.26
373,0.6198,1374.26
374,0.621467,1370.981
375,0.623133,1368.523
376,0.6248,1364.276
377,0.626467,1364.276
378,0.6281330000000001,1359.88
379,0.6298,1356.304
380,0.631467,1353.547
381,0.6331830000000001,1353.547
382,0.6348,1350.79
383,0.636467,1344.383
384,0.638133,1340.732
385,0.6398,1340.732
386,0.641467,1334.175
387,0.643133,1329.854
388,0.6448,1329.854
389,0.646467,1329.482
390,0.6481170000000001,1327.395
391,0.649833,1329.258
392,0.65145,1329.258
393,0.6531169999999999,1326.278
394,0.654783,1325.16
395,0.65645,1322.702
396,0.658117,1322.702
397,0.659783,1320.317
398,0.66145,1318.008
399,0.663117,1313.835
400,0.664783,1313.835
401,0.66655,1312.345
402,0.668117,1306.832
403,0.669783,1302.958
404,0.67145,1302.958
405,0.673117,1301.616
406,0.674783,1301.393
407,0.67645,1301.393
408,0.678117,1298.86
409,0.679783,1299.456
410,0.68145,1297.966
411,0.683117,1297.966
412,0.684783,1292.229
413,0.68645,1289.621
414,0.688117,1287.013
415,0.689783,1287.013
416,0.69145,1283.81
417,0.693133,1284.331
418,0.694783,1285.225
419,0.69645,1285.225
420,0.698117,1283.511
421,0.699783,1280.159
422,0.70145,1280.159
423,0.703117,1276.433
424,0.704783,1273.379
425,0.70645,1274.794
426,0.708117,1274.794
427,0.709767,1274.273
428,0.711433,1272.559
429,0.7131,1272.187
430,0.714767,1272.187
431,0.716433,1268.089
432,0.7181,1268.238
433,0.719767,1270.026
434,0.721433,1270.026
435,0.7231,1269.43
436,0.7247670000000001,1268.983
437,0.726433,1269.132
438,0.7281,1269.132
439,0.7297670000000001,1269.281
440,0.731433,1266.897
441,0.7331,1266.897
442,0.7347669999999999,1266.375
443,0.736433,1263.991
444,0.7381,1259.297
445,0.739767,1259.297
446,0.741433,1258.701
447,0.7431,1257.062
448,0.744767,1254.082
449,0.746433,1254.082
450,0.7481,1253.113
451,0.749767,1254.752
452,0.751467,1253.635
453,0.7531,1253.635
454,0.754767,1254.156
455,0.756433,1255.274
456,0.7581,1255.274
457,0.759767,1250.953
458,0.761433,1249.611
459,0.7631,1247.898
460,0.764767,1247.898
461,0.766467,1245.141
462,0.768167,1245.365
463,0.76975,1243.949
464,0.771417,1243.949
465,0.773083,1241.639
466,0.77475,1240.894
467,0.776417,1239.33
468,0.778083,1239.33
469,0.7797500000000001,1238.883
470,0.781417,1242.235
471,0.783083,1242.459
472,0.784817,1242.459
473,0.786417,1243.129
474,0.788083,1238.957
475,0.78975,1238.957
476,0.791417,1233.22
477,0.793083,1229.942
478,0.79475,1226.589
479,0.796417,1226.589
480,0.798083,1227.558
481,0.79975,1229.569
482,0.801417,1230.687
483,0.803083,1230.687
484,0.80475,1231.208
485,0.8064170000000001,1231.059
486,0.808083,1231.283
487,0.80975,1231.283
488,0.8114170000000001,1233.146
489,0.813083,1232.177
490,0.81475,1232.177
491,0.8164169999999999,1231.581
492,0.818083,1230.314
493,0.81975,1228.973
494,0.821417,1228.973
495,0.823083,1228.377
496,0.82475,1228.303
497,0.826417,1226.664
498,0.828067,1226.664
499,0.8297330000000001,1223.534
500,0.8314,1222.64
501,0.833067,1222.938
502,0.834717,1222.938
503,0.836383,1219.734
504,0.838067,1220.629
505,0.839767,1223.683
506,0.841383,1223.683
507,0.84305,1223.311
508,0.84475,1228.154
509,0.846383,1228.154
510,0.84805,1227.558
511,0.8497169999999999,1225.919
512,0.851383,1226.887
513,0.85305,1226.887
514,0.8547169999999999,1226.887
515,0.856383,1228.973
516,0.85805,1230.389
517,0.859717,1230.389
518,0.861383,1227.409
519,0.86305,1224.801
520,0.864717,1222.044
521,0.866383,1222.044
522,0.86805,1217.499
523,0.869717,1218.766
524,0.871383,1218.766
525,0.87305,1218.319
526,0.874717,1217.499
527,0.876383,1217.946
528,0.87805,1217.946
529,0.879717,1217.499
530,0.881383,1217.201
531,0.88305,1217.872
532,0.884717,1217.872
533,0.886367,1219.287
534,0.88805,1216.307
535,0.8897,1215.935
536,0.891367,1215.935
537,0.893033,1215.115
538,0.8947000000000001,1212.359
539,0.896367,1212.359
540,0.898033,1212.284
541,0.8997000000000001,1211.092
542,0.901367,1210.943
543,0.9031670000000001,1210.943
544,0.9046999999999999,1209.155
545,0.906367,1211.688
546,0.908033,1213.178
547,0.9097,1213.178
548,0.911367,1214.892
549,0.913033,1219.586
550,0.914733,1220.554
551,0.916367,1220.554
552,0.918033,1219.362
553,0.9197,1217.723
554,0.921367,1215.413
555,0.923033,1215.413
556,0.9247,1211.166
557,0.9263670000000001,1207.888
558,0.928033,1207.888
559,0.9297,1205.429
560,0.9313669999999999,1203.343
561,0.93305,1202.226
562,0.9347,1202.226
563,0.9363669999999999,1203.418
564,0.938033,1202.598
565,0.9397,1203.567
566,0.941367,1203.567
567,0.943033,1205.355
568,0.9447,1206.1
569,0.946367,1208.708
570,0.948033,1208.708
571,0.9496830000000001,1207.516
572,0.95135,1205.951
573,0.953017,1205.951
574,0.9546829999999999,1205.057
575,0.95635,1202.524
576,0.958017,1202.375
577,0.959683,1202.375
578,0.96135,1202.598
579,0.963017,1201.704
580,0.964683,1201.108
581,0.96635,1201.108
582,0.968017,1200.512
583,0.969683,1202.449
584,0.97135,1203.269
585,0.973017,1203.269
586,0.974683,1203.269
587,0.9763500000000001,1203.045
588,0.978017,1202.747
589,0.9797,1202.747
590,0.981383,1204.61
591,0.983017,1206.249
592,0.984683,1206.249
593,0.9863499999999999,1206.174
594,0.988083,1203.269
595,0.989683,1201.183
596,0.99135,1201.183
597,0.993017,1200.512
598,0.994683,1201.332
599,0.99635,1201.257
600,0.998017,1201.257
601,0.999683,1201.034
602,1.00135,1197.979
603,1.003017,1197.234
604,1.004667,1197.234
605,1.00635,1197.606
606,1.008,1199.767
607,1.009667,1199.767
608,1.011333,1200.81
609,1.013,1198.873
610,1.014667,1199.469
611,1.016333,1199.469
612,1.018017,1196.191
613,1.019667,1195.297
614,1.02145,1192.912
615,1.023,1192.912
616,1.024667,1190.23
617,1.026333,1190.007
618,1.028,1191.72
619,1.029667,1191.72
620,1.031333,1194.701
621,1.033,1197.085
622,1.034667,1199.618
623,1.036333,1199.618
624,1.038,1197.904
625,1.039667,1198.426
626,1.041333,1198.426
627,1.043,1197.383
628,1.044667,1196.042
629,1.046333,1194.477
630,1.048,1194.477
631,1.049667,1191.72
632,1.051333,1190.379
633,1.053,1188.889
634,1.054667,1188.889
635,1.056333,1191.497
636,1.058,1191.497
637,1.059667,1192.614
638,1.06135,1192.614
639,1.063,1193.359
640,1.064667,1193.956
641,1.066333,1193.956
642,1.067983,1196.34
643,1.06965,1195.222
644,1.071317,1194.03
645,1.072983,1194.03
646,1.07465,1191.05
647,1.076317,1191.72
648,1.077983,1194.03
649,1.07965,1194.03
650,1.081317,1193.21
651,1.082983,1194.701
652,1.08465,1195.595
653,1.086317,1195.595
654,1.087983,1195.744
655,1.08965,1197.234
656,1.091317,1197.234
657,1.092983,1194.775
658,1.09465,1191.795
659,1.096333,1191.497
660,1.097983,1191.497
661,1.09965,1191.422
662,1.101317,1194.85
663,1.102983,1197.308
664,1.10465,1197.308
665,1.106383,1195.595
666,1.107983,1194.999
667,1.10965,1195.52
668,1.111317,1195.52
669,1.112983,1195.52
670,1.11465,1196.563
671,1.116317,1196.116
672,1.117983,1196.116
673,1.11965,1196.787
674,1.121317,1195.446
675,1.122983,1195.446
676,1.12465,1195.669
677,1.1263,1196.936
678,1.12795,1194.03
679,1.129617,1194.03
680,1.131283,1192.167
681,1.132967,1190.156
682,1.134667,1187.25
683,1.136283,1187.25
684,1.13795,1185.611
685,1.139733,1185.462
686,1.141283,1183.972
687,1.14295,1183.972
688,1.144617,1186.207
689,1.146283,1185.313
690,1.14795,1185.313
691,1.149617,1184.195
692,1.151283,1187.772
693,1.15295,1186.579
694,1.154617,1186.579
695,1.156283,1187.995
696,1.15795,1188.666
697,1.159617,1187.772
698,1.161283,1187.772
699,1.16295,1191.348
700,1.164617,1193.136
701,1.166283,1195.446
702,1.16795,1195.446
703,1.169617,1193.657
704,1.171283,1190.081
705,1.17295,1188.219
706,1.174617,1188.219
707,1.176283,1186.281
708,1.17795,1185.909
709,1.179617,1185.909
710,1.181283,1185.015
711,1.18295,1184.568
712,1.184633,1184.642
713,1.186283,1184.642
714,1.187933,1186.356
715,1.1896,1187.623
716,1.191267,1191.05
717,1.192933,1191.05
718,1.1946,1189.858
719,1.196283,1189.634
720,1.197933,1190.826
721,1.1996,1190.826
722,1.201267,1190.528
723,1.20295,1191.944
724,1.20465,1191.944
725,1.206267,1190.379
726,1.207933,1189.262
727,1.2096,1188.74
728,1.211267,1188.74
729,1.212933,1188.964
730,1.2146,1188.964
731,1.216267,1188.517
732,1.217933,1188.517
733,1.2196,1185.536
734,1.221267,1185.164
735,1.222933,1186.43
736,1.224633,1186.43
737,1.226267,1188.666
738,1.227933,1190.528
739,1.2296,1189.411
740,1.231267,1189.411
741,1.232933,1188.517
742,1.2346,1184.27
743,1.236267,1184.27
744,1.237933,1182.407
745,1.2396,1182.109
746,1.241267,1180.992
747,1.242933,1180.992
748,1.2446,1181.96
749,1.246267,1184.121
750,1.247917,1185.611
751,1.249583,1185.611
752,1.25125,1185.76
753,1.252917,1187.623
754,1.254583,1187.474
755,1.25625,1187.474
756,1.258033,1186.877
757,1.259583,1187.176
758,1.26125,1187.176
759,1.262917,1185.164
760,1.264583,1185.536
761,1.26625,1187.474
762,1.267917,1187.474
763,1.269583,1190.528
764,1.27125,1190.901
765,1.272917,1187.921
766,1.274683,1187.921
767,1.27625,1184.866
768,1.277917,1179.278
769,1.279617,1181.141
770,1.28125,1181.141
771,1.28295,1181.662
772,1.284583,1180.843
773,1.28625,1180.843
774,1.287917,1183.897
775,1.289583,1181.513
776,1.29125,1181.662
777,1.292917,1181.662
778,1.294583,1183.674
779,1.29625,1184.866
780,1.297917,1184.717
781,1.299583,1184.717
782,1.30125,1186.654
783,1.302917,1186.654
784,1.304583,1184.94
785,1.306233,1184.94
786,1.3079,1187.25
787,1.309567,1185.387
788,1.311233,1184.195
789,1.3129,1184.195
790,1.314567,1184.195
791,1.316233,1183.599
792,1.3179,1183.599
793,1.319567,1185.76
794,1.321233,1185.685
795,1.3229,1184.568
796,1.324567,1184.568
797,1.326233,1182.854
798,1.3279,1180.545
799,1.329567,1180.246
800,1.331233,1180.246
801,1.3329,1180.396
802,1.334567,1180.843
803,1.336233,1181.141
804,1.3379,1181.141
805,1.339567,1182.705
806,1.341233,1183.301
807,1.342917,1183.301
808,1.344567,1183.599
809,1.346233,1182.78
810,1.3479,1183.301
811,1.349583,1183.301
812,1.351233,1185.015
813,1.3529,1183.823
814,1.354567,1184.344
815,1.356233,1184.344
816,1.3579,1183.674
817,1.359667,1182.258
818,1.361233,1182.407
819,1.3629,1182.407
820,1.364567,1184.493
821,1.366233,1182.631
822,1.367883,1184.419
823,1.36955,1184.419
824,1.371217,1185.313
825,1.372883,1182.482
826,1.37455,1182.482
827,1.3763,1184.344
828,1.377883,1182.556
829,1.37955,1183.972
830,1.381217,1183.972
831,1.382883,1186.132
832,1.38455,1187.474
833,1.386217,1188.964
834,1.387883,1188.964
835,1.38955,1185.462
836,1.391217,1183.078
837,1.392983,1181.29
838,1.39455,1181.29
839,1.396217,1180.47
840,1.397883,1181.588
841,1.39955,1181.588
842,1.401217,1181.066
843,1.402883,1183.078
844,1.40455,1183.599
845,1.406217,1183.599
846,1.407883,1183.003
847,1.40955,1185.089
848,1.411217,1182.631
849,1.412883,1182.631
850,1.41455,1180.545
851,1.416217,1182.109
852,1.417867,1183.674
853,1.419533,1183.674
854,1.4212,1184.27
855,1.422883,1183.599
856,1.424533,1183.599
857,1.4262,1184.046
858,1.427867,1180.619
859,1.429517,1180.843
860,1.431183,1180.843
861,1.43285,1182.705
862,1.434517,1183.525
863,1.436183,1185.909
864,1.43785,1185.909
865,1.439517,1184.791
866,1.441183,1186.207
867,1.44285,1185.089
868,1.44455,1185.089
869,1.446183,1183.152
870,1.44785,1182.184
871,1.449517,1180.917
872,1.451183,1180.917
873,1.45285,1180.097
874,1.454517,1180.321
875,1.456183,1180.321
876,1.45785,1180.917
877,1.459517,1176.149
878,1.461183,1175.106
879,1.46285,1175.106
880,1.464517,1176.074
881,1.466183,1177.117
882,1.46785,1178.756
883,1.469517,1178.756
884,1.471183,1179.352
885,1.47285,1179.054
886,1.474517,1177.117
887,1.476183,1177.117
888,1.477917,1178.756
889,1.479517,1178.309
890,1.481183,1178.309
891,1.48285,1176.223
892,1.484517,1178.235
893,1.486183,1177.639
894,1.48785,1177.639
895,1.4895,1177.713
896,1.491167,1176.447
897,1.49285,1174.659
898,1.494617,1174.659
899,1.496167,1177.862
900,1.497833,1178.384
901,1.4995,1181.215
902,1.501167,1181.215
903,1.502833,1182.631
904,1.5045,1177.341
905,1.506167,1176.074
906,1.507833,1176.074
907,1.5095,1176.074
908,1.51125,1177.341
909,1.512833,1177.341
910,1.5145,1178.086
911,1.516167,1176
912,1.517833,1174.733
913,1.5195,1174.733
914,1.521167,1172.721
915,1.522833,1173.765
916,1.5245,1176
917,1.526167,1176
918,1.527833,1176.521
919,1.5295,1174.435
920,1.531183,1175.106
921,1.532833,1175.106
922,1.5345,1177.266
923,1.536167,1177.862
924,1.537833,1177.862
925,1.5395,1182.482
926,1.541167,1185.76
927,1.542833,1185.909
928,1.5445,1185.909
929,1.546167,1186.505
930,1.547817,1183.748
931,1.549483,1178.533
932,1.55115,1178.533
933,1.552817,1175.702
934,1.554483,1172.498
935,1.55615,1172.274
936,1.557817,1172.274
937,1.559483,1173.765
938,1.56115,1175.627
939,1.56285,1179.799
940,1.564483,1179.799
941,1.56615,1182.407
942,1.567817,1182.929
943,1.569483,1182.929
944,1.57115,1182.631
945,1.572817,1180.47
946,1.574483,1180.097
947,1.57615,1180.097
948,1.577817,1179.948
949,1.579483,1178.458
950,1.58115,1175.478
951,1.582817,1175.478
952,1.584483,1173.541
953,1.58615,1172.721
954,1.587817,1176.521
955,1.589483,1176.521
956,1.59115,1180.023
957,1.592817,1180.843
958,1.594483,1180.843
959,1.59615,1179.576
960,1.597817,1177.639
961,1.599483,1178.086
962,1.60115,1178.086
963,1.602817,1178.607
964,1.604483,1182.556
965,1.60615,1180.693
966,1.6078,1180.693
967,1.609467,1180.917
968,1.611133,1180.843
969,1.612817,1180.396
970,1.614467,1180.396
971,1.616133,1181.513
972,1.6178,1180.619
973,1.619467,1176.745
974,1.621133,1176.745
975,1.6228,1174.51
976,1.624467,1173.615
977,1.626133,1173.615
978,1.6278,1173.466
979,1.629567,1176.074
980,1.631133,1179.278
981,1.6328,1179.278
982,1.634467,1179.799
983,1.636133,1182.035
984,1.6378,1183.45
985,1.639467,1183.45
986,1.641167,1178.458
987,1.6428,1179.501
988,1.644467,1174.807
989,1.646133,1174.807
990,1.6478,1170.71
991,1.649467,1170.933
992,1.651133,1170.933
993,1.652817,1169.369
994,1.654467,1168.549
995,1.656133,1171.38
996,1.6578,1171.38
997,1.659467,1173.615
998,1.661133,1171.157
999,1.6628,1171.008
1000,1.664467,1171.008
1001,1.666133,1171.827
1002,1.667783,1172.796
1003,1.66945,1174.063
1004,1.671117,1174.063
1005,1.672783,1175.925
1006,1.67445,1174.063
1007,1.676117,1174.063
1008,1.677783,1172.647
1009,1.67945,1174.137
1010,1.681117,1176.745
1011,1.682783,1176.745
1012,1.68445,1180.023
1013,1.686117,1181.439
1014,1.687783,1181.886
1015,1.68945,1181.886
1016,1.691117,1183.152
1017,1.692783,1182.109
1018,1.69445,1182.854
1019,1.696133,1182.854
1020,1.697783,1183.227
1021,1.69945,1178.607
1022,1.701117,1177.937
1023,1.702783,1177.937
1024,1.70445,1176.521
1025,1.706117,1176.521
1026,1.707783,1176.521
1027,1.709467,1178.458
1028,1.7111,1179.203
1029,1.712767,1178.458
1030,1.7145,1178.458
1031,1.7161,1178.235
1032,1.717767,1175.776
1033,1.719433,1173.615
1034,1.7211,1173.615
1035,1.722767,1175.031
1036,1.724433,1174.435
1037,1.7261,1176.596
1038,1.72775,1176.596
1039,1.729417,1174.882
1040,1.731083,1173.615
1041,1.73275,1173.615
1042,1.734417,1174.36
1043,1.736083,1171.157
1044,1.73775,1173.317
1045,1.739417,1173.317
1046,1.741083,1174.212
1047,1.74275,1173.094
1048,1.744417,1176.149
1049,1.746083,1176.149
1050,1.747867,1177.862
1051,1.749417,1176.298
1052,1.751083,1175.106
1053,1.75275,1175.106
1054,1.754417,1175.18
1055,1.756083,1173.988
1056,1.75775,1174.659
1057,1.759417,1174.659
1058,1.761083,1177.713
1059,1.76275,1178.533
1060,1.764417,1178.533
1061,1.766083,1176.447
1062,1.76775,1176.149
1063,1.769417,1178.16
1064,1.771083,1178.16
1065,1.77275,1180.47
1066,1.774417,1185.387
1067,1.776083,1187.623
1068,1.77775,1187.623
1069,1.779417,1186.505
1070,1.781083,1184.419
1071,1.78275,1182.258
1072,1.784433,1182.258
1073,1.786117,1181.215
1074,1.787783,1177.117
1075,1.7894,1177.117
1076,1.791067,1176.819
1077,1.792733,1177.862
1078,1.7944,1176.298
1079,1.796067,1176.298
1080,1.797733,1176.819
1081,1.7994,1175.702
1082,1.801067,1171.902
1083,1.802733,1171.902
1084,1.8044,1170.635
1085,1.806067,1171.082
1086,1.807733,1171.604
1087,1.8094,1171.604
1088,1.811067,1171.902
1089,1.812733,1172.274
1090,1.8144,1171.008
1091,1.816067,1171.008
1092,1.817733,1170.561
1093,1.8194,1169.89
1094,1.821067,1169.89
1095,1.822733,1170.263
1096,1.8244,1170.188
1097,1.826067,1169.369
1098,1.82775,1169.369
1099,1.8294,1170.188
1100,1.831067,1170.412
1101,1.832783,1170.784
1102,1.8344,1170.784
1103,1.836067,1172.2
1104,1.837733,1173.168
1105,1.8394,1175.18
1106,1.841067,1175.18
1107,1.842733,1177.341
1108,1.8444,1175.404
1109,1.846067,1175.404
1110,1.847717,1173.243
1111,1.849433,1170.188
1112,1.85105,1170.933
1113,1.852717,1170.933
1114,1.854383,1170.188
1115,1.85605,1170.635
1116,1.857733,1173.913
1117,1.85945,1173.913
1118,1.86105,1173.243
1119,1.862717,1174.063
1120,1.864383,1177.192
1121,1.86615,1177.192
1122,1.867717,1178.309
1123,1.869383,1177.564
1124,1.87105,1177.564
1125,1.872717,1179.65
1126,1.874383,1179.501
1127,1.87605,1175.776
1128,1.877717,1175.776
1129,1.879383,1174.733
1130,1.88105,1172.125
1131,1.882717,1171.38
1132,1.884383,1171.38
1133,1.88605,1172.125
1134,1.887717,1172.498
1135,1.889383,1172.87
1136,1.89105,1172.87
1137,1.892717,1169.89
1138,1.894383,1167.655
1139,1.89605,1166.016
1140,1.897717,1166.016
1141,1.899383,1165.643
1142,1.90105,1168.4
1143,1.902717,1168.4
1144,1.904383,1170.71
1145,1.90605,1172.423
1146,1.9077,1173.913
1147,1.909367,1173.913
1148,1.911033,1172.2
1149,1.9127,1174.137
1150,1.914367,1173.392
1151,1.916033,1173.392
1152,1.9177,1172.796
1153,1.919367,1175.031
1154,1.921033,1173.615
1155,1.9227,1173.615
1156,1.924367,1176.521
1157,1.92605,1177.639
1158,1.9277,1177.639
1159,1.929367,1176.447
1160,1.931033,1175.851
1161,1.9327,1176.298
1162,1.934367,1176.298
1163,1.936067,1177.937
1164,1.9377,1176.298
1165,1.939367,1174.659
1166,1.941033,1174.659
1167,1.9427,1170.933
1168,1.944367,1168.251
1169,1.946033,1169.294
1170,1.9477,1169.294
1171,1.949367,1172.125
1172,1.951083,1175.404
1173,1.9527,1175.18
1174,1.954367,1175.18
1175,1.956033,1174.063
1176,1.9577,1175.329
1177,1.959367,1175.329
1178,1.961033,1174.137
1179,1.9627,1176.372
1180,1.964367,1177.117
1181,1.966033,1177.117
1182,1.967683,1172.423
1183,1.96935,1169.741
1184,1.971017,1169.369
1185,1.972683,1169.369
1186,1.97435,1170.859
1187,1.976017,1174.807
1188,1.977683,1178.98
1189,1.97935,1178.98
1190,1.981017,1178.98
1191,1.982683,1178.086
1192,1.984417,1174.435
1193,1.986017,1174.435
1194,1.987683,1171.157
1195,1.98935,1167.58
1196,1.991017,1167.58
1197,1.992683,1167.208
1198,1.99435,1169.667
1199,1.996017,1171.902
1200,1.997683,1171.902
1201,1.999333,1174.807
1202,2.001,1175.702
1203,2.002683,1174.882
1204,2.004333,1174.882
1205,2.006,1173.988
1206,2.007667,1176.223
1207,2.009333,1176.894
1208,2.011,1176.894
1209,2.012667,1179.203
1210,2.014333,1179.725
1211,2.016,1179.725
1212,2.017667,1176.074
1213,2.019333,1173.988
1214,2.021017,1174.137
1215,2.022667,1174.137
1216,2.024333,1176
1217,2.025983,1178.533
1218,2.02765,1179.799
1219,2.029317,1179.799
1220,2.030983,1177.937
1221,2.03265,1175.329
1222,2.034317,1174.435
1223,2.035983,1174.435
1224,2.03765,1173.168
1225,2.039317,1173.988
1226,2.040983,1173.988
1227,2.04265,1173.317
1228,2.044317,1172.647
1229,2.045983,1175.18
1230,2.04765,1175.18
1231,2.049317,1174.286
1232,2.050983,1175.404
1233,2.05265,1177.266
1234,2.054317,1177.266
1235,2.055983,1176.223
1236,2.05765,1175.702
1237,2.059317,1173.69
1238,2.060983,1173.69
1239,2.06265,1172.051
1240,2.064317,1172.721
1241,2.065983,1172.721
1242,2.067667,1173.988
1243,2.069333,1176.67
1244,2.070983,1179.054
1245,2.07265,1179.054
1246,2.074317,1179.054
1247,2.075983,1176.521
1248,2.07765,1176.819
1249,2.079317,1176.819
1250,2.080983,1173.988
1251,2.08265,1173.094
1252,2.084317,1176.074
1253,2.0861,1176.074
1254,2.087633,1176.149
1255,2.0893,1175.18
1256,2.090967,1173.317
1257,2.092633,1173.317
1258,2.0943,1171.38
1259,2.095967,1169.741
1260,2.097633,1169.741
1261,2.0993,1169.667
1262,2.100967,1172.2
1263,2.10275,1170.412
1264,2.1043,1170.412
1265,2.105967,1170.784
1266,2.107633,1172.498
1267,2.1093,1171.38
1268,2.110967,1171.38
1269,2.112633,1173.168
1270,2.1143,1174.659
1271,2.115983,1172.945
1272,2.117633,1172.945
1273,2.1193,1175.106
1274,2.120967,1176.596
1275,2.122633,1176.596
1276,2.1243,1175.031
1277,2.125967,1177.192
1278,2.127633,1176.149
1279,2.1293,1176.149
1280,2.130967,1178.011
1281,2.132633,1177.713
1282,2.1343,1175.627
1283,2.135967,1175.627
1284,2.137633,1172.796
1285,2.1393,1168.326
1286,2.140967,1170.486
1287,2.142633,1170.486
1288,2.1443,1172.051
1289,2.145983,1172.498
1290,2.147617,1175.031
1291,2.149283,1175.031
1292,2.15095,1171.827
1293,2.152617,1173.243
1294,2.154283,1173.243
1295,2.15595,1173.988
1296,2.157617,1171.976
1297,2.159283,1173.988
1298,2.16095,1173.988
1299,2.162617,1171.008
1300,2.164283,1173.541
1301,2.16595,1174.286
1302,2.167617,1174.286
1303,2.169283,1170.635
1304,2.17095,1172.498
1305,2.172617,1171.38
1306,2.174283,1171.38
1307,2.17595,1173.392
1308,2.177617,1174.659
1309,2.179283,1174.659
1310,2.18095,1173.317
1311,2.182617,1170.784
1312,2.184283,1170.337
1313,2.18595,1170.337
1314,2.1877,1171.902
1315,2.189283,1174.137
1316,2.19095,1177.043
1317,2.192617,1177.043
1318,2.194283,1173.765
1319,2.19595,1172.349
1320,2.197617,1168.996
1321,2.199283,1168.996
1322,2.20095,1165.494
1323,2.202617,1165.494
1324,2.20435,1164.898
1325,2.20595,1164.898
1326,2.207617,1164.526
1327,2.209267,1167.282
1328,2.210933,1167.282
1329,2.2126,1171.008
1330,2.214267,1173.466
1331,2.215933,1173.765
1332,2.217633,1173.765
1333,2.219267,1173.243
1334,2.22105,1171.827
1335,2.2226,1171.976
1336,2.224267,1171.976
1337,2.225933,1172.051
1338,2.2276,1173.765
1339,2.229267,1172.125
1340,2.23095,1172.125
1341,2.2326,1171.455
1342,2.234267,1174.137
1343,2.235933,1174.137
1344,2.237667,1170.263
1345,2.239267,1169.518
1346,2.240933,1168.102
1347,2.2426,1168.102
1348,2.244267,1169.071
1349,2.245933,1171.753
1350,2.2476,1173.765
1351,2.249267,1173.765
1352,2.250933,1177.266
1353,2.2526,1175.404
1354,2.254267,1176.67
1355,2.255933,1176.67
1356,2.2576,1177.49
1357,2.259267,1174.212
1358,2.260933,1174.212
1359,2.2626,1172.87
1360,2.264267,1172.945
1361,2.265933,1170.486
1362,2.267583,1170.486
1363,2.26925,1170.859
1364,2.270917,1172.498
1365,2.272583,1172.125
1366,2.27425,1172.125
1367,2.275917,1173.094
1368,2.277617,1174.51
1369,2.27925,1174.36
1370,2.280917,1174.36
1371,2.282583,1170.859
1372,2.28425,1169.89
1373,2.285917,1170.784
1374,2.287583,1170.784
1375,2.2893,1172.125
1376,2.2909,1175.404
1377,2.292567,1175.404
1378,2.294233,1179.054
1379,2.2959,1179.501
1380,2.297567,1178.905
1381,2.299233,1178.905
1382,2.3009,1176.596
1383,2.302567,1174.063
1384,2.304233,1170.263
1385,2.3059,1170.263
1386,2.307567,1168.475
1387,2.309233,1168.177
1388,2.3109,1168.251
1389,2.312567,1168.251
1390,2.314233,1169.592
1391,2.3159,1171.008
1392,2.317567,1171.008
1393,2.319233,1173.765
1394,2.3209,1172.274
1395,2.322583,1173.913
1396,2.324233,1173.913
1397,2.3259,1173.317
1398,2.32755,1172.945
1399,2.329217,1175.627
1400,2.330883,1175.627
1401,2.33255,1175.478
1402,2.334217,1172.498
1403,2.335883,1169.518
1404,2.33755,1169.518
1405,2.339283,1169.369
1406,2.340883,1168.698
1407,2.34255,1169.965
1408,2.344217,1169.965
1409,2.345883,1171.231
1410,2.34755,1169.518
1411,2.349217,1169.518
1412,2.350883,1166.463
1413,2.35255,1166.165
1414,2.354217,1166.761
1415,2.356,1166.761
1416,2.35755,1167.804
1417,2.359217,1172.051
1418,2.360883,1174.733
1419,2.362583,1174.733
1420,2.364217,1174.36
1421,2.365917,1174.36
1422,2.36755,1173.392
1423,2.369217,1173.392
1424,2.370883,1172.423
1425,2.37255,1173.541
1426,2.374217,1173.541
1427,2.375883,1174.659
1428,2.37755,1174.137
1429,2.379217,1176.819
1430,2.380883,1176.819
1431,2.38255,1175.925
1432,2.384217,1174.807
1433,2.385883,1176.149
1434,2.387533,1176.149
1435,2.3892,1173.988
1436,2.390867,1174.51
1437,2.392533,1174.212
1438,2.3942,1174.212
1439,2.395867,1173.317
1440,2.397533,1176
1441,2.3992,1178.309
1442,2.400867,1178.309
1443,2.402533,1176.894
1444,2.4042,1175.18
1445,2.405883,1175.18
1446,2.407533,1172.945
1447,2.4092,1169.369
1448,2.410867,1171.529
1449,2.412533,1171.529
1450,2.4142,1174.51
1451,2.415867,1174.36
1452,2.417533,1176.894
1453,2.4192,1176.894
1454,2.420867,1175.627
1455,2.422533,1171.976
1456,2.4242,1168.922
1457,2.425867,1168.922
1458,2.427533,1168.326
1459,2.4292,1169.369
1460,2.430883,1169.369
1461,2.4326,1168.922
1462,2.4342,1169.22
1463,2.435867,1168.773
1464,2.437533,1168.773
1465,2.4392,1170.635
1466,2.440883,1173.243
1467,2.442533,1175.702
1468,2.4442,1175.702
1469,2.445867,1172.423
1470,2.447517,1169.22
1471,2.449183,1168.251
1472,2.45085,1168.251
1473,2.452517,1168.326
1474,2.454183,1169.965
1475,2.45585,1169.965
1476,2.457533,1172.87
1477,2.459183,1171.38
1478,2.46085,1168.847
1479,2.462517,1168.847
1480,2.464183,1170.114
1481,2.46585,1169.592
1482,2.467517,1170.933
1483,2.469183,1170.933
1484,2.47085,1173.541
1485,2.472517,1171.678
1486,2.474283,1169.294
1487,2.47585,1169.294
1488,2.477517,1169.22
1489,2.479183,1168.624
1490,2.48085,1170.561
1491,2.482517,1170.561
1492,2.484183,1173.243
1493,2.48585,1174.063
1494,2.487517,1174.063
1495,2.489183,1177.266
1496,2.49085,1176.447
1497,2.492517,1176.968
1498,2.494183,1176.968
1499,2.49585,1178.384
1500,2.497517,1173.019
1501,2.499183,1172.423
1502,2.50085,1172.423
1503,2.502517,1169.89
1504,2.504183,1170.635
1505,2.505833,1173.765
1506,2.507533,1173.765
1507,2.509183,1176.521
1508,2.510883,1174.882
1509,2.5125,1174.882
1510,2.514167,1173.988
1511,2.515833,1173.466
1512,2.5175,1169.965
1513,2.519167,1169.965
1514,2.520833,1172.796
1515,2.5225,1171.902
1516,2.524167,1171.827
1517,2.525833,1171.827
1518,2.5275,1175.925
1519,2.529167,1174.137
1520,2.530833,1171.902
1521,2.5325,1171.902
1522,2.534167,1171.38
1523,2.535833,1167.729
1524,2.5375,1166.984
1525,2.539167,1166.984
1526,2.540833,1168.326
1527,2.5425,1167.133
1528,2.544167,1167.133
1529,2.545833,1167.357
1530,2.5475,1166.91
1531,2.549167,1168.251
1532,2.550833,1168.251
1533,2.5525,1171.082
1534,2.554167,1172.572
1535,2.555833,1175.627
1536,2.5575,1175.627
1537,2.559167,1173.243
1538,2.560833,1170.561
1539,2.5625,1168.027
1540,2.564167,1168.027
1541,2.565833,1164.824
1542,2.567483,1165.42
1543,2.56915,1165.42
1544,2.570817,1168.475
1545,2.572483,1170.114
1546,2.57415,1171.678
1547,2.575883,1171.678
1548,2.577483,1172.349
1549,2.57915,1170.635
1550,2.580883,1169.22
1551,2.582467,1169.22
1552,2.584133,1168.698
1553,2.5858,1166.761
1554,2.587467,1164.228
1555,2.589133,1164.228
1556,2.5908,1167.133
1557,2.592583,1168.773
1558,2.594133,1169.294
1559,2.5958,1169.294
1560,2.597467,1170.263
1561,2.599133,1168.102
1562,2.6008,1168.102
1563,2.602467,1167.953
1564,2.604133,1167.432
1565,2.6058,1168.624
1566,2.607467,1168.624
1567,2.609133,1168.102
1568,2.6108,1166.314
1569,2.612467,1166.984
1570,2.614133,1166.984
1571,2.6158,1165.792
1572,2.617467,1166.165
1573,2.619133,1166.314
1574,2.6208,1166.314
1575,2.622467,1168.698
1576,2.624133,1172.125
1577,2.6258,1172.125
1578,2.62745,1174.063
1579,2.629117,1175.627
1580,2.630783,1174.882
1581,2.63245,1174.882
1582,2.634117,1172.274
1583,2.635783,1171.455
1584,2.63745,1172.647
1585,2.639117,1172.647
1586,2.640783,1172.647
1587,2.64245,1175.031
1588,2.644117,1174.063
1589,2.645783,1174.063
1590,2.64745,1173.988
1591,2.64915,1173.913
1592,2.65085,1174.36
1593,2.65245,1174.36
1594,2.654117,1177.341
1595,2.655783,1175.031
1596,2.65745,1175.031
1597,2.659117,1176.223
1598,2.660783,1174.286
1599,2.66245,1171.902
1600,2.664117,1171.902
1601,2.665783,1171.678
1602,2.66745,1171.231
1603,2.669117,1171.902
1604,2.670783,1171.902
1605,2.67245,1173.019
1606,2.674117,1175.106
1607,2.675783,1176
1608,2.677517,1176
1609,2.679117,1176.149
1610,2.680783,1173.243
1611,2.68245,1173.243
1612,2.684117,1172.721
1613,2.685783,1169.369
1614,2.687433,1167.729
1615,2.6891,1167.729
1616,2.690767,1172.796
1617,2.692433,1173.243
1618,2.6941,1173.913
1619,2.695767,1173.913
1620,2.697433,1172.87
1621,2.6991,1170.188
1622,2.700767,1167.655
1623,2.702433,1167.655
1624,2.7041,1167.432
1625,2.705767,1167.804
1626,2.707433,1167.804
1627,2.7091,1168.549
1628,2.710883,1171.753
1629,2.712433,1173.913
1630,2.7141,1173.913
1631,2.715767,1175.776
1632,2.717433,1176.968
1633,2.7191,1177.117
1634,2.720767,1177.117
1635,2.722433,1177.564
1636,2.7241,1174.584
1637,2.725767,1173.019
1638,2.72745,1173.019
1639,2.729117,1171.529
1640,2.730767,1168.4
1641,2.732433,1171.902
1642,2.7341,1171.902
1643,2.735767,1168.996
1644,2.737433,1167.655
1645,2.7391,1167.655
1646,2.740767,1169.443
1647,2.742433,1169.369
1648,2.7441,1173.019
1649,2.745767,1173.019
1650,2.747433,1173.094
1651,2.749083,1174.584
1652,2.75075,1175.478
1653,2.752417,1175.478
1654,2.754083,1175.702
1655,2.75575,1175.925
1656,2.757417,1176.298
1657,2.759083,1176.298
1658,2.76075,1175.627
1659,2.762417,1173.765
1660,2.764083,1173.765
1661,2.76575,1173.168
1662,2.767417,1169.071
1663,2.769083,1165.867
1664,2.77075,1165.867
1665,2.772417,1167.282
1666,2.774083,1168.251
1667,2.77575,1170.486
1668,2.777417,1170.486
1669,2.779083,1173.317
1670,2.78075,1170.337
1671,2.782417,1168.996
1672,2.784083,1168.996
1673,2.78575,1167.506
1674,2.787417,1164.526
1675,2.789083,1165.42
1676,2.79075,1165.42
1677,2.792417,1165.196
1678,2.794083,1167.58
1679,2.795783,1167.58
1680,2.797417,1170.263
1681,2.799117,1173.541
1682,2.80075,1175.329
1683,2.802417,1175.329
1684,2.804083,1174.584
1685,2.80575,1175.702
1686,2.8074,1174.807
1687,2.809083,1174.807
1688,2.810733,1175.255
1689,2.8124,1175.031
1690,2.814067,1175.329
1691,2.815733,1175.329
1692,2.8174,1175.106
1693,2.819067,1176.819
1694,2.820733,1176.819
1695,2.8224,1178.756
1696,2.824067,1179.054
1697,2.825733,1177.788
1698,2.8274,1177.788
1699,2.82915,1178.011
1700,2.830733,1175.106
1701,2.8324,1171.157
1702,2.834067,1171.157
1703,2.835733,1170.635
1704,2.8374,1167.282
1705,2.839067,1167.953
1706,2.840733,1167.953
1707,2.8424,1169.667
1708,2.844067,1172.125
1709,2.845733,1174.36
1710,2.8474,1174.36
1711,2.849067,1174.659
1712,2.850733,1175.106
1713,2.8524,1175.106
1714,2.854067,1172.721
1715,2.855733,1172.498
1716,2.8574,1171.38
1717,2.859067,1171.38
1718,2.860733,1171.529
1719,2.8624,1171.902
1720,2.864067,1169.369
1721,2.865733,1169.369
1722,2.8674,1171.678
1723,2.86905,1169.369
1724,2.870717,1170.039
1725,2.872383,1170.039
1726,2.874067,1172.87
1727,2.87575,1172.051
1728,2.877417,1172.051
1729,2.879033,1173.541
1730,2.8807,1175.925
1731,2.882367,1174.063
1732,2.884033,1174.063
1733,2.8857,1175.776
1734,2.887367,1174.51
1735,2.889033,1170.784
1736,2.8907,1170.784
1737,2.892367,1171.082
1738,2.894033,1169.592
1739,2.8957,1170.859
1740,2.897367,1170.859
1741,2.899033,1172.572
1742,2.9007,1169.965
1743,2.902367,1169.965
1744,2.904033,1169.145
1745,2.9057,1167.357
1746,2.907367,1165.569
1747,2.909033,1165.569
1748,2.9107,1166.239
1749,2.912367,1165.196
1750,2.914067,1167.133
1751,2.9157,1167.133
1752,2.917367,1169.145
1753,2.919033,1173.765
1754,2.9207,1175.18
1755,2.922367,1175.18
1756,2.924033,1175.925
1757,2.925683,1175.702
1758,2.92735,1172.647
1759,2.929017,1172.647
1760,2.930683,1171.231
1761,2.93235,1172.125
1762,2.934017,1172.125
1763,2.935683,1171.306
1764,2.93735,1170.263
1765,2.939017,1171.529
1766,2.940683,1171.529
1767,2.94235,1171.753
1768,2.944017,1172.945
1769,2.945683,1174.659
1770,2.947417,1174.659
1771,2.949033,1175.255
1772,2.950683,1174.212
1773,2.952367,1175.404
1774,2.954017,1175.404
1775,2.955683,1173.317
1776,2.95735,1172.051
1777,2.959017,1172.051
1778,2.960683,1171.902
1779,2.96235,1169.89
1780,2.964017,1174.435
1781,2.965683,1174.435
1782,2.96735,1176.223
1783,2.969017,1173.392
1784,2.970683,1171.976
1785,2.97235,1171.976
1786,2.974017,1170.71
1787,2.975683,1171.082
1788,2.97735,1171.678
1789,2.979017,1171.678
1790,2.980683,1170.71
1791,2.98235,1171.082
1792,2.984017,1168.251
1793,2.985683,1168.251
1794,2.987333,1171.753
1795,2.989,1171.678
1796,2.990667,1171.678
1797,2.992333,1171.827
1798,2.994,1172.2
1799,2.995667,1168.847
1800,2.997333,1168.847
1801,2.999,1169.22
1802,3.000667,1168.027
1803,3.002333,1169.816
1804,3.004,1169.816
1805,3.005667,1169.667
1806,3.007333,1170.486
1807,3.009,1171.529
1808,3.010667,1171.529
1809,3.012333,1169.667
1810,3.014,1170.561
1811,3.015667,1170.561
1812,3.0174,1172.2
1813,3.019,1168.475
1814,3.020667,1167.953
1815,3.022333,1167.953
1816,3.024,1170.188
1817,3.025667,1167.879
1818,3.027333,1170.486
1819,3.029,1170.486
1820,3.030667,1171.38
1821,3.032367,1167.208
1822,3.034,1169.816
1823,3.035667,1169.816
1824,3.03735,1168.549
1825,3.039,1170.337
1826,3.040667,1170.337
1827,3.042333,1171.455
1828,3.044,1168.624
1829,3.045667,1169.592
1830,3.047317,1169.592
1831,3.049083,1170.114
1832,3.05065,1173.019
1833,3.052317,1174.733
1834,3.053983,1174.733
1835,3.05565,1176.596
1836,3.057317,1176
1837,3.058983,1176
1838,3.06065,1176
1839,3.062317,1175.255
1840,3.063983,1173.466
1841,3.06575,1173.019
1842,3.067317,1173.019
1843,3.068983,1170.933
1844,3.07065,1172.945
