"ID","sea_time","fid_signal"
1,0,28.98
2,0.001667,28.992
3,0.003333,28.991
4,0.005,28.991
5,0.006667,28.991
6,0.008333,28.974
7,0.01,28.913
8,0.011667,28.832
9,0.013333,28.832
10,0.015,28.755
11,0.016667,28.713
12,0.018333,28.717
13,0.02,28.717
14,0.02165,28.764
15,0.023317,28.822
16,0.024983,28.822
17,0.02665,28.872
18,0.028317,28.913
19,0.029983,28.939
20,0.031683,28.939
21,0.033317,28.951
22,0.034983,28.963
23,0.03665,28.969
24,0.038317,28.969
25,0.039983,28.975
26,0.04165,28.98
27,0.043317,28.984
28,0.044967,28.984
29,0.046633,28.984
30,0.0483,28.982
31,0.049967,28.981
32,0.051633,28.981
33,0.0533,28.978
34,0.054967,28.981
35,0.056633,28.981
36,0.0583,28.975
37,0.059983,28.976
38,0.061633,28.975
39,0.0633,28.975
40,0.064967,28.973
41,0.066633,28.979
42,0.0683,28.98
43,0.069967,28.98
44,0.07166699999999999,28.978
45,0.0733,28.977
46,0.07496700000000001,28.974
47,0.07663300000000001,28.974
48,0.07829999999999999,28.972
49,0.079967,28.969
50,0.081633,28.969
51,0.0833,28.966
52,0.084967,28.965
53,0.086633,28.963
54,0.08833299999999999,28.963
55,0.08996700000000001,28.968
56,0.09163300000000001,28.977
57,0.09329999999999999,28.983
58,0.094967,28.983
59,0.096633,28.987
60,0.0983,28.989
61,0.099967,28.986
62,0.101633,28.986
63,0.1033,28.984
64,0.105067,28.982
65,0.106617,28.982
66,0.108283,28.982
67,0.11,28.985
68,0.111617,28.988
69,0.113283,28.988
70,0.11495,28.985
71,0.116617,28.978
72,0.118283,28.97
73,0.11995,28.97
74,0.121617,28.958
75,0.123283,28.956
76,0.12495,28.952
77,0.126617,28.952
78,0.128283,28.948
79,0.12995,28.948
80,0.131617,28.951
81,0.133283,28.951
82,0.13495,28.953
83,0.136617,28.957
84,0.138283,28.957
85,0.13995,28.959
86,0.141617,28.957
87,0.143283,28.965
88,0.14495,28.965
89,0.146617,28.97
90,0.148283,28.975
91,0.149983,28.977
92,0.151617,28.977
93,0.153283,28.969
94,0.15495,28.967
95,0.156617,28.968
96,0.158283,28.968
97,0.15995,28.971
98,0.161617,28.983
99,0.163267,28.989
100,0.164933,28.989
101,0.1666,28.987
102,0.168267,28.979
103,0.169933,28.979
104,0.1716,28.975
105,0.173267,28.97
106,0.174933,28.972
107,0.17665,28.972
108,0.178267,28.972
109,0.179933,28.967
110,0.1816,28.958
111,0.183267,28.958
112,0.184933,28.95
113,0.1866,28.955
114,0.188267,28.955
115,0.189933,28.955
116,0.1916,28.963
117,0.193267,28.966
118,0.194933,28.966
119,0.1966,28.967
120,0.198267,28.967
121,0.19995,28.962
122,0.2016,28.962
123,0.203267,28.958
124,0.204933,28.951
125,0.2066,28.943
126,0.208267,28.943
127,0.209933,28.947
128,0.2116,28.946
129,0.213267,28.949
130,0.214933,28.949
131,0.2166,28.953
132,0.218267,28.955
133,0.219933,28.955
134,0.2216,28.959
135,0.223383,28.963
136,0.224917,28.971
137,0.226583,28.971
138,0.22825,28.976
139,0.229917,28.988
140,0.231583,28.994
141,0.23325,28.994
142,0.234917,28.999
143,0.236583,29.001
144,0.23825,29.003
145,0.239917,29.003
146,0.241583,29.012
147,0.243283,29.023
148,0.244917,29.032
149,0.246583,29.032
150,0.24825,29.036
151,0.249933,29.042
152,0.251633,29.042
153,0.25325,29.051
154,0.254917,29.064
155,0.256583,29.083
156,0.25825,29.083
157,0.259917,29.102
158,0.261583,29.121
159,0.26325,29.135
160,0.264917,29.135
161,0.266583,29.154
162,0.26825,29.169
163,0.269917,29.189
164,0.271583,29.189
165,0.27325,29.222
166,0.274917,29.259
167,0.276583,29.259
168,0.27825,29.302
169,0.279917,29.346
170,0.281583,29.399
171,0.283233,29.399
172,0.2849,29.449
173,0.286567,29.511
174,0.288233,29.588
175,0.2899,29.588
176,0.291567,29.667
177,0.293233,29.761
178,0.2949,29.863
179,0.296567,29.863
180,0.298233,29.978
181,0.2999,30.125
182,0.301567,30.291
183,0.303233,30.291
184,0.3049,30.488
185,0.306567,30.71
186,0.308267,30.71
187,0.3099,30.978
188,0.311567,31.321
189,0.313217,31.77
190,0.314883,31.77
191,0.31655,32.362
192,0.318217,33.148
193,0.3199,34.206
194,0.32155,34.206
195,0.323217,35.599
196,0.3249,37.435
197,0.32655,39.792
198,0.328217,39.792
199,0.329883,42.73
200,0.33155,46.297
201,0.333217,46.297
202,0.334883,50.488
203,0.33655,55.258
204,0.338217,60.517
205,0.339883,60.517
206,0.34165,66.131
207,0.343217,71.92
208,0.344867,77.67400000000001
209,0.346533,77.67400000000001
210,0.3482,83.173
211,0.349867,88.194
212,0.351533,92.563
213,0.3532,92.563
214,0.354867,96.11
215,0.356533,98.73699999999999
216,0.3582,100.38
217,0.359867,100.38
218,0.361533,101.015
219,0.3632,100.697
220,0.364867,100.697
221,0.366533,99.477
222,0.3682,97.468
223,0.369867,94.794
224,0.371533,94.794
225,0.3732,91.583
226,0.374883,87.97199999999999
227,0.376533,84.087
228,0.3782,84.087
229,0.379867,80.04300000000001
230,0.381533,75.94199999999999
231,0.3832,71.876
232,0.384867,71.876
233,0.386533,67.917
234,0.3882,64.121
235,0.389867,64.121
236,0.391533,60.524
237,0.3932,57.153
238,0.394867,54.032
239,0.396567,54.032
240,0.398217,51.167
241,0.399867,48.561
242,0.401533,46.215
243,0.403183,46.215
244,0.40485,44.107
245,0.406517,42.223
246,0.408183,40.534
247,0.40985,40.534
248,0.411517,39.039
249,0.413183,37.721
250,0.41485,37.721
251,0.416517,36.567
252,0.418183,35.565
253,0.41985,34.686
254,0.421517,34.686
255,0.423183,33.921
256,0.42485,33.253
257,0.426567,32.674
258,0.428183,32.674
259,0.42985,32.175
260,0.431517,31.744
261,0.433183,31.373
262,0.43485,31.373
263,0.436517,31.049
264,0.438183,30.774
265,0.43985,30.526
266,0.441517,30.526
267,0.443183,30.316
268,0.44485,30.151
269,0.446517,30.151
270,0.448183,29.994
271,0.44985,29.874
272,0.451517,29.762
273,0.453183,29.762
274,0.45485,29.668
275,0.456517,29.594
276,0.458183,29.528
277,0.45985,29.528
278,0.461517,29.476
279,0.463183,29.426
280,0.464833,29.386
281,0.4665,29.386
282,0.468167,29.358
283,0.469833,29.335
284,0.4715,29.335
285,0.473167,29.316
286,0.474833,29.293
287,0.4765,29.271
288,0.478167,29.271
289,0.479917,29.257
290,0.4815,29.236
291,0.483167,29.227
292,0.484833,29.227
293,0.4865,29.211
294,0.488167,29.202
295,0.489833,29.196
296,0.4915,29.196
297,0.493167,29.183
298,0.494833,29.181
299,0.4965,29.174
300,0.498167,29.174
301,0.499833,29.169
302,0.5014999999999999,29.169
303,0.503167,29.169
304,0.504833,29.165
305,0.5065,29.149
306,0.508167,29.144
307,0.509833,29.144
308,0.5115,29.137
309,0.513167,29.137
310,0.514833,29.143
311,0.5165,29.143
312,0.518167,29.142
313,0.519833,29.148
314,0.5215,29.145
315,0.52315,29.145
316,0.524817,29.146
317,0.526483,29.141
318,0.52815,29.141
319,0.529817,29.13
320,0.531483,29.12
321,0.53315,29.114
322,0.534817,29.114
323,0.536483,29.113
324,0.53815,29.117
325,0.539817,29.12
326,0.541483,29.12
327,0.54315,29.115
328,0.5449000000000001,29.12
329,0.5464830000000001,29.113
330,0.54815,29.113
331,0.549817,29.113
332,0.5514829999999999,29.119
333,0.55315,29.118
334,0.554817,29.118
335,0.5564829999999999,29.123
336,0.55815,29.124
337,0.559817,29.124
338,0.561567,29.12
339,0.56315,29.114
340,0.564817,29.113
341,0.566483,29.113
342,0.56815,29.108
343,0.569817,29.106
344,0.571483,29.102
345,0.57315,29.102
346,0.574817,29.1
347,0.576483,29.1
348,0.57825,29.092
349,0.579817,29.092
350,0.581483,29.088
351,0.583133,29.078
352,0.5848,29.078
353,0.586467,29.079
354,0.588133,29.079
355,0.5898,29.078
356,0.591467,29.078
357,0.593133,29.079
358,0.5948,29.074
359,0.596467,29.082
360,0.598133,29.082
361,0.5998,29.086
362,0.601467,29.084
363,0.60315,29.086
364,0.604783,29.086
365,0.60645,29.08
366,0.608117,29.081
367,0.609783,29.081
368,0.61145,29.076
369,0.613117,29.066
370,0.614783,29.06
371,0.6164500000000001,29.06
372,0.61815,29.057
373,0.619783,29.059
374,0.6215000000000001,29.07
375,0.623117,29.07
376,0.624783,29.076
377,0.62645,29.076
378,0.628117,29.082
379,0.629783,29.082
380,0.63145,29.075
381,0.633117,29.078
382,0.634783,29.076
383,0.63645,29.076
384,0.638117,29.071
385,0.639783,29.072
386,0.64145,29.072
387,0.643117,29.064
388,0.644767,29.068
389,0.646433,29.073
390,0.6481,29.073
391,0.649767,29.072
392,0.651433,29.077
393,0.6531,29.088
394,0.654767,29.088
395,0.656433,29.09
396,0.6581,29.094
397,0.659767,29.096
398,0.661433,29.096
399,0.663133,29.089
400,0.664767,29.088
401,0.6664330000000001,29.088
402,0.6681,29.089
403,0.669767,29.08
404,0.6714329999999999,29.079
405,0.6731,29.079
406,0.674767,29.083
407,0.676433,29.087
408,0.6781,29.096
409,0.679783,29.096
410,0.681433,29.094
411,0.6831,29.093
412,0.684767,29.094
413,0.686433,29.094
414,0.6881,29.089
415,0.689767,29.087
416,0.691433,29.086
417,0.693117,29.086
418,0.694783,29.09
419,0.696533,29.099
420,0.6981000000000001,29.099
421,0.699767,29.094
422,0.701433,29.1
423,0.703083,29.099
424,0.70475,29.099
425,0.706417,29.096
426,0.708083,29.104
427,0.70975,29.094
428,0.711417,29.094
429,0.713217,29.09
430,0.71475,29.081
431,0.716417,29.08
432,0.718083,29.08
433,0.71975,29.089
434,0.721417,29.091
435,0.723083,29.091
436,0.72475,29.102
437,0.726417,29.11
438,0.728083,29.11
439,0.72975,29.11
440,0.731417,29.105
441,0.733083,29.095
442,0.73475,29.085
443,0.736417,29.085
444,0.738083,29.083
445,0.73975,29.082
446,0.741417,29.085
447,0.743083,29.085
448,0.74475,29.083
449,0.746417,29.07
450,0.7480830000000001,29.062
451,0.74975,29.062
452,0.751417,29.056
453,0.7530829999999999,29.054
454,0.75475,29.054
455,0.756417,29.053
456,0.758083,29.059
457,0.75975,29.067
458,0.761417,29.067
459,0.763117,29.071
460,0.764733,29.075
461,0.766433,29.082
462,0.7680670000000001,29.082
463,0.769733,29.092
464,0.7714,29.098
465,0.7730669999999999,29.107
466,0.774733,29.107
467,0.7764,29.104
468,0.778083,29.092
469,0.779733,29.092
470,0.7814,29.089
471,0.783067,29.091
472,0.784733,29.094
473,0.7864,29.094
474,0.788067,29.1
475,0.789733,29.103
476,0.7914,29.094
477,0.793067,29.094
478,0.794733,29.093
479,0.7964,29.086
480,0.798167,29.086
481,0.799733,29.086
482,0.8014,29.086
483,0.803067,29.076
484,0.804733,29.078
485,0.8064,29.078
486,0.808067,29.069
487,0.809733,29.073
488,0.8114,29.073
489,0.813067,29.08
490,0.814817,29.084
491,0.8164,29.084
492,0.818067,29.084
493,0.819733,29.083
494,0.8214,29.081
495,0.8230499999999999,29.08
496,0.824717,29.08
497,0.826383,29.092
498,0.82805,29.1
499,0.829717,29.105
500,0.831483,29.105
501,0.83305,29.107
502,0.834717,29.106
503,0.836383,29.106
504,0.83805,29.108
505,0.83975,29.103
506,0.841383,29.105
507,0.84305,29.105
508,0.8447170000000001,29.095
509,0.846383,29.089
510,0.84805,29.098
511,0.8497169999999999,29.098
512,0.851383,29.099
513,0.85305,29.107
514,0.8547169999999999,29.094
515,0.8564000000000001,29.094
516,0.85805,29.079
517,0.859717,29.073
518,0.861383,29.073
519,0.86305,29.074
520,0.864717,29.088
521,0.866383,29.101
522,0.86805,29.101
523,0.869717,29.104
524,0.871383,29.104
525,0.87305,29.095
526,0.874717,29.095
527,0.876383,29.091
528,0.87805,29.091
529,0.879717,29.082
530,0.881383,29.082
531,0.88305,29.081
532,0.8847,29.077
533,0.886367,29.076
534,0.888033,29.076
535,0.8897,29.083
536,0.891367,29.093
537,0.893033,29.093
538,0.894683,29.1
539,0.89635,29.097
540,0.898017,29.091
541,0.899717,29.091
542,0.90135,29.091
543,0.903017,29.089
544,0.904683,29.095
545,0.90635,29.095
546,0.908017,29.11
547,0.909683,29.107
548,0.91135,29.107
549,0.913017,29.107
550,0.914683,29.102
551,0.916417,29.096
552,0.918017,29.096
553,0.919683,29.102
554,0.92135,29.106
555,0.923017,29.116
556,0.924683,29.116
557,0.92635,29.116
558,0.928017,29.111
559,0.929683,29.116
560,0.93135,29.116
561,0.933067,29.107
562,0.934683,29.102
563,0.93635,29.104
564,0.938033,29.104
565,0.939683,29.103
566,0.94135,29.106
567,0.9429999999999999,29.113
568,0.944667,29.113
569,0.946333,29.116
570,0.948,29.117
571,0.949783,29.117
572,0.951333,29.119
573,0.953017,29.123
574,0.954667,29.129
575,0.956333,29.129
576,0.958,29.135
577,0.959667,29.135
578,0.961333,29.137
579,0.963,29.137
580,0.9646670000000001,29.133
581,0.966333,29.128
582,0.968,29.132
583,0.9696669999999999,29.132
584,0.971333,29.134
585,0.973,29.139
586,0.974667,29.139
587,0.976333,29.136
588,0.978,29.137
589,0.9797169999999999,29.133
590,0.981333,29.133
591,0.983,29.122
592,0.984667,29.122
593,0.986333,29.124
594,0.988,29.124
595,0.989667,29.13
596,0.991333,29.143
597,0.993,29.154
598,0.994667,29.154
599,0.996333,29.149
600,0.998,29.138
601,0.999667,29.138
602,1.001333,29.131
603,1.002983,29.124
604,1.00465,29.122
605,1.006317,29.122
606,1.007983,29.13
607,1.00965,29.124
608,1.011317,29.123
609,1.012983,29.123
610,1.01465,29.124
611,1.016317,29.115
612,1.017983,29.11
613,1.01965,29.11
614,1.021333,29.102
615,1.022983,29.101
616,1.02465,29.097
617,1.026317,29.097
618,1.027983,29.098
619,1.02965,29.098
620,1.031317,29.098
621,1.032983,29.102
622,1.034717,29.11
623,1.036317,29.114
624,1.037983,29.114
625,1.03965,29.116
626,1.041317,29.117
627,1.042983,29.126
628,1.04465,29.126
629,1.046317,29.125
630,1.047983,29.121
631,1.04965,29.112
632,1.051317,29.112
633,1.052983,29.098
634,1.05465,29.097
635,1.056317,29.097
636,1.057983,29.103
637,1.05965,29.105
638,1.061317,29.11
639,1.062967,29.11
640,1.064633,29.112
641,1.0663,29.111
642,1.0681,29.117
643,1.069633,29.117
644,1.0713,29.113
645,1.072967,29.117
646,1.074633,29.125
647,1.0763,29.125
648,1.077967,29.123
649,1.079633,29.123
650,1.0813,29.117
651,1.082967,29.117
652,1.084633,29.114
653,1.0863,29.113
654,1.087967,29.113
655,1.089633,29.118
656,1.0913,29.127
657,1.092967,29.125
658,1.094633,29.125
659,1.0963,29.125
660,1.097967,29.129
661,1.099633,29.127
662,1.1013,29.127
663,1.102967,29.136
664,1.104633,29.139
665,1.1063,29.135
666,1.107967,29.135
667,1.10965,29.137
668,1.1113,29.127
669,1.112967,29.127
670,1.114633,29.12
671,1.1163,29.124
672,1.117967,29.123
673,1.119633,29.123
674,1.1213,29.129
675,1.122967,29.143
676,1.12465,29.149
677,1.126283,29.149
678,1.12795,29.151
679,1.129617,29.152
680,1.131283,29.14
681,1.13295,29.14
682,1.134617,29.13
683,1.136283,29.13
684,1.13795,29.125
685,1.139617,29.125
686,1.141283,29.119
687,1.14295,29.124
688,1.144617,29.124
689,1.146283,29.113
690,1.14795,29.116
691,1.149617,29.121
692,1.151283,29.121
693,1.153,29.113
694,1.154617,29.111
695,1.156283,29.109
696,1.15795,29.109
697,1.159617,29.108
698,1.161283,29.106
699,1.16295,29.111
700,1.164617,29.111
701,1.166283,29.112
702,1.16795,29.11
703,1.169617,29.11
704,1.171283,29.111
705,1.17295,29.112
706,1.174617,29.114
707,1.176283,29.114
708,1.17795,29.118
709,1.179617,29.127
710,1.181283,29.136
711,1.18295,29.136
712,1.1846,29.14
713,1.186367,29.152
714,1.187917,29.155
715,1.189583,29.155
716,1.19125,29.152
717,1.192917,29.144
718,1.194583,29.144
719,1.19625,29.137
720,1.197917,29.133
721,1.199617,29.129
722,1.201333,29.129
723,1.202917,29.134
724,1.204583,29.135
725,1.20625,29.139
726,1.207917,29.139
727,1.209583,29.146
728,1.21125,29.151
729,1.212917,29.151
730,1.214583,29.151
731,1.21625,29.154
732,1.217917,29.157
733,1.219583,29.155
734,1.22125,29.155
735,1.222917,29.152
736,1.224583,29.147
737,1.22625,29.147
738,1.227917,29.144
739,1.229583,29.141
740,1.23125,29.131
741,1.232917,29.131
742,1.234583,29.124
743,1.23625,29.116
744,1.237917,29.111
745,1.239583,29.111
746,1.24125,29.118
747,1.2429,29.126
748,1.244567,29.116
749,1.246233,29.116
750,1.2479,29.114
751,1.249567,29.117
752,1.251233,29.117
753,1.2529,29.114
754,1.254567,29.124
755,1.256233,29.131
756,1.2579,29.131
757,1.259567,29.12
758,1.261233,29.12
759,1.2629,29.112
760,1.2646,29.112
761,1.266233,29.11
762,1.2679,29.109
763,1.269567,29.109
764,1.271317,29.109
765,1.2729,29.114
766,1.274583,29.119
767,1.276233,29.123
768,1.2779,29.123
769,1.279567,29.129
770,1.281233,29.127
771,1.2829,29.127
772,1.284567,29.131
773,1.286233,29.14
774,1.2879,29.139
775,1.289567,29.139
776,1.291233,29.147
777,1.2929,29.136
778,1.294567,29.131
779,1.296233,29.131
780,1.2979,29.128
781,1.299567,29.126
782,1.301233,29.122
783,1.302883,29.122
784,1.304667,29.12
785,1.306217,29.116
786,1.307883,29.116
787,1.30955,29.114
788,1.311217,29.121
789,1.312883,29.128
790,1.31455,29.128
791,1.316217,29.131
792,1.317883,29.131
793,1.31955,29.129
794,1.321217,29.129
795,1.322883,29.133
796,1.32455,29.137
797,1.326217,29.136
798,1.327883,29.136
799,1.32955,29.139
800,1.331217,29.128
801,1.332883,29.128
802,1.33455,29.128
803,1.336217,29.126
804,1.337883,29.129
805,1.33955,29.129
806,1.341217,29.137
807,1.342883,29.136
808,1.344583,29.143
809,1.346217,29.143
810,1.347883,29.136
811,1.34955,29.123
812,1.351217,29.12
813,1.352883,29.12
814,1.35455,29.114
815,1.356217,29.119
816,1.357883,29.129
817,1.35955,29.129
818,1.36125,29.131
819,1.362883,29.133
820,1.364533,29.133
821,1.3662,29.128
822,1.367867,29.118
823,1.369533,29.115
824,1.3712,29.115
825,1.372867,29.104
826,1.374533,29.107
827,1.3762,29.105
828,1.377867,29.105
829,1.379533,29.103
830,1.3812,29.11
831,1.382867,29.109
832,1.384533,29.109
833,1.3862,29.112
834,1.387867,29.106
835,1.3896,29.106
836,1.3912,29.106
837,1.392867,29.101
838,1.394533,29.093
839,1.3962,29.093
840,1.397867,29.096
841,1.399533,29.087
842,1.4012,29.087
843,1.402867,29.087
844,1.404533,29.095
845,1.4062,29.101
846,1.407867,29.111
847,1.40955,29.111
848,1.4112,29.114
849,1.412867,29.119
850,1.414533,29.118
851,1.4162,29.118
852,1.417883,29.114
853,1.419533,29.111
854,1.4212,29.111
855,1.422983,29.112
856,1.424517,29.109
857,1.426183,29.117
858,1.42785,29.117
859,1.429517,29.12
860,1.431183,29.116
861,1.43285,29.123
862,1.434517,29.123
863,1.436183,29.114
864,1.43785,29.111
865,1.439517,29.106
866,1.441183,29.106
867,1.44285,29.104
868,1.444517,29.106
869,1.446183,29.106
870,1.44785,29.109
871,1.449517,29.111
872,1.451183,29.117
873,1.45285,29.117
874,1.45455,29.123
875,1.456183,29.13
876,1.45785,29.138
877,1.459517,29.138
878,1.461183,29.127
879,1.46285,29.121
880,1.464517,29.12
881,1.466183,29.12
882,1.46785,29.118
883,1.469517,29.123
884,1.471183,29.12
885,1.47285,29.12
886,1.474517,29.117
887,1.476183,29.113
888,1.477833,29.113
889,1.4795,29.11
890,1.481167,29.111
891,1.482817,29.116
892,1.484483,29.116
893,1.48615,29.122
894,1.487817,29.126
895,1.489533,29.132
896,1.49115,29.132
897,1.492817,29.134
898,1.494483,29.133
899,1.49615,29.133
900,1.497817,29.133
901,1.499483,29.134
902,1.50115,29.138
903,1.502817,29.138
904,1.504483,29.141
905,1.50615,29.143
906,1.507867,29.141
907,1.509483,29.141
908,1.51115,29.132
909,1.512817,29.131
910,1.514483,29.135
911,1.51615,29.135
912,1.517817,29.132
913,1.519483,29.133
914,1.52115,29.133
915,1.522817,29.133
916,1.524533,29.126
917,1.52615,29.127
918,1.527817,29.125
919,1.529483,29.125
920,1.53115,29.117
921,1.532817,29.117
922,1.534483,29.117
923,1.53615,29.12
924,1.53785,29.113
925,1.539483,29.118
926,1.541233,29.118
927,1.5428,29.114
928,1.544467,29.11
929,1.546133,29.115
930,1.5478,29.115
931,1.549467,29.112
932,1.551133,29.109
933,1.5528,29.108
934,1.554467,29.108
935,1.556133,29.113
936,1.557933,29.12
937,1.559467,29.12
938,1.561133,29.126
939,1.5628,29.13
940,1.564483,29.119
941,1.566183,29.119
942,1.5678,29.112
943,1.569467,29.111
944,1.571133,29.106
945,1.5728,29.106
946,1.574467,29.109
947,1.576133,29.105
948,1.5778,29.11
949,1.579467,29.11
950,1.581133,29.11
951,1.5828,29.109
952,1.584483,29.12
953,1.586133,29.12
954,1.5878,29.117
955,1.589467,29.125
956,1.591133,29.125
957,1.5928,29.136
958,1.594467,29.135
959,1.596133,29.137
960,1.5978,29.137
961,1.599467,29.141
962,1.601133,29.135
963,1.602783,29.134
964,1.60445,29.134
965,1.606117,29.127
966,1.607783,29.115
967,1.60945,29.11
968,1.611117,29.11
969,1.612783,29.115
970,1.61445,29.115
971,1.616117,29.115
972,1.617783,29.121
973,1.619483,29.129
974,1.621117,29.127
975,1.622783,29.127
976,1.62445,29.128
977,1.626133,29.132
978,1.627783,29.125
979,1.62945,29.125
980,1.631117,29.116
981,1.6328,29.109
982,1.63445,29.097
983,1.636117,29.097
984,1.637783,29.099
985,1.63945,29.102
986,1.641117,29.102
987,1.64285,29.103
988,1.64445,29.113
989,1.646117,29.112
990,1.647783,29.112
991,1.64945,29.116
992,1.651117,29.135
993,1.652783,29.14
994,1.65445,29.14
995,1.656117,29.145
996,1.657783,29.155
997,1.65955,29.161
998,1.661117,29.161
999,1.662783,29.162
1000,1.664433,29.165
1001,1.6661,29.161
1002,1.667767,29.161
1003,1.669433,29.145
1004,1.6711,29.141
1005,1.672767,29.141
1006,1.674433,29.136
1007,1.676217,29.124
1008,1.677767,29.122
1009,1.679433,29.122
1010,1.6811,29.121
1011,1.682767,29.114
1012,1.684433,29.116
1013,1.6861,29.116
1014,1.687767,29.119
1015,1.689433,29.12
1016,1.6911,29.13
1017,1.692767,29.13
1018,1.694433,29.142
1019,1.6961,29.146
1020,1.697767,29.146
1021,1.699433,29.145
1022,1.7011,29.147
1023,1.702767,29.14
1024,1.704433,29.14
1025,1.706117,29.133
1026,1.707767,29.132
1027,1.70945,29.131
1028,1.7111,29.131
1029,1.712767,29.123
1030,1.714433,29.123
1031,1.7161,29.121
1032,1.717767,29.121
1033,1.719433,29.109
1034,1.7211,29.11
1035,1.72275,29.108
1036,1.724417,29.108
1037,1.726083,29.105
1038,1.72775,29.114
1039,1.729417,29.114
1040,1.731083,29.118
1041,1.73275,29.126
1042,1.734417,29.129
1043,1.736083,29.129
1044,1.73775,29.119
1045,1.739417,29.112
1046,1.741083,29.112
1047,1.74275,29.112
1048,1.744417,29.114
1049,1.746083,29.125
1050,1.74775,29.133
1051,1.749417,29.133
1052,1.751083,29.136
1053,1.75275,29.133
1054,1.754417,29.133
1055,1.756083,29.133
1056,1.75775,29.127
1057,1.759417,29.125
1058,1.761167,29.125
1059,1.76275,29.132
1060,1.764417,29.127
1061,1.766083,29.134
1062,1.76775,29.134
1063,1.7694,29.133
1064,1.771067,29.131
1065,1.772733,29.135
1066,1.7744,29.135
1067,1.776067,29.14
1068,1.777783,29.132
1069,1.7794,29.132
1070,1.781083,29.131
1071,1.782767,29.131
1072,1.784383,29.132
1073,1.78605,29.132
1074,1.78775,29.135
1075,1.789383,29.132
1076,1.79105,29.119
1077,1.792717,29.119
1078,1.7945,29.111
1079,1.79605,29.116
1080,1.797717,29.112
1081,1.799383,29.112
1082,1.80105,29.122
1083,1.802717,29.126
1084,1.804383,29.131
1085,1.80605,29.131
1086,1.807717,29.138
1087,1.809383,29.146
1088,1.81105,29.146
1089,1.812717,29.142
1090,1.814383,29.135
1091,1.81605,29.134
1092,1.817717,29.134
1093,1.819383,29.129
1094,1.82105,29.131
1095,1.822717,29.13
1096,1.824383,29.13
1097,1.82605,29.135
1098,1.827717,29.129
1099,1.829383,29.124
1100,1.83105,29.124
1101,1.832717,29.128
1102,1.834383,29.122
1103,1.83605,29.122
1104,1.837717,29.125
1105,1.839383,29.137
1106,1.84105,29.131
1107,1.8427,29.131
1108,1.844367,29.129
1109,1.846033,29.132
1110,1.8477,29.129
1111,1.849367,29.129
1112,1.851033,29.128
1113,1.8527,29.126
1114,1.854367,29.12
1115,1.856033,29.12
1116,1.857767,29.116
1117,1.859367,29.12
1118,1.861033,29.114
1119,1.8627,29.114
1120,1.864367,29.114
1121,1.866033,29.108
1122,1.8677,29.108
1123,1.869367,29.097
1124,1.871033,29.102
1125,1.8727,29.108
1126,1.874367,29.108
1127,1.876033,29.113
1128,1.8777,29.119
1129,1.879383,29.127
1130,1.881033,29.127
1131,1.8827,29.124
1132,1.884367,29.123
1133,1.886033,29.122
1134,1.8877,29.122
1135,1.889367,29.119
1136,1.891033,29.114
1137,1.8927,29.114
1138,1.894367,29.109
1139,1.89605,29.109
1140,1.8977,29.105
1141,1.899367,29.105
1142,1.901033,29.105
1143,1.902683,29.104
1144,1.90435,29.102
1145,1.906017,29.102
1146,1.907683,29.102
1147,1.90935,29.094
1148,1.911017,29.094
1149,1.912817,29.094
1150,1.91435,29.092
1151,1.916017,29.085
1152,1.917683,29.084
1153,1.91935,29.084
1154,1.921017,29.086
1155,1.922683,29.082
1156,1.92435,29.082
1157,1.926017,29.086
1158,1.927683,29.095
1159,1.92935,29.099
1160,1.931017,29.099
1161,1.932683,29.107
1162,1.9344,29.107
1163,1.93605,29.108
1164,1.937683,29.108
1165,1.93935,29.101
1166,1.941017,29.106
1167,1.942683,29.114
1168,1.94435,29.114
1169,1.946017,29.116
1170,1.947683,29.118
1171,1.94935,29.118
1172,1.951017,29.106
1173,1.952683,29.102
1174,1.95435,29.092
1175,1.956017,29.092
1176,1.957683,29.09
1177,1.95935,29.094
1178,1.961017,29.09
1179,1.962683,29.09
1180,1.964333,29.091
1181,1.966,29.086
1182,1.967667,29.086
1183,1.969333,29.086
1184,1.971,29.079
1185,1.972667,29.087
1186,1.974333,29.086
1187,1.976,29.086
1188,1.977667,29.083
1189,1.979333,29.095
1190,1.981,29.095
1191,1.982667,29.092
1192,1.984333,29.093
1193,1.986,29.099
1194,1.987683,29.099
1195,1.989333,29.095
1196,1.991,29.094
1197,1.992667,29.096
1198,1.994333,29.096
1199,1.996,29.098
1200,1.997717,29.098
1201,1.999333,29.099
1202,2.001,29.099
1203,2.002667,29.097
1204,2.004333,29.089
1205,2.006,29.089
1206,2.007683,29.083
1207,2.0094,29.081
1208,2.011,29.082
1209,2.012667,29.082
1210,2.014333,29.079
1211,2.016,29.081
1212,2.017667,29.078
1213,2.019333,29.078
1214,2.021,29.072
1215,2.02265,29.07
1216,2.024317,29.066
1217,2.025983,29.066
1218,2.02765,29.065
1219,2.029317,29.07
1220,2.03105,29.084
1221,2.03265,29.084
1222,2.034317,29.09
1223,2.035983,29.095
1224,2.03765,29.095
1225,2.039317,29.09
1226,2.040983,29.083
1227,2.04265,29.085
1228,2.044317,29.085
1229,2.045983,29.086
1230,2.04765,29.089
1231,2.049317,29.084
1232,2.050983,29.084
1233,2.05265,29.078
1234,2.054317,29.072
1235,2.055983,29.071
1236,2.05765,29.071
1237,2.059317,29.072
1238,2.060967,29.07
1239,2.062633,29.07
1240,2.0643,29.073
1241,2.065967,29.079
1242,2.067633,29.084
1243,2.0693,29.084
1244,2.070967,29.088
1245,2.072633,29.089
1246,2.0743,29.081
1247,2.075983,29.081
1248,2.077633,29.085
1249,2.0793,29.087
1250,2.080967,29.091
1251,2.082617,29.091
1252,2.084283,29.101
1253,2.08595,29.093
1254,2.087633,29.093
1255,2.089333,29.081
1256,2.09095,29.079
1257,2.092617,29.071
1258,2.094283,29.071
1259,2.09595,29.069
1260,2.097617,29.082
1261,2.099283,29.083
1262,2.10095,29.083
1263,2.102617,29.088
1264,2.104283,29.092
1265,2.10595,29.091
1266,2.107617,29.091
1267,2.109283,29.092
1268,2.11095,29.096
1269,2.112617,29.103
1270,2.114283,29.103
1271,2.116017,29.106
1272,2.117617,29.105
1273,2.119283,29.105
1274,2.12095,29.106
1275,2.122617,29.108
1276,2.124283,29.109
1277,2.12595,29.109
1278,2.127617,29.107
1279,2.129283,29.101
1280,2.13095,29.093
1281,2.132617,29.093
1282,2.134283,29.093
1283,2.13595,29.095
1284,2.137617,29.092
1285,2.139283,29.092
1286,2.14095,29.095
1287,2.142617,29.094
1288,2.144267,29.094
1289,2.145933,29.094
1290,2.1476,29.098
1291,2.1494,29.089
1292,2.150933,29.089
1293,2.1526,29.086
1294,2.154267,29.081
1295,2.155967,29.082
1296,2.1576,29.082
1297,2.159267,29.087
1298,2.160933,29.086
1299,2.162617,29.083
1300,2.164267,29.083
1301,2.165933,29.072
1302,2.1676,29.066
1303,2.169267,29.064
1304,2.170933,29.064
1305,2.1726,29.065
1306,2.174267,29.065
1307,2.175933,29.065
1308,2.177617,29.063
1309,2.179267,29.06
1310,2.180933,29.059
1311,2.1826,29.059
1312,2.184267,29.057
1313,2.185933,29.057
1314,2.1876,29.054
1315,2.189267,29.054
1316,2.190933,29.053
1317,2.1926,29.055
1318,2.194267,29.057
1319,2.195933,29.057
1320,2.1976,29.066
1321,2.199267,29.073
1322,2.200933,29.073
1323,2.2026,29.07
1324,2.20425,29.061
1325,2.205917,29.049
1326,2.207583,29.049
1327,2.20925,29.041
1328,2.210917,29.049
1329,2.212583,29.063
1330,2.21425,29.063
1331,2.215917,29.07
1332,2.217583,29.068
1333,2.21925,29.064
1334,2.220917,29.064
1335,2.222583,29.06
1336,2.224283,29.054
1337,2.225917,29.054
1338,2.227583,29.056
1339,2.22925,29.051
1340,2.230917,29.041
1341,2.232583,29.041
1342,2.234283,29.056
1343,2.235917,29.059
1344,2.237583,29.058
1345,2.23925,29.058
1346,2.240917,29.061
1347,2.242583,29.054
1348,2.24425,29.051
1349,2.245917,29.051
1350,2.247583,29.056
1351,2.24925,29.066
1352,2.250917,29.077
1353,2.252583,29.077
1354,2.25425,29.084
1355,2.255917,29.089
1356,2.2576,29.089
1357,2.25925,29.092
1358,2.260917,29.093
1359,2.262583,29.102
1360,2.264233,29.102
1361,2.2659,29.11
1362,2.2677,29.115
1363,2.269233,29.108
1364,2.2709,29.108
1365,2.272567,29.1
1366,2.274233,29.093
1367,2.2759,29.087
1368,2.277567,29.087
1369,2.279233,29.085
1370,2.2809,29.083
1371,2.282567,29.083
1372,2.284233,29.087
1373,2.2859,29.083
1374,2.287567,29.086
1375,2.289233,29.086
1376,2.2909,29.088
1377,2.292567,29.078
1378,2.294233,29.073
1379,2.2959,29.073
1380,2.297567,29.066
1381,2.299233,29.062
1382,2.3009,29.064
1383,2.302567,29.064
1384,2.30425,29.065
1385,2.3059,29.07
1386,2.307567,29.063
1387,2.309233,29.063
1388,2.3109,29.063
1389,2.312567,29.066
1390,2.314233,29.066
1391,2.3159,29.06
1392,2.317567,29.062
1393,2.319233,29.064
1394,2.3209,29.064
1395,2.322567,29.064
1396,2.324217,29.065
1397,2.325883,29.071
1398,2.32755,29.071
1399,2.329217,29.081
1400,2.330883,29.087
1401,2.33255,29.095
1402,2.334217,29.095
1403,2.335883,29.097
1404,2.33755,29.091
1405,2.339217,29.091
1406,2.340883,29.084
1407,2.34255,29.086
1408,2.344233,29.082
1409,2.345883,29.082
1410,2.34755,29.081
1411,2.349217,29.093
1412,2.350883,29.09
1413,2.3526,29.09
1414,2.3542,29.093
1415,2.355867,29.095
1416,2.357533,29.088
1417,2.3592,29.088
1418,2.360867,29.086
1419,2.362533,29.084
1420,2.3642,29.081
1421,2.365867,29.081
1422,2.367533,29.078
1423,2.36925,29.078
1424,2.370867,29.078
1425,2.37255,29.082
1426,2.3742,29.083
1427,2.375867,29.096
1428,2.377533,29.096
1429,2.3792,29.104
1430,2.380867,29.103
1431,2.382517,29.1
1432,2.384183,29.1
1433,2.385967,29.088
1434,2.387517,29.085
1435,2.389183,29.085
1436,2.39085,29.085
1437,2.392517,29.091
1438,2.394183,29.087
1439,2.39585,29.087
1440,2.397517,29.09
1441,2.399183,29.089
1442,2.40085,29.089
1443,2.402517,29.089
1444,2.404183,29.092
1445,2.40585,29.086
1446,2.407517,29.078
1447,2.409183,29.078
1448,2.41085,29.077
1449,2.412517,29.082
1450,2.414183,29.081
1451,2.41585,29.081
1452,2.417517,29.089
1453,2.419183,29.09
1454,2.42085,29.09
1455,2.422517,29.08
1456,2.424183,29.079
1457,2.42585,29.081
1458,2.427517,29.081
1459,2.429183,29.082
1460,2.43085,29.089
1461,2.432533,29.089
1462,2.434183,29.089
1463,2.43585,29.081
1464,2.437517,29.074
1465,2.439183,29.068
1466,2.44085,29.068
1467,2.4425,29.062
1468,2.444167,29.064
1469,2.445833,29.065
1470,2.447517,29.065
1471,2.449217,29.065
1472,2.450833,29.069
1473,2.4525,29.069
1474,2.454167,29.068
1475,2.455833,29.062
1476,2.4575,29.067
1477,2.459167,29.067
1478,2.460833,29.073
1479,2.4625,29.082
1480,2.464167,29.085
1481,2.465833,29.085
1482,2.4675,29.087
1483,2.469167,29.093
1484,2.470833,29.092
1485,2.4725,29.092
1486,2.474167,29.092
1487,2.475833,29.101
1488,2.4775,29.101
1489,2.479167,29.099
1490,2.480833,29.103
1491,2.4825,29.115
1492,2.484167,29.115
1493,2.485833,29.107
1494,2.487583,29.103
1495,2.489167,29.107
1496,2.490833,29.107
1497,2.4925,29.106
1498,2.494167,29.103
1499,2.495833,29.106
1500,2.4975,29.106
1501,2.499167,29.104
1502,2.500833,29.097
1503,2.502483,29.099
1504,2.50425,29.099
1505,2.505817,29.099
1506,2.507483,29.097
1507,2.50915,29.097
1508,2.510817,29.097
1509,2.512483,29.097
1510,2.51415,29.091
1511,2.515817,29.091
1512,2.517483,29.082
1513,2.51915,29.087
1514,2.520917,29.082
1515,2.522483,29.082
1516,2.524183,29.081
1517,2.525833,29.084
1518,2.527483,29.082
1519,2.52915,29.082
1520,2.530817,29.091
1521,2.532483,29.095
1522,2.53415,29.095
1523,2.535817,29.094
1524,2.537483,29.094
1525,2.53915,29.082
1526,2.540817,29.082
1527,2.542483,29.079
1528,2.54415,29.081
1529,2.545817,29.085
1530,2.547483,29.085
1531,2.54915,29.087
1532,2.550817,29.083
1533,2.552483,29.081
1534,2.55415,29.081
1535,2.555817,29.08
1536,2.557483,29.086
1537,2.55915,29.093
1538,2.560817,29.093
1539,2.562483,29.1
1540,2.564133,29.101
1541,2.565817,29.101
1542,2.567467,29.109
1543,2.569133,29.105
1544,2.5708,29.103
1545,2.572467,29.103
1546,2.574133,29.102
1547,2.5758,29.096
1548,2.577467,29.102
1549,2.579133,29.102
1550,2.5808,29.102
1551,2.582467,29.103
1552,2.584133,29.103
1553,2.5858,29.103
1554,2.587467,29.098
1555,2.589183,29.097
1556,2.5908,29.097
1557,2.592467,29.091
1558,2.594133,29.09
1559,2.5958,29.096
1560,2.597467,29.096
1561,2.599133,29.098
1562,2.60085,29.1
1563,2.602467,29.094
1564,2.604133,29.094
1565,2.605833,29.092
1566,2.607467,29.09
1567,2.609133,29.09
1568,2.6108,29.09
1569,2.612467,29.095
1570,2.614133,29.094
1571,2.6158,29.094
1572,2.617467,29.098
1573,2.619133,29.102
1574,2.6208,29.099
1575,2.6225,29.099
1576,2.624117,29.106
1577,2.625783,29.1
1578,2.62745,29.095
1579,2.629117,29.095
1580,2.630783,29.096
1581,2.63245,29.082
1582,2.634117,29.085
1583,2.635783,29.085
1584,2.63745,29.083
1585,2.63925,29.075
1586,2.640783,29.08
1587,2.642433,29.08
1588,2.6441,29.076
1589,2.645767,29.076
1590,2.647433,29.076
1591,2.6491,29.092
1592,2.650767,29.097
1593,2.652433,29.095
1594,2.6541,29.095
1595,2.655767,29.096
1596,2.657433,29.089
1597,2.6591,29.091
1598,2.660767,29.091
1599,2.662433,29.097
1600,2.6641,29.092
1601,2.665783,29.095
1602,2.667433,29.095
1603,2.6691,29.084
1604,2.670767,29.08
1605,2.672433,29.08
1606,2.6741,29.086
1607,2.675767,29.077
1608,2.677433,29.074
1609,2.6791,29.074
1610,2.680767,29.071
1611,2.682417,29.06
1612,2.684117,29.065
1613,2.6858,29.065
1614,2.687417,29.071
1615,2.689083,29.073
1616,2.69075,29.076
1617,2.692417,29.076
1618,2.694083,29.075
1619,2.69575,29.077
1620,2.697417,29.078
1621,2.699083,29.078
1622,2.70075,29.081
1623,2.702417,29.08
1624,2.704083,29.08
1625,2.70575,29.073
1626,2.707417,29.073
1627,2.709083,29.071
1628,2.71075,29.071
1629,2.712417,29.069
1630,2.714083,29.071
1631,2.71575,29.065
1632,2.717417,29.065
1633,2.719083,29.064
1634,2.72075,29.066
1635,2.722417,29.062
1636,2.7241,29.062
1637,2.72575,29.064
1638,2.727417,29.064
1639,2.729083,29.064
1640,2.73075,29.068
1641,2.732417,29.069
1642,2.734083,29.072
1643,2.73575,29.072
1644,2.737417,29.071
1645,2.739083,29.071
1646,2.740833,29.071
1647,2.7424,29.071
1648,2.744067,29.075
1649,2.745733,29.077
1650,2.7474,29.076
1651,2.749067,29.076
1652,2.750733,29.077
1653,2.7524,29.07
1654,2.754067,29.073
1655,2.755733,29.073
1656,2.757517,29.071
1657,2.759067,29.07
1658,2.760733,29.07
1659,2.7624,29.071
1660,2.764067,29.068
1661,2.765733,29.068
1662,2.7674,29.068
1663,2.769067,29.073
1664,2.770733,29.074
1665,2.7724,29.071
1666,2.774067,29.071
1667,2.77575,29.073
1668,2.7774,29.072
1669,2.779067,29.078
1670,2.780733,29.078
1671,2.7824,29.086
1672,2.784067,29.091
1673,2.785733,29.091
1674,2.7874,29.092
1675,2.789067,29.091
1676,2.790733,29.088
1677,2.7924,29.088
1678,2.794067,29.08
1679,2.795733,29.074
1680,2.7974,29.073
1681,2.799067,29.073
1682,2.800733,29.068
1683,2.8024,29.074
1684,2.80405,29.079
1685,2.805717,29.079
1686,2.807383,29.073
1687,2.80905,29.078
1688,2.810717,29.078
1689,2.812417,29.076
1690,2.81405,29.072
1691,2.815717,29.074
1692,2.817383,29.074
1693,2.81905,29.067
1694,2.820717,29.067
1695,2.822383,29.072
1696,2.82405,29.072
1697,2.825717,29.077
1698,2.827383,29.082
1699,2.82905,29.085
1700,2.830717,29.085
1701,2.832383,29.085
1702,2.83405,29.091
1703,2.835717,29.09
1704,2.837383,29.09
1705,2.83905,29.089
1706,2.840717,29.084
1707,2.842433,29.084
1708,2.84405,29.081
1709,2.845717,29.086
1710,2.847383,29.095
1711,2.84905,29.095
1712,2.850717,29.102
1713,2.852383,29.105
1714,2.854067,29.105
1715,2.85575,29.105
1716,2.857383,29.1
1717,2.85905,29.093
1718,2.860717,29.083
1719,2.862383,29.083
1720,2.864033,29.075
1721,2.8657,29.068
1722,2.867367,29.068
1723,2.869033,29.067
1724,2.8707,29.07
1725,2.872367,29.069
1726,2.874033,29.069
1727,2.8757,29.065
1728,2.877367,29.067
1729,2.879033,29.068
1730,2.8807,29.068
1731,2.882367,29.069
1732,2.884033,29.066
1733,2.8857,29.065
1734,2.887417,29.065
1735,2.889033,29.06
1736,2.8907,29.067
1737,2.892367,29.072
1738,2.894033,29.072
1739,2.8957,29.065
1740,2.897367,29.065
1741,2.899033,29.065
1742,2.9007,29.056
1743,2.902367,29.062
1744,2.904033,29.066
1745,2.9057,29.066
1746,2.907367,29.067
1747,2.909033,29.072
1748,2.9107,29.072
1749,2.912367,29.072
1750,2.914033,29.07
1751,2.9157,29.066
1752,2.917367,29.064
1753,2.919033,29.064
1754,2.9207,29.064
1755,2.922367,29.066
1756,2.924017,29.066
1757,2.925683,29.075
1758,2.92735,29.074
1759,2.929017,29.063
1760,2.930683,29.063
1761,2.93235,29.061
1762,2.934,29.057
1763,2.935667,29.054
1764,2.937333,29.054
1765,2.939033,29.062
1766,2.940667,29.063
1767,2.942333,29.06
1768,2.944,29.06
1769,2.945667,29.068
1770,2.947333,29.064
1771,2.949033,29.07
1772,2.950667,29.07
1773,2.952333,29.075
1774,2.954,29.072
1775,2.955667,29.072
1776,2.957333,29.076
1777,2.959,29.073
1778,2.960733,29.067
1779,2.962333,29.067
1780,2.964,29.064
1781,2.965667,29.062
1782,2.967333,29.058
1783,2.969017,29.058
1784,2.970667,29.057
1785,2.972333,29.057
1786,2.974,29.057
1787,2.975667,29.057
1788,2.977333,29.057
1789,2.979,29.066
1790,2.980667,29.066
1791,2.982333,29.065
1792,2.983983,29.059
1793,2.98565,29.063
1794,2.987317,29.063
1795,2.988983,29.057
1796,2.99065,29.07
1797,2.992317,29.075
1798,2.9941,29.075
1799,2.99565,29.07
1800,2.997317,29.071
1801,2.998983,29.063
1802,3.00065,29.063
1803,3.002317,29.066
1804,3.003983,29.08
1805,3.00565,29.08
1806,3.007317,29.088
1807,3.008983,29.085
1808,3.01065,29.08
1809,3.012317,29.08
1810,3.013983,29.075
1811,3.01565,29.069
1812,3.017317,29.074
1813,3.018983,29.074
1814,3.02065,29.082
1815,3.022317,29.085
1816,3.023983,29.089
1817,3.0257,29.089
1818,3.027317,29.09
1819,3.029017,29.084
1820,3.03065,29.076
1821,3.032317,29.076
1822,3.033983,29.069
1823,3.03565,29.071
1824,3.037317,29.071
1825,3.038983,29.075
1826,3.04065,29.083
1827,3.042317,29.084
1828,3.043967,29.084
1829,3.045633,29.086
1830,3.0473,29.085
1831,3.048967,29.081
1832,3.050633,29.081
1833,3.0523,29.081
1834,3.053967,29.076
1835,3.055633,29.08
1836,3.0573,29.08
1837,3.058967,29.08
1838,3.060633,29.09
1839,3.0623,29.09
1840,3.063967,29.087
1841,3.065633,29.082
1842,3.0673,29.076
1843,3.068967,29.076
1844,3.070633,29.07
1845,3.0723,29.072
1846,3.073967,29.072
1847,3.075633,29.072
1848,3.0773,29.079
1849,3.079033,29.081
1850,3.080633,29.079
1851,3.0823,29.079
1852,3.083967,29.081
1853,3.085633,29.074
1854,3.0873,29.071
1855,3.088967,29.071
1856,3.090633,29.075
1857,3.0923,29.079
1858,3.093967,29.079
1859,3.095633,29.079
1860,3.097333,29.08
1861,3.098967,29.073
1862,3.100667,29.073
1863,3.1023,29.07
1864,3.10395,29.065
1865,3.105617,29.055
1866,3.107283,29.055
1867,3.10895,29.051
1868,3.110617,29.047
1869,3.1124,29.052
1870,3.11395,29.052
1871,3.115617,29.051
1872,3.117283,29.056
1873,3.11895,29.056
1874,3.120617,29.064
1875,3.122283,29.062
1876,3.12395,29.071
1877,3.125617,29.071
1878,3.127283,29.07
1879,3.12895,29.068
1880,3.130617,29.072
1881,3.132283,29.072
1882,3.13395,29.077
1883,3.135617,29.079
1884,3.137283,29.075
1885,3.13895,29.075
1886,3.140617,29.074
1887,3.142283,29.07
1888,3.14395,29.071
1889,3.145617,29.071
1890,3.147283,29.065
1891,3.14895,29.064
1892,3.150617,29.064
1893,3.152283,29.061
1894,3.15395,29.055
1895,3.155617,29.06
1896,3.157283,29.06
1897,3.15895,29.057
1898,3.160617,29.059
1899,3.162267,29.066
1900,3.163933,29.066
1901,3.1656,29.07
1902,3.167267,29.078
1903,3.168933,29.079
1904,3.170617,29.079
1905,3.172317,29.078
1906,3.173933,29.075
1907,3.1756,29.075
1908,3.177267,29.065
1909,3.178933,29.067
1910,3.1806,29.064
1911,3.182267,29.064
1912,3.183933,29.06
1913,3.1856,29.061
1914,3.187267,29.054
1915,3.188967,29.054
1916,3.1906,29.059
1917,3.192267,29.066
1918,3.193933,29.07
1919,3.1956,29.07
1920,3.197317,29.074
1921,3.198933,29.078
1922,3.2006,29.081
1923,3.202267,29.081
1924,3.203933,29.08
1925,3.2056,29.08
1926,3.207267,29.08
1927,3.208933,29.074
1928,3.2106,29.07
1929,3.212267,29.065
1930,3.214,29.065
1931,3.2156,29.068
1932,3.217267,29.065
1933,3.218933,29.062
1934,3.2206,29.062
1935,3.222267,29.064
1936,3.223917,29.058
1937,3.225567,29.064
1938,3.227233,29.064
1939,3.2289,29.065
1940,3.230667,29.059
1941,3.232233,29.059
1942,3.2339,29.051
1943,3.235567,29.043
1944,3.237233,29.04
1945,3.2389,29.04
1946,3.240567,29.043
1947,3.242233,29.052
1948,3.2439,29.051
1949,3.245567,29.051
1950,3.247283,29.046
1951,3.2489,29.046
1952,3.250567,29.046
1953,3.252233,29.046
1954,3.2539,29.045
1955,3.255567,29.053
1956,3.257233,29.053
1957,3.2589,29.054
1958,3.260567,29.052
1959,3.262233,29.061
1960,3.2639,29.061
1961,3.265567,29.059
1962,3.267233,29.063
1963,3.2689,29.064
1964,3.270567,29.064
1965,3.272233,29.052
1966,3.2739,29.05
1967,3.2756,29.038
1968,3.277233,29.038
1969,3.2789,29.035
1970,3.280567,29.043
1971,3.282217,29.039
1972,3.283883,29.039
1973,3.28555,29.042
1974,3.287217,29.044
1975,3.288883,29.044
1976,3.29055,29.042
1977,3.292217,29.048
1978,3.293883,29.045
1979,3.29555,29.045
1980,3.297217,29.047
1981,3.298883,29.047
1982,3.30055,29.049
1983,3.302217,29.049
1984,3.303883,29.053
1985,3.30555,29.055
1986,3.307217,29.053
1987,3.308883,29.053
1988,3.31055,29.056
1989,3.312217,29.051
1990,3.313883,29.051
1991,3.315617,29.045
1992,3.317217,29.048
1993,3.318883,29.047
1994,3.32055,29.047
1995,3.322217,29.061
1996,3.323883,29.071
1997,3.32555,29.078
1998,3.327217,29.078
1999,3.328883,29.087
2000,3.33055,29.089
2001,3.332217,29.086
2002,3.333883,29.086
2003,3.33555,29.079
2004,3.337217,29.068
2005,3.338883,29.058
2006,3.34055,29.058
2007,3.342217,29.059
2008,3.343867,29.057
2009,3.345533,29.057
2010,3.3472,29.06
2011,3.348983,29.061
2012,3.350533,29.059
2013,3.3522,29.059
2014,3.353867,29.057
2015,3.355533,29.057
2016,3.3572,29.056
2017,3.358867,29.056
2018,3.360533,29.055
2019,3.3622,29.054
2020,3.363867,29.05
2021,3.365533,29.05
2022,3.367233,29.047
2023,3.368867,29.042
2024,3.370533,29.042
2025,3.372217,29.048
2026,3.373867,29.046
2027,3.375533,29.05
2028,3.3772,29.05
2029,3.378867,29.05
2030,3.380533,29.047
2031,3.3822,29.048
2032,3.383867,29.048
2033,3.385533,29.041
2034,3.3872,29.042
2035,3.388867,29.037
2036,3.390533,29.037
2037,3.3922,29.034
2038,3.393883,29.04
2039,3.395533,29.04
2040,3.3972,29.046
2041,3.398867,29.058
2042,3.400533,29.072
2043,3.4022,29.072
2044,3.40385,29.075
2045,3.405517,29.07
2046,3.407183,29.07
2047,3.40885,29.07
2048,3.410517,29.063
2049,3.412183,29.059
2050,3.41385,29.066
2051,3.415517,29.066
2052,3.417183,29.066
2053,3.41885,29.064
2054,3.420517,29.059
2055,3.422183,29.059
2056,3.42385,29.045
2057,3.425517,29.04
2058,3.427183,29.04
2059,3.42885,29.044
2060,3.430517,29.044
2061,3.432183,29.047
2062,3.43385,29.047
2063,3.435517,29.044
2064,3.437183,29.045
2065,3.43885,29.048
2066,3.440517,29.048
2067,3.442183,29.055
2068,3.443867,29.049
2069,3.445517,29.045
2070,3.447183,29.045
2071,3.44885,29.049
2072,3.450583,29.05
2073,3.452183,29.05
2074,3.45385,29.051
2075,3.455517,29.053
2076,3.457183,29.054
2077,3.45885,29.054
2078,3.460517,29.049
2079,3.462183,29.061
2080,3.463833,29.059
2081,3.4655,29.059
2082,3.46725,29.052
2083,3.468833,29.061
2084,3.4705,29.057
2085,3.472167,29.057
2086,3.473833,29.064
2087,3.4755,29.067
2088,3.477167,29.063
2089,3.478833,29.063
2090,3.4805,29.064
2091,3.482167,29.059
2092,3.48395,29.064
2093,3.4855,29.064
2094,3.487167,29.06
2095,3.488833,29.061
2096,3.4905,29.061
2097,3.492167,29.056
2098,3.493833,29.054
2099,3.4955,29.055
2100,3.497167,29.055
2101,3.498833,29.051
2102,3.5005,29.055
2103,3.502167,29.055
2104,3.503833,29.055
2105,3.5055,29.055
2106,3.507167,29.057
2107,3.508833,29.057
2108,3.5105,29.053
2109,3.512167,29.055
2110,3.513833,29.047
2111,3.5155,29.047
2112,3.51715,29.045
2113,3.5188,29.043
2114,3.520483,29.038
2115,3.522133,29.038
2116,3.5238,29.044
2117,3.525467,29.043
2118,3.527133,29.046
2119,3.528817,29.046
2120,3.530517,29.04
2121,3.532133,29.041
2122,3.5338,29.038
2123,3.535467,29.038
2124,3.537183,29.036
2125,3.5388,29.045
2126,3.540467,29.045
2127,3.542133,29.047
2128,3.5438,29.052
2129,3.545467,29.055
2130,3.54715,29.055
2131,3.5488,29.05
2132,3.550467,29.047
2133,3.552133,29.042
2134,3.5538,29.042
2135,3.555467,29.036
2136,3.557133,29.034
2137,3.5588,29.031
2138,3.560467,29.031
2139,3.562133,29.04
2140,3.5638,29.045
2141,3.565467,29.045
2142,3.567133,29.047
2143,3.568817,29.041
2144,3.570467,29.032
2145,3.572133,29.032
2146,3.5738,29.037
2147,3.575467,29.042
2148,3.577133,29.044
2149,3.5788,29.044
2150,3.580467,29.043
2151,3.582133,29.033
2152,3.583783,29.024
2153,3.5855,29.024
2154,3.587117,29.023
2155,3.588783,29.02
2156,3.59045,29.02
2157,3.592117,29.025
2158,3.593783,29.02
2159,3.59545,29.022
2160,3.597117,29.022
2161,3.598783,29.024
2162,3.60045,29.023
2163,3.602217,29.028
2164,3.603783,29.028
2165,3.60545,29.029
2166,3.607117,29.041
2167,3.608783,29.039
2168,3.610467,29.039
2169,3.61215,29.033
2170,3.613817,29.028
2171,3.61545,29.015
2172,3.617117,29.015
2173,3.618783,29.019
2174,3.62045,29.028
2175,3.622117,29.028
2176,3.623783,29.027
2177,3.62545,29.02
2178,3.627117,29.009
2179,3.628783,29.009
2180,3.63045,29.009
2181,3.632117,29.012
2182,3.633783,29.021
2183,3.63545,29.021
2184,3.637117,29.028
2185,3.638783,29.027
2186,3.64045,29.029
2187,3.642117,29.029
2188,3.643767,29.028
2189,3.645433,29.028
2190,3.6471,29.028
2191,3.648767,29.028
2192,3.650433,29.029
2193,3.6521,29.025
2194,3.653767,29.025
2195,3.655433,29.025
2196,3.6571,29.02
2197,3.658767,29.015
2198,3.660433,29.015
2199,3.6621,29.018
2200,3.663767,29.025
2201,3.665433,29.027
2202,3.6671,29.027
2203,3.668767,29.027
2204,3.670433,29.032
2205,3.6721,29.033
2206,3.673767,29.033
2207,3.675433,29.036
2208,3.6771,29.042
2209,3.678767,29.042
2210,3.680433,29.043
2211,3.6821,29.042
2212,3.683783,29.04
2213,3.685433,29.04
2214,3.687167,29.041
2215,3.688767,29.042
2216,3.690433,29.048
2217,3.6921,29.048
2218,3.693767,29.049
2219,3.695433,29.059
2220,3.6971,29.063
2221,3.698767,29.063
2222,3.700433,29.054
2223,3.7021,29.065
2224,3.70375,29.065
2225,3.705417,29.049
2226,3.707083,29.045
2227,3.70875,29.042
2228,3.710417,29.042
2229,3.712083,29.03
2230,3.71375,29.03
2231,3.715417,29.027
2232,3.717083,29.027
2233,3.71875,29.026
2234,3.720533,29.02
2235,3.722083,29.023
2236,3.72375,29.023
2237,3.725417,29.022
2238,3.727083,29.029
2239,3.72875,29.04
2240,3.730417,29.04
2241,3.732083,29.036
2242,3.73375,29.038
2243,3.735417,29.038
2244,3.737083,29.031
2245,3.73875,29.026
2246,3.740417,29.03
2247,3.742083,29.03
2248,3.74375,29.024
2249,3.745417,29.027
2250,3.747083,29.036
2251,3.74875,29.036
2252,3.750417,29.034
2253,3.752083,29.033
2254,3.75375,29.029
2255,3.755417,29.029
2256,3.757083,29.019
2257,3.758767,29.025
2258,3.760417,29.025
2259,3.762117,29.027
2260,3.763733,29.033
2261,3.7654,29.034
2262,3.767067,29.034
2263,3.768733,29.028
2264,3.7704,29.034
2265,3.772067,29.027
2266,3.773733,29.027
2267,3.775417,29.024
2268,3.777067,29.029
2269,3.778733,29.026
2270,3.7804,29.026
2271,3.782067,29.027
2272,3.783733,29.035
2273,3.7854,29.036
2274,3.787067,29.036
2275,3.788733,29.041
2276,3.7904,29.047
2277,3.792067,29.047
2278,3.793733,29.044
2279,3.7954,29.04
2280,3.797067,29.033
2281,3.798733,29.033
2282,3.8004,29.034
2283,3.802067,29.033
2284,3.803733,29.035
2285,3.805467,29.035
2286,3.807067,29.043
2287,3.808717,29.041
2288,3.810383,29.041
2289,3.81205,29.041
2290,3.813717,29.034
2291,3.815383,29.032
2292,3.81705,29.032
2293,3.818717,29.032
2294,3.820383,29.035
2295,3.822083,29.037
2296,3.8237,29.037
2297,3.825367,29.031
2298,3.827033,29.021
2299,3.8287,29.014
2300,3.830367,29.014
2301,3.83205,29.018
2302,3.833767,29.024
2303,3.8354,29.035
2304,3.837033,29.035
2305,3.838817,29.038
2306,3.840367,29.034
2307,3.842033,29.034
2308,3.8437,29.029
2309,3.845367,29.027
2310,3.847033,29.029
2311,3.8487,29.029
2312,3.850367,29.029
2313,3.852033,29.028
2314,3.8537,29.016
2315,3.855367,29.016
2316,3.857033,29.008
2317,3.8587,29.002
2318,3.860367,28.999
2319,3.862033,28.999
2320,3.8637,29.006
2321,3.865367,29.013
2322,3.867033,29.02
2323,3.8687,29.02
2324,3.870367,29.022
2325,3.872033,29.019
2326,3.8737,29.019
2327,3.875367,29.019
2328,3.877033,29.024
2329,3.8787,29.026
2330,3.880367,29.026
2331,3.882033,29.03
2332,3.883683,29.033
2333,3.88535,29.036
2334,3.887017,29.036
2335,3.888683,29.034
2336,3.89035,29.038
2337,3.892017,29.038
2338,3.893683,29.038
2339,3.89535,29.033
2340,3.897017,29.04
2341,3.898683,29.04
2342,3.90035,29.029
2343,3.902017,29.02
2344,3.903717,29.018
2345,3.905367,29.018
2346,3.907017,29.018
2347,3.908683,29.026
2348,3.91035,29.036
2349,3.912017,29.036
2350,3.913683,29.043
2351,3.91535,29.037
2352,3.917017,29.034
2353,3.918683,29.034
2354,3.92035,29.026
2355,3.922017,29.023
2356,3.923733,29.019
2357,3.92535,29.019
2358,3.927017,29.02
2359,3.928683,29.023
2360,3.93035,29.023
2361,3.932017,29.011
2362,3.933683,29.008
2363,3.93535,29.001
2364,3.937017,29.001
2365,3.938683,28.999
2366,3.940333,29.003
2367,3.942017,29.007
2368,3.943667,29.007
2369,3.945333,29.012
2370,3.947,29.012
2371,3.948667,29.007
2372,3.95035,29.007
2373,3.952,28.999
2374,3.953667,28.992
2375,3.955333,28.992
2376,3.957117,28.988
2377,3.958667,28.992
2378,3.960333,28.998
2379,3.962,28.998
2380,3.963667,29
2381,3.965333,28.997
2382,3.967,28.998
2383,3.968667,28.998
2384,3.970333,28.994
2385,3.972,28.99
2386,3.973667,28.995
2387,3.975333,28.995
2388,3.977,28.993
2389,3.978667,28.997
2390,3.980333,28.998
2391,3.982,28.998
2392,3.983717,28.993
2393,3.98535,28.992
2394,3.987,28.992
2395,3.988667,28.992
2396,3.990333,28.993
2397,3.992,28.992
2398,3.993667,28.992
2399,3.995333,28.992
2400,3.997,28.987
2401,3.998667,28.983
2402,4.000333,28.983
2403,4.002,28.984
2404,4.00365,28.985
2405,4.005317,28.99
2406,4.006983,28.99
2407,4.00865,28.994
2408,4.010317,28.992
2409,4.011983,28.992
2410,4.01365,28.99
2411,4.015317,28.985
2412,4.016983,28.987
2413,4.01865,28.987
2414,4.020317,28.99
2415,4.021983,28.992
2416,4.02365,28.996
2417,4.025317,28.996
2418,4.026983,29.003
2419,4.02865,29.006
2420,4.030317,29.009
2421,4.031983,29.009
2422,4.03365,29.021
2423,4.035317,29.021
2424,4.036983,29.021
2425,4.03865,29.025
2426,4.040317,29.026
2427,4.04205,29.014
2428,4.04365,29.014
2429,4.045317,29.009
2430,4.046983,29.008
2431,4.04865,29.003
2432,4.050317,29.003
2433,4.051983,29.009
2434,4.05365,29.007
2435,4.055317,29.004
2436,4.056983,29.004
2437,4.05875,29.005
2438,4.060317,29.003
2439,4.061983,29.009
2440,4.063633,29.009
2441,4.0653,29.01
2442,4.066967,29.015
2443,4.068633,29.015
2444,4.0703,29.016
2445,4.071967,29.026
2446,4.073633,29.026
2447,4.075417,29.026
2448,4.076967,29.031
2449,4.078633,29.036
2450,4.0803,29.032
2451,4.081967,29.032
2452,4.083633,29.038
2453,4.0853,29.034
2454,4.086967,29.03
2455,4.088633,29.03
2456,4.0903,29.022
2457,4.091967,29.018
2458,4.093633,29.018
2459,4.0953,29.019
2460,4.096967,29.023
2461,4.098633,29.03
2462,4.100283,29.03
2463,4.10195,29.039
2464,4.103617,29.038
2465,4.105283,29.035
2466,4.10695,29.035
2467,4.108617,29.034
2468,4.110283,29.03
2469,4.11195,29.033
2470,4.113617,29.033
2471,4.115283,29.035
2472,4.11695,29.024
2473,4.118617,29.028
2474,4.120283,29.028
2475,4.12195,29.032
2476,4.1236,29.034
2477,4.125283,29.034
2478,4.126933,29.039
2479,4.1286,29.04
2480,4.130267,29.035
2481,4.131933,29.035
2482,4.133617,29.043
2483,4.135267,29.047
2484,4.137017,29.037
2485,4.1386,29.037
2486,4.140267,29.036
2487,4.141933,29.028
2488,4.1436,29.027
2489,4.145267,29.027
2490,4.146933,29.03
2491,4.1486,29.031
2492,4.150267,29.031
2493,4.151933,29.033
2494,4.1536,29.035
2495,4.155267,29.04
2496,4.156933,29.04
2497,4.1586,29.045
2498,4.160267,29.047
2499,4.161933,29.051
2500,4.1636,29.051
2501,4.165267,29.046
2502,4.166933,29.043
2503,4.1686,29.036
2504,4.170267,29.036
2505,4.171933,29.03
2506,4.1736,29.037
2507,4.175267,29.037
2508,4.177017,29.038
2509,4.1786,29.039
2510,4.180267,29.039
2511,4.181933,29.039
2512,4.183583,29.036
2513,4.18525,29.026
2514,4.186917,29.019
2515,4.188583,29.019
2516,4.19025,29.017
2517,4.191917,29.009
2518,4.193683,29.017
2519,4.19525,29.017
2520,4.196917,29.027
2521,4.198583,29.026
2522,4.20025,29.034
2523,4.201917,29.034
2524,4.203583,29.029
2525,4.20525,29.026
2526,4.206917,29.026
2527,4.208583,29.031
2528,4.210383,29.028
2529,4.211933,29.034
2530,4.213583,29.034
2531,4.21525,29.033
2532,4.216917,29.029
2533,4.218583,29.027
2534,4.22025,29.027
2535,4.221917,29.022
2536,4.223583,29.027
2537,4.22525,29.033
2538,4.226917,29.033
2539,4.228583,29.039
2540,4.23025,29.047
2541,4.231917,29.047
2542,4.233583,29.047
2543,4.23525,29.052
2544,4.236917,29.054
2545,4.238583,29.054
2546,4.24025,29.05
2547,4.241917,29.043
2548,4.243567,29.038
2549,4.245233,29.038
2550,4.2469,29.038
2551,4.248567,29.044
2552,4.250233,29.05
2553,4.2519,29.05
2554,4.253567,29.047
2555,4.255233,29.037
2556,4.2569,29.025
2557,4.258567,29.025
2558,4.260233,29.019
2559,4.2619,29.013
2560,4.263567,29.013
2561,4.265233,29.014
2562,4.2669,29.014
2563,4.268567,29.014
2564,4.270233,29.014
2565,4.2719,29.016
2566,4.273567,29.014
2567,4.275233,29.022
2568,4.2769,29.022
2569,4.2786,29.018
2570,4.280317,29.017
2571,4.2819,29.027
2572,4.283567,29.027
2573,4.285233,29.021
2574,4.2869,29.025
2575,4.288567,29.025
2576,4.290233,29.029
2577,4.2919,29.019
2578,4.293567,29.021
2579,4.295283,29.021
2580,4.2969,29.027
2581,4.298567,29.022
2582,4.300233,29.034
2583,4.301883,29.034
2584,4.30355,29.041
2585,4.305217,29.037
2586,4.306883,29.037
2587,4.30855,29.037
2588,4.310217,29.024
2589,4.31195,29.021
2590,4.31355,29.023
2591,4.315217,29.023
2592,4.316883,29.025
2593,4.31855,29.029
2594,4.320217,29.029
2595,4.321883,29.027
2596,4.32355,29.024
2597,4.325217,29.026
2598,4.326883,29.026
2599,4.32855,29.031
2600,4.330217,29.034
2601,4.331883,29.036
2602,4.33355,29.036
2603,4.335217,29.033
2604,4.336883,29.032
2605,4.33855,29.024
2606,4.340217,29.024
2607,4.341883,29.019
2608,4.34355,29.009
2609,4.345217,29.009
2610,4.346883,29.002
2611,4.34855,28.998
2612,4.350217,28.993
2613,4.351883,28.993
2614,4.35355,28.998
2615,4.355217,29.001
2616,4.356917,29.008
2617,4.35855,29.008
2618,4.360217,29.012
2619,4.361867,29.013
2620,4.363533,29.006
2621,4.3652,29.006
2622,4.366867,29.006
2623,4.368533,29.003
2624,4.3702,29.003
2625,4.371883,29.003
2626,4.373567,29.01
2627,4.3752,29.002
2628,4.376867,29.002
2629,4.378533,29.011
2630,4.3802,29.01
2631,4.381867,29.004
2632,4.383533,29.004
2633,4.3852,29.006
2634,4.386867,29.003
2635,4.388533,29
2636,4.390183,29
2637,4.39185,28.993
2638,4.393517,28.996
2639,4.395183,28.991
2640,4.39685,28.991
2641,4.398517,28.993
2642,4.400183,29.004
2643,4.40185,29.004
2644,4.403517,29.01
2645,4.405183,29.017
2646,4.40685,29.017
2647,4.408517,29.017
2648,4.410183,29.017
2649,4.41185,29.013
2650,4.413583,29.006
2651,4.415183,29.006
2652,4.41685,29.005
2653,4.418517,28.998
2654,4.420183,28.99
2655,4.42185,28.99
2656,4.4235,28.993
2657,4.425167,28.994
2658,4.426833,28.994
2659,4.4285,29.007
2660,4.4302,29.013
2661,4.431833,29.017
2662,4.4335,29.017
2663,4.435167,29.015
2664,4.436833,29.006
2665,4.4385,29.008
2666,4.440167,29.008
2667,4.441833,29.007
2668,4.4435,29.011
2669,4.445167,29.019
2670,4.44695,29.019
2671,4.4485,29.024
2672,4.450167,29.029
2673,4.451833,29.038
2674,4.4535,29.038
2675,4.455167,29.036
2676,4.456833,29.034
2677,4.4585,29.034
2678,4.460183,29.026
2679,4.461833,29.021
2680,4.4635,29.026
2681,4.465167,29.026
2682,4.466833,29.031
2683,4.4685,29.04
2684,4.470167,29.047
2685,4.471833,29.047
2686,4.4735,29.047
2687,4.475167,29.044
2688,4.476833,29.045
2689,4.4785,29.045
2690,4.480167,29.042
2691,4.481833,29.041
2692,4.483483,29.041
2693,4.48515,29.05
2694,4.486817,29.046
2695,4.488483,29.052
2696,4.49015,29.052
2697,4.491817,29.051
2698,4.493483,29.04
2699,4.49515,29.038
2700,4.496817,29.038
2701,4.498517,29.027
2702,4.50015,29.015
2703,4.501817,29.016
2704,4.503483,29.016
2705,4.50515,29.012
2706,4.506817,29.014
2707,4.508483,29.02
2708,4.51015,29.02
2709,4.511817,29.019
2710,4.513483,29.022
2711,4.51515,29.022
2712,4.516817,29.023
2713,4.518483,29.036
2714,4.52015,29.032
2715,4.521817,29.032
2716,4.523483,29.04
2717,4.52515,29.04
2718,4.526817,29.028
2719,4.528483,29.028
2720,4.53015,29.032
2721,4.531833,29.025
2722,4.533483,29.026
2723,4.53515,29.026
2724,4.536817,29.03
2725,4.5385,29.039
2726,4.54015,29.039
2727,4.541817,29.045
2728,4.543467,29.04
2729,4.545133,29.038
2730,4.5468,29.038
2731,4.548467,29.026
2732,4.550133,29.02
2733,4.5518,29.024
2734,4.553467,29.024
2735,4.555133,29.017
2736,4.5568,29.019
2737,4.558467,29.017
2738,4.560133,29.017
2739,4.5618,29.019
2740,4.563467,29.022
2741,4.56525,29.023
2742,4.5668,29.023
2743,4.568467,29.02
2744,4.570133,29.018
2745,4.5718,29.018
2746,4.573467,29.026
2747,4.575183,29.023
2748,4.5768,29.03
2749,4.578467,29.03
2750,4.580133,29.026
2751,4.581817,29.023
2752,4.583467,29.034
2753,4.585133,29.034
2754,4.5868,29.036
2755,4.588467,29.048
2756,4.590133,29.044
2757,4.5918,29.044
2758,4.593467,29.028
2759,4.595133,29.022
2760,4.5968,29.022
2761,4.598467,29.015
2762,4.600133,29.02
2763,4.6018,29.026
2764,4.60345,29.026
2765,4.605117,29.02
2766,4.606783,29.021
2767,4.60845,29.025
2768,4.610117,29.025
2769,4.611783,29.03
2770,4.61345,29.038
2771,4.615117,29.042
2772,4.616783,29.042
2773,4.61845,29.037
2774,4.620117,29.035
2775,4.6218,29.029
2776,4.62345,29.029
2777,4.625117,29.031
2778,4.626783,29.029
2779,4.62845,29.029
2780,4.630117,29.03
2781,4.631783,29.036
2782,4.63345,29.035
2783,4.635117,29.035
2784,4.636783,29.04
2785,4.638467,29.039
2786,4.640117,29.035
2787,4.641783,29.035
2788,4.64345,29.024
2789,4.645117,29.023
2790,4.646783,29.019
2791,4.64845,29.019
2792,4.650183,29.017
2793,4.651783,29.022
2794,4.65345,29.022
2795,4.655117,29.014
2796,4.656783,29.018
2797,4.65845,29.023
2798,4.660117,29.023
2799,4.661767,29.02
2800,4.663433,29.019
2801,4.6651,29.008
2802,4.666767,29.008
2803,4.668433,29.01
2804,4.6701,29.017
2805,4.671767,29.022
2806,4.673433,29.022
2807,4.6751,29.033
2808,4.676767,29.03
2809,4.678433,29.03
2810,4.6801,29.025
2811,4.68175,29.032
2812,4.683517,29.027
2813,4.685083,29.027
2814,4.68675,29.031
2815,4.688417,29.031
2816,4.690083,29.023
2817,4.69175,29.023
2818,4.693417,29.022
2819,4.695083,29.015
2820,4.69675,29.013
2821,4.698417,29.013
2822,4.700083,29.016
2823,4.70175,29.02
2824,4.703417,29.019
2825,4.705083,29.019
2826,4.70675,29.018
2827,4.708417,29.018
2828,4.7101,29.018
2829,4.71175,29.019
2830,4.713417,29.023
2831,4.715083,29.039
2832,4.716783,29.039
2833,4.718417,29.047
2834,4.720083,29.053
2835,4.72175,29.059
2836,4.7234,29.059
2837,4.725067,29.048
2838,4.726733,29.047
2839,4.7284,29.038
2840,4.730067,29.038
2841,4.731733,29.037
2842,4.7334,29.034
2843,4.735067,29.034
2844,4.736733,29.037
2845,4.7384,29.031
2846,4.740067,29.032
2847,4.741733,29.032
2848,4.7434,29.036
2849,4.745067,29.025
2850,4.746733,29.026
2851,4.7484,29.026
2852,4.750067,29.02
2853,4.751733,29.023
2854,4.7534,29.025
2855,4.755067,29.025
2856,4.75675,29.026
2857,4.7584,29.031
2858,4.760067,29.025
2859,4.761733,29.025
2860,4.7634,29.016
2861,4.765067,29.014
2862,4.766733,29.014
2863,4.76845,29.01
2864,4.770067,29.009
2865,4.771733,29.013
2866,4.7734,29.013
2867,4.775067,29.02
2868,4.776733,29.022
2869,4.7784,29.031
2870,4.780067,29.031
2871,4.781733,29.039
2872,4.783383,29.032
2873,4.78505,29.029
2874,4.78675,29.029
2875,4.788383,29.017
2876,4.79005,29.012
2877,4.791717,29.012
2878,4.793383,29.022
2879,4.79505,29.026
2880,4.796717,29.028
2881,4.798383,29.028
2882,4.80005,29.022
2883,4.801817,29.018
2884,4.803383,29.009
2885,4.80505,29.009
2886,4.806717,29
2887,4.808383,29.009
2888,4.81005,29.006
2889,4.811717,29.006
2890,4.813383,29.005
2891,4.81505,29.011
2892,4.816717,29.011
2893,4.818383,29.01
2894,4.82005,29.016
2895,4.821717,29.021
2896,4.823383,29.021
2897,4.82505,29.023
2898,4.826717,29.018
2899,4.828383,29.022
2900,4.83005,29.022
2901,4.831717,29.023
2902,4.833383,29.021
2903,4.83505,29.021
2904,4.836717,29.021
2905,4.838383,29.02
2906,4.84005,29.025
2907,4.841717,29.029
2908,4.843367,29.029
2909,4.845033,29.04
2910,4.8467,29.041
2911,4.848367,29.041
2912,4.850033,29.04
2913,4.8517,29.044
2914,4.853367,29.038
2915,4.855033,29.038
2916,4.8567,29.038
2917,4.858383,29.038
2918,4.860083,29.04
2919,4.8617,29.04
2920,4.863367,29.043
2921,4.865033,29.044
2922,4.8667,29.043
2923,4.868367,29.043
2924,4.870033,29.044
2925,4.8717,29.045
2926,4.873367,29.045
2927,4.875033,29.047
2928,4.8767,29.05
2929,4.878367,29.048
2930,4.880033,29.048
2931,4.8817,29.046
2932,4.883367,29.047
2933,4.885033,29.045
2934,4.886733,29.045
2935,4.888367,29.046
2936,4.890033,29.049
2937,4.8917,29.048
2938,4.893367,29.048
2939,4.895033,29.051
2940,4.8967,29.042
2941,4.898367,29.036
2942,4.900033,29.036
2943,4.901683,29.029
2944,4.903433,29.027
2945,4.905017,29.027
2946,4.906683,29.033
2947,4.90835,29.036
2948,4.910017,29.041
2949,4.911683,29.041
2950,4.91335,29.04
2951,4.915017,29.041
2952,4.916683,29.041
2953,4.91835,29.041
2954,4.920133,29.038
2955,4.921683,29.04
2956,4.92335,29.041
2957,4.925017,29.041
2958,4.926683,29.042
2959,4.92835,29.05
2960,4.930017,29.05
2961,4.931683,29.055
2962,4.93335,29.055
2963,4.935017,29.052
2964,4.936683,29.052
2965,4.938383,29.048
2966,4.940033,29.047
2967,4.941683,29.043
2968,4.94335,29.043
2969,4.945017,29.04
2970,4.946683,29.038
2971,4.94835,29.033
2972,4.950017,29.033
2973,4.951683,29.039
2974,4.95335,29.04
2975,4.955017,29.037
2976,4.956683,29.037
2977,4.95835,29.037
2978,4.960017,29.036
2979,4.961667,29.036
2980,4.963333,29.044
2981,4.965,29.043
2982,4.966667,29.04
2983,4.968333,29.04
2984,4.97,29.037
2985,4.971667,29.028
2986,4.973317,29.028
2987,4.974983,29.028
2988,4.97665,29.034
2989,4.978317,29.04
2990,4.979983,29.051
2991,4.98165,29.051
2992,4.983317,29.065
2993,4.984983,29.07
2994,4.98665,29.07
2995,4.988317,29.072
2996,4.989983,29.068
2997,4.99165,29.058
2998,4.993317,29.058
2999,4.994983,29.049
3000,4.99665,29.041
3001,4.998317,29.036
3002,4.999983,29.036
3003,5.00165,29.035
3004,5.003317,29.037
3005,5.005017,29.041
3006,5.00665,29.041
3007,5.008317,29.05
3008,5.009983,29.055
3009,5.011683,29.057
3010,5.013317,29.057
3011,5.014983,29.059
3012,5.01665,29.057
3013,5.018317,29.057
3014,5.019983,29.06
3015,5.02175,29.066
3016,5.0233,29.065
3017,5.024967,29.065
3018,5.026633,29.062
3019,5.0283,29.06
3020,5.029967,29.054
3021,5.031633,29.054
3022,5.0333,29.047
3023,5.034967,29.043
3024,5.036633,29.04
3025,5.038417,29.04
3026,5.039967,29.046
3027,5.041633,29.047
3028,5.0433,29.047
3029,5.044967,29.048
3030,5.046633,29.04
3031,5.0483,29.031
3032,5.049967,29.031
3033,5.051633,29.032
3034,5.0533,29.034
3035,5.055067,29.038
3036,5.056633,29.038
3037,5.0583,29.042
3038,5.059967,29.043
3039,5.061633,29.051
3040,5.0633,29.051
3041,5.064967,29.051
3042,5.066633,29.05
3043,5.0683,29.05
3044,5.069967,29.044
3045,5.071633,29.037
3046,5.0733,29.044
3047,5.074967,29.044
3048,5.076633,29.048
3049,5.078317,29.051
3050,5.079967,29.046
3051,5.081617,29.046
3052,5.083283,29.045
3053,5.08495,29.046
3054,5.086617,29.054
3055,5.088283,29.054
3056,5.08995,29.059
3057,5.091617,29.054
3058,5.093283,29.05
3059,5.09495,29.05
3060,5.096617,29.045
3061,5.098283,29.039
3062,5.09995,29.039
3063,5.101633,29.038
3064,5.103283,29.037
3065,5.10495,29.04
3066,5.106617,29.04
3067,5.108283,29.047
3068,5.10995,29.054
3069,5.111617,29.057
3070,5.113283,29.057
3071,5.11495,29.052
3072,5.116617,29.052
3073,5.118283,29.048
3074,5.11995,29.048
3075,5.121617,29.046
3076,5.123283,29.05
3077,5.12495,29.05
3078,5.126617,29.049
3079,5.128283,29.052
3080,5.12995,29.053
3081,5.131617,29.053
3082,5.133283,29.055
3083,5.13495,29.052
3084,5.136617,29.044
3085,5.138283,29.044
3086,5.14,29.045
3087,5.141617,29.043
3088,5.143267,29.04
3089,5.144933,29.04
3090,5.146617,29.044
3091,5.148317,29.042
3092,5.149933,29.038
3093,5.1516,29.038
3094,5.153267,29.045
3095,5.154933,29.046
3096,5.156667,29.046
3097,5.158267,29.044
3098,5.15995,29.042
3099,5.1616,29.036
3100,5.163267,29.036
3101,5.164933,29.041
3102,5.1666,29.044
3103,5.168267,29.049
3104,5.169933,29.049
3105,5.1716,29.051
3106,5.173383,29.046
3107,5.174933,29.05
3108,5.1766,29.05
3109,5.178267,29.049
3110,5.179933,29.045
3111,5.1816,29.045
3112,5.183267,29.043
3113,5.184933,29.033
3114,5.1866,29.035
3115,5.188267,29.035
3116,5.189933,29.038
3117,5.191633,29.039
3118,5.193267,29.04
3119,5.194933,29.04
3120,5.1966,29.036
3121,5.198267,29.04
3122,5.199933,29.043
3123,5.2016,29.043
3124,5.20325,29.047
3125,5.204917,29.043
3126,5.206583,29.043
3127,5.20825,29.042
3128,5.209917,29.037
3129,5.211583,29.033
3130,5.21325,29.033
3131,5.214917,29.035
3132,5.216583,29.036
3133,5.21825,29.041
3134,5.219967,29.041
3135,5.221583,29.046
3136,5.22325,29.05
3137,5.224917,29.049
3138,5.226583,29.049
3139,5.22825,29.049
3140,5.229917,29.05
3141,5.231583,29.05
3142,5.23325,29.05
3143,5.234917,29.043
3144,5.236583,29.045
3145,5.23825,29.045
3146,5.239917,29.042
3147,5.241583,29.043
3148,5.24325,29.046
3149,5.244917,29.046
3150,5.246583,29.047
3151,5.24825,29.05
3152,5.249917,29.052
3153,5.251583,29.052
3154,5.25325,29.061
3155,5.254917,29.064
3156,5.256583,29.07
3157,5.258267,29.07
3158,5.259917,29.077
3159,5.261583,29.076
3160,5.263233,29.076
3161,5.264883,29.069
3162,5.26655,29.06
3163,5.268233,29.055
3164,5.269933,29.055
3165,5.27155,29.055
3166,5.273217,29.057
3167,5.274883,29.058
3168,5.27655,29.058
3169,5.278217,29.059
3170,5.279883,29.06
3171,5.28155,29.062
3172,5.283217,29.062
3173,5.284883,29.066
3174,5.28655,29.06
3175,5.288217,29.059
3176,5.289883,29.059
3177,5.291617,29.06
3178,5.293217,29.055
3179,5.294883,29.055
3180,5.296583,29.055
3181,5.298217,29.05
3182,5.299883,29.042
3183,5.30155,29.042
3184,5.303217,29.046
3185,5.304883,29.041
3186,5.30655,29.038
3187,5.308217,29.038
3188,5.309883,29.04
3189,5.31155,29.035
3190,5.313217,29.03
3191,5.314883,29.03
3192,5.31655,29.034
3193,5.318217,29.037
3194,5.319883,29.037
3195,5.32155,29.038
3196,5.3232,29.049
3197,5.324867,29.044
3198,5.326533,29.044
3199,5.3282,29.037
3200,5.329867,29.038
3201,5.331533,29.032
3202,5.3332,29.032
3203,5.334883,29.03
3204,5.336533,29.029
3205,5.3382,29.024
3206,5.339867,29.024
3207,5.341533,29.029
3208,5.3432,29.034
3209,5.344867,29.044
3210,5.346533,29.044
3211,5.3482,29.043
3212,5.349867,29.038
3213,5.35155,29.038
3214,5.3532,29.036
3215,5.354867,29.029
3216,5.356533,29.028
3217,5.3582,29.028
3218,5.359867,29.028
3219,5.361533,29.032
3220,5.36325,29.032
3221,5.364867,29.032
3222,5.366533,29.041
3223,5.3682,29.043
3224,5.369867,29.041
3225,5.371533,29.041
3226,5.3732,29.042
3227,5.374867,29.04
3228,5.376533,29.04
3229,5.3782,29.038
3230,5.379867,29.029
3231,5.381533,29.028
3232,5.383183,29.028
3233,5.38485,29.024
3234,5.386517,29.025
3235,5.388183,29.04
3236,5.38985,29.04
3237,5.391517,29.038
3238,5.393183,29.033
3239,5.39485,29.03
3240,5.396517,29.03
3241,5.398183,29.025
3242,5.39985,29.025
3243,5.401517,29.025
3244,5.403183,29.025
3245,5.40485,29.026
3246,5.406517,29.024
3247,5.408183,29.024
3248,5.40995,29.026
3249,5.411517,29.034
3250,5.413183,29.031
3251,5.41485,29.031
3252,5.416517,29.029
3253,5.418183,29.031
3254,5.41985,29.02
3255,5.421517,29.02
3256,5.423183,29.019
3257,5.42485,29.019
3258,5.426517,29.016
3259,5.428183,29.016
3260,5.42985,29.015
3261,5.431517,29.016
3262,5.433183,29.016
3263,5.43485,29.015
3264,5.436517,29.008
3265,5.438183,29.006
3266,5.43985,29.006
3267,5.44155,29.001
3268,5.443167,28.994
3269,5.444833,29.002
3270,5.4465,29.002
3271,5.448167,29.009
3272,5.449833,29.01
3273,5.4515,29.017
3274,5.453167,29.017
3275,5.454833,29.017
3276,5.4565,29.018
3277,5.458167,29.018
3278,5.459833,29.019
3279,5.4615,29.014
3280,5.463167,29.013
3281,5.464833,29.013
3282,5.4665,29.01
3283,5.468167,29.001
3284,5.469833,29.003
3285,5.4715,29.003
3286,5.473167,28.993
3287,5.474833,28.989
3288,5.4765,29.002
3289,5.478167,29.002
3290,5.479833,29.006
3291,5.4815,29.02
3292,5.483167,29.033
3293,5.484833,29.033
3294,5.4865,29.033
3295,5.488167,29.038
3296,5.489833,29.038
3297,5.4915,29.036
3298,5.493167,29.028
3299,5.494833,29.029
3300,5.4965,29.029
3301,5.498167,29.025
3302,5.499833,29.026
3303,5.5015,29.03
3304,5.50315,29.03
3305,5.504817,29.031
3306,5.506483,29.036
3307,5.50815,29.041
3308,5.509817,29.041
3309,5.511517,29.037
3310,5.513183,29.04
3311,5.514817,29.04
3312,5.516483,29.045
3313,5.51815,29.04
3314,5.519817,29.035
3315,5.521483,29.035
3316,5.52315,29.029
3317,5.524817,29.018
3318,5.526483,29.021
3319,5.528267,29.021
3320,5.529817,29.032
3321,5.531483,29.031
3322,5.53315,29.035
3323,5.534817,29.035
3324,5.536483,29.034
3325,5.53815,29.039
3326,5.539817,29.046
3327,5.541483,29.046
3328,5.54315,29.053
3329,5.544817,29.061
3330,5.546483,29.061
3331,5.54815,29.058
3332,5.549817,29.059
3333,5.551483,29.065
3334,5.55315,29.065
3335,5.554817,29.059
3336,5.556467,29.065
3337,5.558133,29.067
3338,5.5598,29.067
3339,5.561467,29.058
3340,5.563117,29.064
3341,5.564783,29.052
3342,5.56645,29.052
3343,5.568117,29.046
3344,5.569783,29.041
3345,5.57145,29.041
3346,5.573117,29.033
3347,5.574783,29.033
3348,5.57645,29.023
3349,5.578117,29.023
3350,5.579783,29.037
3351,5.58145,29.037
3352,5.583133,29.036
3353,5.58485,29.036
3354,5.58645,29.05
3355,5.588117,29.043
3356,5.589783,29.055
3357,5.59145,29.055
3358,5.593117,29.071
3359,5.594783,29.073
3360,5.59645,29.073
3361,5.598117,29.072
3362,5.599783,29.068
3363,5.60145,29.059
3364,5.603117,29.059
3365,5.604783,29.055
3366,5.60645,29.059
3367,5.608117,29.048
3368,5.609783,29.048
3369,5.61145,29.043
3370,5.613133,29.049
3371,5.614783,29.046
3372,5.61645,29.046
3373,5.618117,29.051
3374,5.619783,29.05
3375,5.621433,29.045
3376,5.6231,29.045
3377,5.624767,29.043
3378,5.626433,29.043
3379,5.6281,29.043
3380,5.629767,29.045
3381,5.631433,29.05
3382,5.6331,29.052
3383,5.634767,29.052
3384,5.636433,29.06
3385,5.6381,29.067
3386,5.639767,29.055
3387,5.641433,29.055
3388,5.6431,29.05
3389,5.644767,29.04
3390,5.64655,29.035
3391,5.6481,29.035
3392,5.649767,29.037
3393,5.651433,29.043
3394,5.6531,29.043
3395,5.654767,29.048
3396,5.656433,29.048
3397,5.6581,29.047
3398,5.659767,29.047
3399,5.661433,29.04
3400,5.6631,29.033
3401,5.6648,29.03
3402,5.666467,29.03
3403,5.6681,29.029
3404,5.669767,29.033
3405,5.671433,29.036
3406,5.6731,29.036
3407,5.674767,29.04
3408,5.676433,29.04
3409,5.6781,29.042
3410,5.679767,29.042
3411,5.681417,29.05
3412,5.683083,29.054
3413,5.68475,29.054
3414,5.686417,29.066
3415,5.688083,29.071
3416,5.68975,29.069
3417,5.691417,29.069
3418,5.693083,29.07
3419,5.69475,29.069
3420,5.696417,29.073
3421,5.698083,29.073
3422,5.69975,29.074
3423,5.701417,29.072
3424,5.703083,29.066
3425,5.70475,29.066
3426,5.706417,29.061
3427,5.708083,29.056
3428,5.70975,29.056
3429,5.711417,29.057
3430,5.713083,29.058
3431,5.71475,29.06
3432,5.716417,29.06
3433,5.718083,29.066
3434,5.71975,29.059
3435,5.721417,29.054
3436,5.723083,29.054
3437,5.72475,29.05
3438,5.726417,29.048
3439,5.728083,29.055
3440,5.72975,29.055
3441,5.731467,29.069
3442,5.7331,29.073
3443,5.73475,29.074
3444,5.736417,29.074
3445,5.738083,29.074
3446,5.73975,29.058
3447,5.741417,29.058
3448,5.7431,29.055
3449,5.744733,29.05
3450,5.7464,29.045
3451,5.748133,29.045
3452,5.749733,29.05
3453,5.7514,29.041
3454,5.753067,29.037
3455,5.754733,29.037
3456,5.7564,29.032
3457,5.758067,29.026
3458,5.759733,29.026
3459,5.7614,29.026
3460,5.763067,29.026
3461,5.76485,29.026
3462,5.7664,29.026
3463,5.768067,29.033
3464,5.769733,29.032
3465,5.7714,29.034
3466,5.773067,29.034
3467,5.774733,29.038
3468,5.7764,29.033
3469,5.778067,29.04
3470,5.779733,29.04
3471,5.7814,29.044
3472,5.783067,29.046
3473,5.784733,29.051
3474,5.7864,29.051
3475,5.788067,29.053
3476,5.789733,29.055
3477,5.791417,29.062
3478,5.793067,29.062
3479,5.794733,29.06
3480,5.7964,29.058
3481,5.798067,29.058
3482,5.799733,29.059
3483,5.8014,29.047
3484,5.80305,29.042
3485,5.804717,29.042
3486,5.806383,29.035
3487,5.80805,29.029
3488,5.809717,29.032
3489,5.811417,29.032
3490,5.81305,29.034
3491,5.814717,29.034
3492,5.816383,29.04
3493,5.81805,29.04
3494,5.819717,29.04
3495,5.821383,29.045
3496,5.82305,29.045
3497,5.824717,29.045
3498,5.826383,29.043
3499,5.828083,29.043
3500,5.829717,29.043
3501,5.831383,29.034
3502,5.83305,29.037
3503,5.834717,29.03
3504,5.836383,29.03
3505,5.83805,29.028
3506,5.839717,29.03
3507,5.841383,29.03
3508,5.84305,29.03
3509,5.844717,29.037
3510,5.846383,29.042
3511,5.848033,29.042
3512,5.84975,29.046
3513,5.851367,29.043
3514,5.853033,29.038
3515,5.8547,29.038
3516,5.856367,29.032
3517,5.858033,29.03
3518,5.8597,29.036
3519,5.86135,29.036
3520,5.863017,29.035
3521,5.864683,29.038
3522,5.866483,29.044
3523,5.868017,29.044
3524,5.869683,29.043
3525,5.87135,29.044
3526,5.873017,29.041
3527,5.874683,29.041
3528,5.87635,29.039
3529,5.878017,29.04
3530,5.879683,29.04
3531,5.88135,29.048
3532,5.883067,29.052
3533,5.884683,29.054
3534,5.88635,29.054
3535,5.888017,29.05
3536,5.889683,29.044
3537,5.89135,29.04
3538,5.893017,29.04
3539,5.894683,29.034
3540,5.89635,29.03
3541,5.898017,29.027
3542,5.899683,29.027
3543,5.90135,29.027
3544,5.903017,29.024
3545,5.904683,29.024
3546,5.90635,29.028
3547,5.908017,29.026
3548,5.909683,29.031
3549,5.91135,29.031
3550,5.913017,29.037
3551,5.914683,29.043
3552,5.916367,29.052
3553,5.918017,29.052
3554,5.919683,29.044
3555,5.92135,29.036
3556,5.923,29.027
3557,5.924667,29.027
3558,5.926333,29.019
3559,5.928,29.019
3560,5.929667,29.022
3561,5.931333,29.022
3562,5.933,29.026
3563,5.934667,29.031
3564,5.936333,29.031
3565,5.938,29.039
3566,5.939667,29.041
3567,5.941333,29.04
3568,5.943,29.04
3569,5.944667,29.037
3570,5.946333,29.029
3571,5.948,29.033
3572,5.949667,29.033
3573,5.951333,29.036
3574,5.953,29.037
3575,5.954683,29.038
3576,5.956333,29.038
3577,5.958,29.033
3578,5.959667,29.036
3579,5.961333,29.036
3580,5.963,29.041
3581,5.964667,29.043
3582,5.96635,29.043
3583,5.96805,29.043
3584,5.969667,29.032
3585,5.971333,29.026
3586,5.973,29.025
3587,5.974667,29.025
3588,5.976333,29.023
3589,5.978,29.027
3590,5.979667,29.025
3591,5.981333,29.025
3592,5.982983,29.027
3593,5.984717,29.031
3594,5.986317,29.031
3595,5.987983,29.026
3596,5.98965,29.026
3597,5.991317,29.02
3598,5.992983,29.02
3599,5.99465,29.016
3600,5.996317,29.022
3601,5.997983,29.021
3602,5.99965,29.021
3603,6.001333,29.026
3604,6.002983,29.028
3605,6.00465,29.03
3606,6.006317,29.03
3607,6.007983,29.032
3608,6.00965,29.035
3609,6.011317,29.031
3610,6.012983,29.031
3611,6.01465,29.021
3612,6.016317,29.015
3613,6.01805,29.015
3614,6.01965,29.005
3615,6.021317,29.002
3616,6.022983,29.003
3617,6.02465,29.003
3618,6.026317,29.01
3619,6.027983,29.01
3620,6.02965,29.012
3621,6.031317,29.012
3622,6.032983,29.012
3623,6.034683,29.009
3624,6.036317,29.016
3625,6.037983,29.016
3626,6.03965,29.018
3627,6.041317,29.019
3628,6.042967,29.019
3629,6.044633,29.022
3630,6.0463,29.02
3631,6.047967,29.026
3632,6.049633,29.026
3633,6.0513,29.037
3634,6.052967,29.035
3635,6.054633,29.038
3636,6.0563,29.038
3637,6.057967,29.039
3638,6.059633,29.033
3639,6.0613,29.041
3640,6.062967,29.041
3641,6.064633,29.047
3642,6.0663,29.045
3643,6.067967,29.052
3644,6.069633,29.052
3645,6.0713,29.047
3646,6.072967,29.046
3647,6.074633,29.046
3648,6.0763,29.049
3649,6.078,29.051
3650,6.079633,29.06
3651,6.0813,29.06
3652,6.082967,29.061
3653,6.084633,29.059
3654,6.0863,29.061
3655,6.087967,29.061
3656,6.089633,29.056
3657,6.0913,29.055
3658,6.092967,29.057
3659,6.094633,29.057
3660,6.0963,29.051
3661,6.097967,29.051
3662,6.099633,29.051
3663,6.1013,29.047
3664,6.103033,29.047
3665,6.104617,29.048
3666,6.106283,29.048
3667,6.10795,29.047
3668,6.109617,29.047
3669,6.111283,29.04
3670,6.11295,29.04
3671,6.114617,29.043
3672,6.116283,29.042
3673,6.11795,29.04
3674,6.119633,29.04
3675,6.121283,29.039
3676,6.12295,29.029
3677,6.124617,29.032
3678,6.126283,29.032
3679,6.12795,29.032
3680,6.129617,29.041
3681,6.131283,29.041
3682,6.13295,29.046
3683,6.134617,29.041
3684,6.136383,29.046
3685,6.137933,29.046
3686,6.1396,29.04
3687,6.141283,29.04
3688,6.142933,29.039
3689,6.1446,29.039
3690,6.146267,29.036
3691,6.147933,29.035
3692,6.1496,29.042
3693,6.151267,29.042
3694,6.152933,29.046
3695,6.1546,29.051
3696,6.156267,29.051
3697,6.157933,29.054
3698,6.1596,29.046
3699,6.16125,29.046
3700,6.162917,29.046
3701,6.164617,29.042
3702,6.1663,29.04
3703,6.167917,29.037
3704,6.169583,29.037
3705,6.17125,29.026
3706,6.172917,29.023
3707,6.174583,29.019
3708,6.17625,29.019
3709,6.177967,29.018
3710,6.179583,29.029
3711,6.18125,29.029
3712,6.182917,29.031
3713,6.184583,29.034
3714,6.18625,29.039
3715,6.187917,29.039
3716,6.189583,29.036
3717,6.19125,29.039
3718,6.192917,29.041
3719,6.194583,29.041
3720,6.19625,29.04
3721,6.197917,29.041
3722,6.199583,29.041
3723,6.20125,29.041
3724,6.202917,29.039
3725,6.204583,29.041
3726,6.20625,29.036
3727,6.207917,29.036
3728,6.209583,29.031
3729,6.21125,29.031
3730,6.212917,29.031
3731,6.214583,29.036
3732,6.21625,29.043
3733,6.217917,29.048
3734,6.219583,29.048
3735,6.22125,29.048
3736,6.2229,29.046
3737,6.224567,29.048
3738,6.226233,29.048
3739,6.2279,29.049
3740,6.229567,29.054
3741,6.231233,29.055
3742,6.2329,29.055
3743,6.234567,29.05
3744,6.236233,29.049
3745,6.237983,29.048
3746,6.239567,29.048
3747,6.241233,29.049
3748,6.2429,29.056
3749,6.244567,29.056
3750,6.246233,29.061
3751,6.2479,29.061
3752,6.249567,29.06
3753,6.25125,29.06
3754,6.252917,29.061
3755,6.254667,29.067
3756,6.256233,29.07
3757,6.2579,29.07
3758,6.259567,29.07
3759,6.261233,29.068
3760,6.2629,29.068
3761,6.264567,29.068
3762,6.266233,29.067
3763,6.2679,29.07
3764,6.269567,29.07
3765,6.271233,29.069
3766,6.2729,29.059
3767,6.274567,29.059
3768,6.276233,29.059
3769,6.2779,29.054
3770,6.279567,29.052
3771,6.281233,29.053
3772,6.282883,29.053
3773,6.28455,29.048
3774,6.286217,29.045
3775,6.287883,29.038
3776,6.28955,29.038
3777,6.291217,29.04
3778,6.292883,29.038
3779,6.29455,29.038
3780,6.296217,29.041
3781,6.297883,29.042
3782,6.29955,29.036
3783,6.301217,29.036
3784,6.302883,29.04
3785,6.30455,29.048
3786,6.306217,29.055
3787,6.307883,29.055
3788,6.30955,29.055
3789,6.311217,29.049
3790,6.312883,29.041
3791,6.31455,29.041
3792,6.316217,29.035
3793,6.317917,29.039
3794,6.31955,29.047
3795,6.321217,29.047
3796,6.322883,29.048
3797,6.32455,29.05
3798,6.326217,29.05
3799,6.3279,29.05
3800,6.32955,29.046
3801,6.331217,29.042
3802,6.332883,29.042
3803,6.33455,29.042
3804,6.336217,29.04
3805,6.337883,29.043
3806,6.339567,29.043
3807,6.341217,29.047
3808,6.342867,29.048
3809,6.344533,29.049
3810,6.3462,29.049
3811,6.347867,29.045
3812,6.349533,29.043
3813,6.3512,29.043
3814,6.352867,29.046
3815,6.354533,29.049
3816,6.3562,29.049
3817,6.357867,29.049
3818,6.359533,29.048
3819,6.3612,29.042
3820,6.362867,29.041
3821,6.364533,29.041
3822,6.3662,29.044
3823,6.367867,29.043
3824,6.36955,29.048
3825,6.3712,29.048
3826,6.372983,29.05
3827,6.374533,29.052
3828,6.3762,29.059
3829,6.377867,29.059
3830,6.379533,29.059
3831,6.3812,29.059
3832,6.382867,29.059
3833,6.384533,29.057
3834,6.3862,29.052
3835,6.387867,29.054
3836,6.389533,29.054
3837,6.3912,29.053
3838,6.392867,29.055
3839,6.394533,29.055
3840,6.396217,29.055
3841,6.397867,29.049
3842,6.399533,29.045
3843,6.401183,29.044
3844,6.40285,29.044
3845,6.404517,29.043
3846,6.406183,29.052
3847,6.40785,29.052
3848,6.409517,29.057
3849,6.411183,29.056
3850,6.41285,29.06
3851,6.414517,29.06
3852,6.416183,29.057
3853,6.41785,29.06
3854,6.419517,29.065
3855,6.4212,29.065
3856,6.42285,29.064
3857,6.424517,29.066
3858,6.426183,29.064
3859,6.42785,29.064
3860,6.4295,29.061
3861,6.431167,29.068
3862,6.432833,29.068
3863,6.4345,29.067
3864,6.436167,29.063
3865,6.437833,29.065
3866,6.4395,29.065
3867,6.441167,29.058
3868,6.442833,29.056
3869,6.4445,29.057
3870,6.446167,29.057
3871,6.447833,29.056
3872,6.4495,29.058
3873,6.451167,29.059
3874,6.452833,29.059
3875,6.4545,29.059
3876,6.456167,29.057
3877,6.457817,29.053
3878,6.4595,29.053
3879,6.461167,29.053
3880,6.462817,29.059
3881,6.464483,29.059
3882,6.4662,29.058
3883,6.467817,29.054
3884,6.469483,29.048
3885,6.47115,29.048
3886,6.472817,29.037
3887,6.474483,29.035
3888,6.47615,29.045
3889,6.477817,29.045
3890,6.479483,29.05
3891,6.48115,29.058
3892,6.482817,29.062
3893,6.484483,29.062
3894,6.48615,29.053
3895,6.487817,29.05
3896,6.489483,29.05
3897,6.49125,29.045
3898,6.492817,29.043
3899,6.494483,29.045
3900,6.49615,29.045
3901,6.497817,29.048
3902,6.499483,29.054
3903,6.50115,29.056
3904,6.502817,29.056
3905,6.504483,29.053
3906,6.50615,29.056
3907,6.507833,29.057
3908,6.509483,29.057
3909,6.51115,29.055
3910,6.512817,29.058
3911,6.514483,29.045
3912,6.51615,29.045
3913,6.517817,29.035
3914,6.519483,29.034
3915,6.52115,29.034
3916,6.5228,29.037
3917,6.524467,29.043
3918,6.526133,29.043
3919,6.5278,29.043
3920,6.529467,29.043
3921,6.531133,29.04
3922,6.5328,29.044
3923,6.534467,29.044
3924,6.536133,29.043
3925,6.5378,29.047
3926,6.539467,29.047
3927,6.54115,29.047
3928,6.542833,29.04
3929,6.544483,29.04
3930,6.546133,29.04
3931,6.5478,29.034
3932,6.549467,29.037
3933,6.551133,29.044
3934,6.5528,29.044
3935,6.554467,29.044
3936,6.556133,29.047
3937,6.5578,29.037
3938,6.559467,29.037
3939,6.561133,29.027
3940,6.5628,29.026
3941,6.564467,29.026
3942,6.566133,29.026
3943,6.5678,29.031
3944,6.569467,29.041
3945,6.571133,29.046
3946,6.5728,29.046
3947,6.574467,29.043
3948,6.576183,29.048
3949,6.5778,29.048
3950,6.579467,29.05
3951,6.581133,29.055
3952,6.582783,29.06
3953,6.58445,29.06
3954,6.586117,29.058
3955,6.587783,29.062
3956,6.58945,29.067
3957,6.591117,29.067
3958,6.59285,29.073
3959,6.594467,29.083
3960,6.596117,29.086
3961,6.597783,29.086
3962,6.59945,29.087
3963,6.601117,29.088
3964,6.602783,29.088
3965,6.60445,29.083
3966,6.606117,29.074
3967,6.607783,29.067
3968,6.60955,29.067
3969,6.611117,29.061
3970,6.612783,29.06
3971,6.61445,29.057
3972,6.616117,29.057
3973,6.617783,29.06
3974,6.61945,29.058
3975,6.621133,29.053
3976,6.622783,29.053
3977,6.62445,29.054
3978,6.626117,29.055
3979,6.627783,29.055
3980,6.62945,29.062
3981,6.631117,29.068
3982,6.632783,29.07
3983,6.63445,29.07
3984,6.636117,29.07
3985,6.637783,29.065
3986,6.63945,29.057
3987,6.6411,29.057
3988,6.642767,29.062
3989,6.644433,29.061
3990,6.6461,29.062
3991,6.647767,29.062
3992,6.649433,29.064
3993,6.6511,29.06
3994,6.652767,29.063
3995,6.654433,29.063
3996,6.6561,29.073
3997,6.657767,29.082
3998,6.659433,29.082
3999,6.6611,29.082
4000,6.662767,29.076
4001,6.664433,29.065
4002,6.6661,29.065
4003,6.667767,29.062
4004,6.669433,29.063
4005,6.6711,29.065
4006,6.672767,29.065
4007,6.674433,29.067
4008,6.6761,29.06
4009,6.677767,29.059
4010,6.679433,29.059
4011,6.681117,29.06
4012,6.682767,29.058
4013,6.684433,29.058
4014,6.6861,29.061
4015,6.687783,29.073
4016,6.689433,29.068
4017,6.6911,29.068
4018,6.692767,29.07
4019,6.694483,29.073
4020,6.6961,29.069
4021,6.697767,29.069
4022,6.699433,29.075
4023,6.7011,29.079
4024,6.70275,29.076
4025,6.704417,29.076
4026,6.706083,29.071
4027,6.70775,29.075
4028,6.709417,29.07
4029,6.711183,29.07
4030,6.71275,29.075
4031,6.714417,29.086
4032,6.716083,29.086
4033,6.71775,29.083
4034,6.719417,29.081
4035,6.721067,29.075
4036,6.722733,29.075
4037,6.7244,29.064
4038,6.726067,29.062
4039,6.727833,29.062
4040,6.7294,29.062
4041,6.731067,29.071
4042,6.732733,29.07
4043,6.7344,29.071
4044,6.736067,29.071
4045,6.737733,29.069
4046,6.7394,29.056
4047,6.741067,29.056
4048,6.742733,29.05
4049,6.7444,29.048
4050,6.746067,29.046
4051,6.747733,29.046
4052,6.7494,29.054
4053,6.751067,29.066
4054,6.752733,29.072
4055,6.7544,29.072
4056,6.756067,29.075
4057,6.757733,29.073
4058,6.7594,29.072
4059,6.761067,29.072
4060,6.762717,29.072
4061,6.764383,29.073
4062,6.766083,29.083
4063,6.767783,29.083
4064,6.769383,29.081
4065,6.77105,29.072
4066,6.772717,29.072
4067,6.774383,29.076
4068,6.77605,29.073
4069,6.777717,29.078
4070,6.779383,29.078
4071,6.78105,29.083
4072,6.782717,29.083
4073,6.784383,29.087
4074,6.78605,29.087
4075,6.787717,29.086
4076,6.789383,29.078
4077,6.79105,29.067
4078,6.792717,29.067
4079,6.794383,29.058
4080,6.79605,29.05
4081,6.797717,29.05
4082,6.799383,29.051
4083,6.80105,29.057
4084,6.802717,29.053
4085,6.804383,29.053
4086,6.80605,29.052
4087,6.807717,29.052
4088,6.809383,29.041
4089,6.81105,29.041
4090,6.812733,29.039
4091,6.814383,29.036
4092,6.81605,29.037
4093,6.817717,29.037
4094,6.819383,29.056
4095,6.82105,29.064
4096,6.8227,29.064
4097,6.824367,29.062
4098,6.826033,29.062
4099,6.8277,29.06
4100,6.82945,29.06
4101,6.831033,29.062
4102,6.832717,29.068
4103,6.834367,29.069
4104,6.836033,29.069
4105,6.837717,29.066
4106,6.839367,29.063
4107,6.841033,29.063
4108,6.8427,29.063
4109,6.844367,29.057
4110,6.846133,29.055
4111,6.8477,29.06
4112,6.849367,29.06
4113,6.851033,29.063
4114,6.8527,29.076
4115,6.854367,29.076
4116,6.856033,29.075
4117,6.8577,29.071
4118,6.859367,29.071
4119,6.861033,29.071
4120,6.8628,29.061
4121,6.864367,29.053
4122,6.866033,29.046
4123,6.8677,29.046
4124,6.869367,29.041
4125,6.871033,29.046
4126,6.8727,29.05
4127,6.874367,29.05
4128,6.876033,29.044
4129,6.8777,29.038
4130,6.879367,29.038
4131,6.881033,29.037
4132,6.882683,29.041
4133,6.88435,29.048
4134,6.886017,29.048
4135,6.887683,29.055
4136,6.88935,29.043
4137,6.891017,29.038
4138,6.892683,29.038
4139,6.89435,29.039
4140,6.896017,29.037
4141,6.897683,29.045
4142,6.89935,29.045
4143,6.901017,29.041
4144,6.902683,29.043
4145,6.90435,29.048
4146,6.906017,29.048
4147,6.907717,29.037
4148,6.90935,29.04
4149,6.911017,29.04
4150,6.912683,29.036
4151,6.91435,29.033
4152,6.916017,29.039
4153,6.917683,29.039
4154,6.91935,29.038
4155,6.921017,29.043
4156,6.922733,29.044
4157,6.92435,29.044
4158,6.926017,29.051
4159,6.927683,29.05
4160,6.92935,29.042
4161,6.931017,29.042
4162,6.932683,29.043
4163,6.93435,29.044
4164,6.936017,29.044
4165,6.937683,29.045
4166,6.93935,29.055
4167,6.941017,29.045
4168,6.942667,29.045
4169,6.944333,29.035
4170,6.946,29.041
4171,6.947683,29.042
4172,6.949333,29.042
4173,6.951,29.042
4174,6.952667,29.045
4175,6.954333,29.032
4176,6.956,29.032
4177,6.957667,29.025
4178,6.959333,29.038
4179,6.961,29.044
4180,6.962667,29.044
4181,6.964383,29.052
4182,6.966,29.052
4183,6.967667,29.052
4184,6.969333,29.05
4185,6.971,29.051
4186,6.972667,29.055
4187,6.974333,29.055
4188,6.976,29.057
4189,6.977667,29.06
4190,6.979333,29.062
4191,6.9811,29.062
4192,6.982667,29.071
4193,6.984333,29.071
4194,6.986017,29.067
4195,6.987667,29.067
4196,6.989333,29.069
4197,6.991,29.059
4198,6.992667,29.059
4199,6.994333,29.057
4200,6.996,29.047
4201,6.997667,29.038
4202,6.999333,29.038
4203,7.001,29.034
4204,7.00265,29.042
4205,7.004317,29.054
4206,7.005983,29.054
4207,7.00765,29.067
4208,7.009317,29.071
4209,7.010983,29.07
4210,7.012633,29.07
4211,7.014333,29.068
4212,7.015967,29.058
4213,7.017633,29.058
4214,7.0193,29.049
4215,7.020967,29.042
4216,7.022633,29.04
4217,7.0243,29.04
4218,7.025967,29.038
4219,7.027633,29.047
4220,7.0293,29.042
4221,7.030967,29.042
4222,7.032633,29.045
4223,7.0343,29.054
4224,7.035967,29.05
4225,7.037633,29.05
4226,7.0393,29.051
4227,7.040967,29.051
4228,7.042633,29.037
4229,7.0443,29.037
4230,7.045967,29.038
4231,7.047633,29.053
4232,7.0493,29.053
4233,7.051,29.049
4234,7.052633,29.05
4235,7.0543,29.052
4236,7.055967,29.052
4237,7.057633,29.044
4238,7.0593,29.046
4239,7.060967,29.052
4240,7.062617,29.052
4241,7.064283,29.049
4242,7.065983,29.038
4243,7.067617,29.033
4244,7.069283,29.033
4245,7.07095,29.037
4246,7.072617,29.037
4247,7.074283,29.037
4248,7.07595,29.046
4249,7.077617,29.047
4250,7.079283,29.04
4251,7.08095,29.04
4252,7.08265,29.04
4253,7.084283,29.034
4254,7.08595,29.029
4255,7.087617,29.029
4256,7.089283,29.036
4257,7.09095,29.035
4258,7.092617,29.033
4259,7.094283,29.033
4260,7.09595,29.046
4261,7.097617,29.049
4262,7.099383,29.051
4263,7.10095,29.051
4264,7.102617,29.059
4265,7.104283,29.058
4266,7.10595,29.058
4267,7.107617,29.052
4268,7.109283,29.051
4269,7.11095,29.046
4270,7.112617,29.046
4271,7.114283,29.045
4272,7.11595,29.047
4273,7.117617,29.044
4274,7.119283,29.044
4275,7.12095,29.045
4276,7.122617,29.041
4277,7.124267,29.038
4278,7.125933,29.038
4279,7.127617,29.043
4280,7.129317,29.038
4281,7.130933,29.038
4282,7.1326,29.041
4283,7.134267,29.043
4284,7.135933,29.033
4285,7.1376,29.033
4286,7.139267,29.039
4287,7.140933,29.036
4288,7.1426,29.033
4289,7.144267,29.033
4290,7.145933,29.042
4291,7.1476,29.041
4292,7.149267,29.039
4293,7.150933,29.039
4294,7.1526,29.045
4295,7.154267,29.045
4296,7.155933,29.039
4297,7.1576,29.039
4298,7.159267,29.04
4299,7.160933,29.05
4300,7.1626,29.05
4301,7.164267,29.048
4302,7.165933,29.055
4303,7.1676,29.052
4304,7.169267,29.052
4305,7.170933,29.036
4306,7.1726,29.032
4307,7.174267,29.04
4308,7.175933,29.04
4309,7.1776,29.048
4310,7.1793,29.053
4311,7.180933,29.056
4312,7.182583,29.056
4313,7.184333,29.048
4314,7.185917,29.049
4315,7.187583,29.049
4316,7.18925,29.045
4317,7.190917,29.048
4318,7.192583,29.048
4319,7.19425,29.048
4320,7.195983,29.042
4321,7.197583,29.05
4322,7.19925,29.05
4323,7.200917,29.05
4324,7.202583,29.053
4325,7.20425,29.059
4326,7.205917,29.055
4327,7.207583,29.055
4328,7.20925,29.058
4329,7.210917,29.055
4330,7.212583,29.055
4331,7.21425,29.056
4332,7.215917,29.05
4333,7.217683,29.053
4334,7.21925,29.053
4335,7.220917,29.057
4336,7.222583,29.052
4337,7.22425,29.052
4338,7.225917,29.052
4339,7.227583,29.053
4340,7.22925,29.05
4341,7.230917,29.058
4342,7.232583,29.058
4343,7.23425,29.065
4344,7.235917,29.065
4345,7.237583,29.062
4346,7.23925,29.062
4347,7.2409,29.055
4348,7.242567,29.051
4349,7.244233,29.051
4350,7.2459,29.046
4351,7.247567,29.042
4352,7.249233,29.04
4353,7.2509,29.04
4354,7.252567,29.037
4355,7.254233,29.038
4356,7.2559,29.047
4357,7.257567,29.047
4358,7.259233,29.048
4359,7.2609,29.051
4360,7.262567,29.048
4361,7.264233,29.048
4362,7.265933,29.043
4363,7.2676,29.043
4364,7.269233,29.043
4365,7.2709,29.044
4366,7.272567,29.043
4367,7.274233,29.053
4368,7.2759,29.053
4369,7.277567,29.062
4370,7.279233,29.063
4371,7.2809,29.065
4372,7.282567,29.065
4373,7.284233,29.058
4374,7.2859,29.049
4375,7.287567,29.048
4376,7.289233,29.048
4377,7.2909,29.049
4378,7.292567,29.049
4379,7.294233,29.044
4380,7.2959,29.044
4381,7.297567,29.048
4382,7.299233,29.048
4383,7.3009,29.048
4384,7.302617,29.052
4385,7.3042,29.063
4386,7.305867,29.056
4387,7.307533,29.056
4388,7.3092,29.053
4389,7.310867,29.055
4390,7.312533,29.054
4391,7.3142,29.054
4392,7.315867,29.059
4393,7.317533,29.069
4394,7.3192,29.066
4395,7.320867,29.066
4396,7.322533,29.07
4397,7.3242,29.07
4398,7.325867,29.07
4399,7.327533,29.065
4400,7.3292,29.064
4401,7.330867,29.062
4402,7.332533,29.062
4403,7.3342,29.06
4404,7.335983,29.053
4405,7.337533,29.05
4406,7.3392,29.05
4407,7.340867,29.044
4408,7.342533,29.042
4409,7.344217,29.044
4410,7.345933,29.044
4411,7.347533,29.047
4412,7.3492,29.044
4413,7.350883,29.052
4414,7.352533,29.052
4415,7.3542,29.059
4416,7.355867,29.06
4417,7.357533,29.06
4418,7.3592,29.072
4419,7.360867,29.071
4420,7.362517,29.061
4421,7.364183,29.061
4422,7.36585,29.054
4423,7.367517,29.045
4424,7.369183,29.039
4425,7.37085,29.039
4426,7.372517,29.043
4427,7.374183,29.049
4428,7.37585,29.055
4429,7.377517,29.055
4430,7.379183,29.063
4431,7.38085,29.067
4432,7.382517,29.067
4433,7.384183,29.071
4434,7.38585,29.072
4435,7.387517,29.07
4436,7.389183,29.07
4437,7.39085,29.065
4438,7.392517,29.061
4439,7.394183,29.058
4440,7.39585,29.058
4441,7.397517,29.053
4442,7.399183,29.051
4443,7.40085,29.053
4444,7.402517,29.053
4445,7.404183,29.055
4446,7.40585,29.06
4447,7.407517,29.06
4448,7.409217,29.068
4449,7.41085,29.072
4450,7.41255,29.072
4451,7.414183,29.072
4452,7.41585,29.07
4453,7.417517,29.071
4454,7.419183,29.069
4455,7.4209,29.069
4456,7.4225,29.063
4457,7.424167,29.061
4458,7.425833,29.05
4459,7.4275,29.05
4460,7.429167,29.045
4461,7.430833,29.051
4462,7.4325,29.049
4463,7.434167,29.049
4464,7.435833,29.042
4465,7.437567,29.037
4466,7.439167,29.037
4467,7.440833,29.028
4468,7.4425,29.029
4469,7.444167,29.036
4470,7.445833,29.036
4471,7.4475,29.043
4472,7.449167,29.056
4473,7.450833,29.058
4474,7.4525,29.058
4475,7.454267,29.069
4476,7.455833,29.07
4477,7.4575,29.069
4478,7.459167,29.069
4479,7.460833,29.071
4480,7.4625,29.07
4481,7.464167,29.07
4482,7.465833,29.069
4483,7.4675,29.064
4484,7.469167,29.066
4485,7.470833,29.066
4486,7.4725,29.057
4487,7.474167,29.061
4488,7.475833,29.065
4489,7.4775,29.065
4490,7.479167,29.063
4491,7.480817,29.068
4492,7.482483,29.062
4493,7.48415,29.062
4494,7.485817,29.056
4495,7.487533,29.052
4496,7.48915,29.052
4497,7.490817,29.052
4498,7.492483,29.052
4499,7.49415,29.055
4500,7.495817,29.055
4501,7.497483,29.058
4502,7.49915,29.053
4503,7.500817,29.055
4504,7.5025,29.055
4505,7.50415,29.051
4506,7.505817,29.047
4507,7.507483,29.054
4508,7.50915,29.054
4509,7.510817,29.06
4510,7.512483,29.065
4511,7.51415,29.069
4512,7.515817,29.069
4513,7.517483,29.065
4514,7.51915,29.062
4515,7.520817,29.062
4516,7.522483,29.068
4517,7.52415,29.072
4518,7.525817,29.075
4519,7.527483,29.075
4520,7.52915,29.076
4521,7.530817,29.065
4522,7.532483,29.065
4523,7.53415,29.065
4524,7.535817,29.056
4525,7.537483,29.052
4526,7.53915,29.05
4527,7.540817,29.05
4528,7.542467,29.036
4529,7.544133,29.038
4530,7.5458,29.035
4531,7.547467,29.035
4532,7.549133,29.033
4533,7.5508,29.036
4534,7.552467,29.036
4535,7.55415,29.042
4536,7.5559,29.048
4537,7.557467,29.05
4538,7.559133,29.05
4539,7.5608,29.056
4540,7.562467,29.048
4541,7.564133,29.036
4542,7.5658,29.036
4543,7.567467,29.033
4544,7.569133,29.022
4545,7.5708,29.024
4546,7.572567,29.024
4547,7.574133,29.029
4548,7.5758,29.035
4549,7.577467,29.035
4550,7.57915,29.04
4551,7.5808,29.045
4552,7.582467,29.042
4553,7.584133,29.042
4554,7.5858,29.04
4555,7.587467,29.042
4556,7.589233,29.041
4557,7.590817,29.041
4558,7.592467,29.045
4559,7.594133,29.044
4560,7.595783,29.048
4561,7.59745,29.048
4562,7.599117,29.045
4563,7.600783,29.042
4564,7.602433,29.042
4565,7.6041,29.051
4566,7.605767,29.053
4567,7.607433,29.054
4568,7.6091,29.054
4569,7.610767,29.056
4570,7.612433,29.048
4571,7.6141,29.054
4572,7.615767,29.054
4573,7.617433,29.053
4574,7.6191,29.051
4575,7.620783,29.051
4576,7.622433,29.051
4577,7.6241,29.041
4578,7.625767,29.046
4579,7.627433,29.053
4580,7.6291,29.053
4581,7.630767,29.056
4582,7.632433,29.051
4583,7.6341,29.051
4584,7.635767,29.047
4585,7.637433,29.041
4586,7.6391,29.033
4587,7.640767,29.033
4588,7.642433,29.038
4589,7.6441,29.047
4590,7.645767,29.053
4591,7.647433,29.053
4592,7.6491,29.057
4593,7.650767,29.053
4594,7.652433,29.047
4595,7.6541,29.047
4596,7.655767,29.046
4597,7.657483,29.047
4598,7.659083,29.047
4599,7.660767,29.05
4600,7.66245,29.051
4601,7.664133,29.052
4602,7.66575,29.052
4603,7.667417,29.051
4604,7.669083,29.053
4605,7.67075,29.049
4606,7.672417,29.049
4607,7.67415,29.044
4608,7.67575,29.052
4609,7.677417,29.046
4610,7.679083,29.046
4611,7.68075,29.047
4612,7.682417,29.045
4613,7.684083,29.037
4614,7.68575,29.037
4615,7.687417,29.033
4616,7.689083,29.031
4617,7.690783,29.031
4618,7.692417,29.035
4619,7.694117,29.042
4620,7.69575,29.042
4621,7.697417,29.042
4622,7.699083,29.036
4623,7.70075,29.037
4624,7.702417,29.03
4625,7.704083,29.03
4626,7.70575,29.034
4627,7.707533,29.042
4628,7.709083,29.029
4629,7.71075,29.029
4630,7.712417,29.025
4631,7.714083,29.02
4632,7.71575,29.02
4633,7.717417,29.012
4634,7.719083,29.018
4635,7.72075,29.022
4636,7.7224,29.022
4637,7.724067,29.031
4638,7.725733,29.035
4639,7.7274,29.037
4640,7.729067,29.037
4641,7.730733,29.039
4642,7.7324,29.037
4643,7.734067,29.043
4644,7.735733,29.043
4645,7.7374,29.035
4646,7.739067,29.022
4647,7.740733,29.02
4648,7.7424,29.02
4649,7.744067,29.012
4650,7.745733,29.011
4651,7.7474,29.011
4652,7.749083,29.019
4653,7.750767,29.021
4654,7.7524,29.022
4655,7.754083,29.022
4656,7.755733,29.034
4657,7.7574,29.04
4658,7.759067,29.04
4659,7.760733,29.04
4660,7.7624,29.028
4661,7.764067,29.025
4662,7.7658,29.02
4663,7.7674,29.02
4664,7.769067,29.016
4665,7.770733,29.027
4666,7.7724,29.027
4667,7.774067,29.019
4668,7.775733,29.017
4669,7.7774,29.019
4670,7.779067,29.019
4671,7.780733,29.021
4672,7.782383,29.027
4673,7.78405,29.029
4674,7.785717,29.029
4675,7.787383,29.033
4676,7.78905,29.03
4677,7.790717,29.024
4678,7.792417,29.024
4679,7.79405,29.016
4680,7.795717,29.013
4681,7.797383,29.013
4682,7.79905,29.015
4683,7.800717,29.013
4684,7.802383,29.017
4685,7.80405,29.017
4686,7.805717,29.015
4687,7.807383,29.016
4688,7.809083,29.02
4689,7.810717,29.02
4690,7.812383,29.027
4691,7.81405,29.031
4692,7.815717,29.033
4693,7.817383,29.033
4694,7.81905,29.044
4695,7.820717,29.043
4696,7.822383,29.042
4697,7.82405,29.042
4698,7.825817,29.036
4699,7.827383,29.027
4700,7.82905,29.027
4701,7.830717,29.025
4702,7.832383,29.029
4703,7.83405,29.034
4704,7.835717,29.034
4705,7.8374,29.035
4706,7.83905,29.034
4707,7.840717,29.028
4708,7.8424,29.028
4709,7.844083,29.035
4710,7.8457,29.041
4711,7.847367,29.045
4712,7.849033,29.045
4713,7.8507,29.047
4714,7.852367,29.04
4715,7.854033,29.04
4716,7.8557,29.034
4717,7.857367,29.032
4718,7.859033,29.029
4719,7.8607,29.029
4720,7.862367,29.03
4721,7.864033,29.032
4722,7.8657,29.038
4723,7.867367,29.038
4724,7.869033,29.051
4725,7.8707,29.055
4726,7.872367,29.057
4727,7.874033,29.057
4728,7.8757,29.051
4729,7.877367,29.039
4730,7.879033,29.04
4731,7.8807,29.04
4732,7.882367,29.047
4733,7.884033,29.05
4734,7.885683,29.05
4735,7.88735,29.057
4736,7.889017,29.056
4737,7.890683,29.055
4738,7.89235,29.055
4739,7.894017,29.052
4740,7.895683,29.046
4741,7.89735,29.045
4742,7.899017,29.045
4743,7.900683,29.044
4744,7.902333,29.042
4745,7.904,29.047
4746,7.905667,29.047
4747,7.907333,29.047
4748,7.909,29.046
4749,7.910733,29.045
4750,7.912367,29.045
4751,7.914,29.044
4752,7.915667,29.046
4753,7.917333,29.046
4754,7.919,29.044
4755,7.920667,29.046
4756,7.922333,29.047
4757,7.924,29.047
4758,7.925667,29.042
4759,7.92735,29.048
4760,7.929017,29.053
4761,7.930667,29.053
4762,7.932333,29.054
4763,7.934,29.049
4764,7.935667,29.043
4765,7.937333,29.043
4766,7.939,29.034
4767,7.940667,29.027
4768,7.942333,29.027
4769,7.944117,29.03
4770,7.945667,29.03
4771,7.947333,29.031
4772,7.949,29.031
4773,7.950667,29.037
4774,7.952333,29.041
4775,7.954,29.037
4776,7.955667,29.037
4777,7.957333,29.043
4778,7.959,29.047
4779,7.960667,29.041
4780,7.962317,29.041
4781,7.963983,29.045
4782,7.96565,29.04
4783,7.967317,29.04
4784,7.968983,29.036
4785,7.97065,29.043
4786,7.972317,29.04
4787,7.973983,29.04
4788,7.97565,29.043
4789,7.977317,29.042
4790,7.978983,29.038
4791,7.98065,29.038
4792,7.982317,29.037
4793,7.983983,29.029
4794,7.9857,29.025
4795,7.98735,29.025
4796,7.988983,29.022
4797,7.99065,29.027
4798,7.992317,29.027
4799,7.993983,29.042
4800,7.99565,29.054
4801,7.997317,29.055
4802,7.998983,29.055
4803,8.00065,29.052
4804,8.002317,29.04
4805,8.003983,29.031
4806,8.005649999999999,29.031
4807,8.007317,29.03
4808,8.008983000000001,29.029
4809,8.01065,29.03
4810,8.012316999999999,29.03
4811,8.013983,29.03
4812,8.015650000000001,29.034
4813,8.017317,29.035
4814,8.018983,29.035
4815,8.020633,29.035
4816,8.0223,29.033
4817,8.023967000000001,29.033
4818,8.025632999999999,29.031
4819,8.0273,29.028
4820,8.028967,29.034
4821,8.030633,29.034
4822,8.032299999999999,29.038
4823,8.033967000000001,29.041
4824,8.035633000000001,29.054
4825,8.0373,29.054
4826,8.038967,29.054
4827,8.040633,29.057
4828,8.042299999999999,29.052
4829,8.043967,29.052
4830,8.045633,29.04
4831,8.0473,29.034
4832,8.048966999999999,29.034
4833,8.050632999999999,29.025
4834,8.052300000000001,29.027
4835,8.053967,29.032
4836,8.055633,29.032
4837,8.0573,29.04
4838,8.058967000000001,29.034
4839,8.060632999999999,29.037
4840,8.0623,29.037
4841,8.063967,29.032
4842,8.065633,29.029
4843,8.067316999999999,29.04
4844,8.068967000000001,29.04
4845,8.070633000000001,29.041
4846,8.0723,29.05
4847,8.073967,29.056
4848,8.075633,29.056
4849,8.077299999999999,29.054
4850,8.078967,29.049
4851,8.080617,29.049
4852,8.082283,29.05
4853,8.08395,29.048
4854,8.085616999999999,29.05
4855,8.087282999999999,29.05
4856,8.088950000000001,29.054
4857,8.090617,29.054
4858,8.092283,29.059
4859,8.09395,29.059
4860,8.095617000000001,29.06
4861,8.097282999999999,29.062
4862,8.09895,29.056
4863,8.100617,29.056
4864,8.102283,29.05
4865,8.103949999999999,29.049
4866,8.105617000000001,29.049
4867,8.107283000000001,29.042
4868,8.10895,29.046
4869,8.110617,29.042
4870,8.112283,29.042
4871,8.113950000000001,29.038
4872,8.115617,29.043
4873,8.117283,29.039
4874,8.11895,29.039
4875,8.120616999999999,29.044
4876,8.122282999999999,29.051
4877,8.123950000000001,29.056
4878,8.125617,29.056
4879,8.127283,29.06
4880,8.12895,29.052
4881,8.130617000000001,29.055
4882,8.132282999999999,29.055
4883,8.13395,29.053
4884,8.135617,29.053
4885,8.137283,29.053
4886,8.138949999999999,29.057
4887,8.140617000000001,29.049
4888,8.142267,29.04
4889,8.143933000000001,29.04
4890,8.145617,29.031
4891,8.147383,29.035
4892,8.148933,29.04
4893,8.150600000000001,29.04
4894,8.152267,29.049
4895,8.153933,29.064
4896,8.1556,29.062
4897,8.157283,29.062
4898,8.158932999999999,29.062
4899,8.160600000000001,29.066
4900,8.162267,29.066
4901,8.163933,29.058
4902,8.1656,29.059
4903,8.167267000000001,29.054
4904,8.168933000000001,29.054
4905,8.1706,29.049
4906,8.172267,29.042
4907,8.173933,29.036
4908,8.175599999999999,29.036
4909,8.177250000000001,29.037
4910,8.178917,29.032
4911,8.1807,29.038
4912,8.18225,29.038
4913,8.183916999999999,29.043
4914,8.185582999999999,29.044
4915,8.187250000000001,29.044
4916,8.188917,29.056
4917,8.190583,29.054
4918,8.19225,29.059
4919,8.193917000000001,29.059
4920,8.195582999999999,29.059
4921,8.19725,29.056
4922,8.198917,29.059
4923,8.200566999999999,29.059
4924,8.202233,29.058
4925,8.203900000000001,29.063
4926,8.205567,29.059
4927,8.207233,29.059
4928,8.208917,29.057
4929,8.210633,29.057
4930,8.212232999999999,29.054
4931,8.213900000000001,29.054
4932,8.215567,29.058
4933,8.217233,29.061
4934,8.2189,29.061
4935,8.220567000000001,29.066
4936,8.222232999999999,29.067
4937,8.2239,29.059
4938,8.225567,29.059
4939,8.227233,29.059
4940,8.228899999999999,29.06
4941,8.230567000000001,29.067
4942,8.232250000000001,29.067
4943,8.2339,29.073
4944,8.235567,29.082
4945,8.237233,29.078
4946,8.238899999999999,29.078
4947,8.240567,29.079
4948,8.242233000000001,29.079
4949,8.2439,29.079
4950,8.245566999999999,29.082
4951,8.247233,29.078
4952,8.248900000000001,29.075
4953,8.250567,29.075
4954,8.252233,29.074
4955,8.2539,29.062
4956,8.255566999999999,29.061
4957,8.257232999999999,29.061
4958,8.258900000000001,29.059
4959,8.260567,29.062
4960,8.262217,29.062
4961,8.263883,29.062
4962,8.265617000000001,29.066
4963,8.267217,29.069
4964,8.268883000000001,29.067
4965,8.27055,29.067
4966,8.272216999999999,29.076
4967,8.273883,29.076
4968,8.275550000000001,29.076
4969,8.277217,29.072
4970,8.278917,29.07
4971,8.28055,29.062
4972,8.282317000000001,29.062
4973,8.283882999999999,29.06
4974,8.285550000000001,29.062
4975,8.287217,29.059
4976,8.288883,29.059
4977,8.29055,29.057
4978,8.292217000000001,29.065
4979,8.293882999999999,29.065
4980,8.29555,29.065
4981,8.297217,29.079
4982,8.298999999999999,29.081
4983,8.300549999999999,29.081
4984,8.302217000000001,29.08
4985,8.303883000000001,29.083
4986,8.30555,29.074
4987,8.307217,29.074
4988,8.308883,29.074
4989,8.310549999999999,29.067
4990,8.312217,29.063
4991,8.313883000000001,29.063
4992,8.31555,29.063
4993,8.317216999999999,29.057
4994,8.318883,29.057
4995,8.320567,29.057
4996,8.3222,29.053
4997,8.323867,29.047
4998,8.325533,29.056
4999,8.327199999999999,29.056
5000,8.328867000000001,29.059
5001,8.330533000000001,29.063
5002,8.332217,29.063
5003,8.333867,29.071
5004,8.335533,29.069
5005,8.337199999999999,29.059
5006,8.338867,29.059
5007,8.340533000000001,29.051
5008,8.3422,29.054
5009,8.343866999999999,29.054
5010,8.345533,29.054
5011,8.347200000000001,29.056
5012,8.348883000000001,29.061
5013,8.350533,29.058
5014,8.3522,29.058
5015,8.353866999999999,29.053
5016,8.355532999999999,29.056
5017,8.357200000000001,29.056
5018,8.358867,29.059
5019,8.360533,29.065
5020,8.3622,29.075
5021,8.363867000000001,29.075
5022,8.365532999999999,29.075
5023,8.3672,29.074
5024,8.368867,29.066
5025,8.370533,29.066
5026,8.372199999999999,29.059
5027,8.373867000000001,29.055
5028,8.375533000000001,29.057
5029,8.3772,29.057
5030,8.378867,29.06
5031,8.380533,29.063
5032,8.382182999999999,29.063
5033,8.383933000000001,29.065
5034,8.385517,29.064
5035,8.387183,29.056
5036,8.38885,29.056
5037,8.390516999999999,29.053
5038,8.392182999999999,29.052
5039,8.39385,29.049
5040,8.395517,29.049
5041,8.397183,29.049
5042,8.398849999999999,29.045
5043,8.400617,29.044
5044,8.402217,29.044
5045,8.40385,29.052
5046,8.405517,29.059
5047,8.407183,29.066
5048,8.408849999999999,29.066
5049,8.410517,29.071
5050,8.412183000000001,29.072
5051,8.41385,29.072
5052,8.415516999999999,29.074
5053,8.417299999999999,29.078
5054,8.418850000000001,29.083
5055,8.420517,29.083
5056,8.422183,29.084
5057,8.42385,29.081
5058,8.425516999999999,29.077
5059,8.427182999999999,29.077
5060,8.428883000000001,29.067
5061,8.430517,29.062
5062,8.432183,29.066
5063,8.43385,29.066
5064,8.435517000000001,29.065
5065,8.437182999999999,29.066
5066,8.43885,29.066
5067,8.440517,29.074
5068,8.442167,29.074
5069,8.443833,29.075
5070,8.445499999999999,29.075
5071,8.447167,29.078
5072,8.448833,29.067
5073,8.4505,29.058
5074,8.452166999999999,29.058
5075,8.453832999999999,29.058
5076,8.455500000000001,29.049
5077,8.457167,29.054
5078,8.458833,29.054
5079,8.4605,29.046
5080,8.462167000000001,29.04
5081,8.463832999999999,29.041
5082,8.4655,29.041
5083,8.467167,29.032
5084,8.468817,29.042
5085,8.470483,29.042
5086,8.472149999999999,29.043
5087,8.473817,29.042
5088,8.475483000000001,29.042
5089,8.47715,29.042
5090,8.478816999999999,29.04
5091,8.480483,29.044
5092,8.482167,29.048
5093,8.483817,29.048
5094,8.485483,29.051
5095,8.48715,29.05
5096,8.488816999999999,29.051
5097,8.490482999999999,29.051
5098,8.492150000000001,29.05
5099,8.493817,29.059
5100,8.4955,29.059
5101,8.49715,29.065
5102,8.498817000000001,29.071
5103,8.500482999999999,29.071
5104,8.50215,29.071
5105,8.5038,29.066
5106,8.505466999999999,29.064
5107,8.507149999999999,29.055
5108,8.508800000000001,29.055
5109,8.510467,29.06
5110,8.512133,29.057
5111,8.5138,29.06
5112,8.515466999999999,29.06
5113,8.517132999999999,29.067
5114,8.5189,29.062
5115,8.520467,29.064
5116,8.522133,29.064
5117,8.5238,29.065
5118,8.525467000000001,29.064
5119,8.527132999999999,29.064
5120,8.5288,29.062
5121,8.530467,29.063
5122,8.532133,29.051
5123,8.533799999999999,29.051
5124,8.535567,29.043
5125,8.537133000000001,29.048
5126,8.5388,29.056
5127,8.540467,29.056
5128,8.542133,29.071
5129,8.543799999999999,29.074
5130,8.545467,29.069
5131,8.547133000000001,29.069
5132,8.5488,29.053
5133,8.550466999999999,29.04
5134,8.552133,29.04
5135,8.553800000000001,29.045
5136,8.555467,29.052
5137,8.557133,29.066
5138,8.5588,29.066
5139,8.560466999999999,29.075
5140,8.562117000000001,29.077
5141,8.563783000000001,29.066
5142,8.56545,29.066
5143,8.567117,29.056
5144,8.568783,29.051
5145,8.570449999999999,29.054
5146,8.572132999999999,29.054
5147,8.573783000000001,29.058
5148,8.575533,29.062
5149,8.577116999999999,29.062
5150,8.578783,29.057
5151,8.580450000000001,29.046
5152,8.582117,29.045
5153,8.583783,29.045
5154,8.58545,29.045
5155,8.587116999999999,29.051
5156,8.588782999999999,29.054
5157,8.590450000000001,29.054
5158,8.592117,29.047
5159,8.593783,29.044
5160,8.59545,29.041
5161,8.597117000000001,29.041
5162,8.598782999999999,29.04
5163,8.60045,29.046
5164,8.602117,29.048
5165,8.603783,29.048
5166,8.605449999999999,29.043
5167,8.607117000000001,29.041
5168,8.608783000000001,29.041
5169,8.61045,29.038
5170,8.612117,29.036
5171,8.613783,29.041
5172,8.615449999999999,29.041
5173,8.617117,29.036
5174,8.618783000000001,29.047
5175,8.620467,29.048
5176,8.6221,29.048
5177,8.623767000000001,29.048
5178,8.625432999999999,29.053
5179,8.6271,29.048
5180,8.628767,29.048
5181,8.630433,29.05
5182,8.632099999999999,29.04
5183,8.633767000000001,29.04
5184,8.635433000000001,29.039
5185,8.63715,29.037
5186,8.638767,29.037
5187,8.640433,29.037
5188,8.642117000000001,29.04
5189,8.643767,29.034
5190,8.64545,29.035
5191,8.6471,29.035
5192,8.648766999999999,29.032
5193,8.650433,29.042
5194,8.652100000000001,29.054
5195,8.653817,29.054
5196,8.655433,29.053
5197,8.6571,29.048
5198,8.658766999999999,29.04
5199,8.660432999999999,29.04
5200,8.662100000000001,29.028
5201,8.663767,29.022
5202,8.665433,29.022
5203,8.6671,29.027
5204,8.668767000000001,29.032
5205,8.67055,29.033
5206,8.6721,29.033
5207,8.673767,29.031
5208,8.675433,29.034
5209,8.677099999999999,29.031
5210,8.678767000000001,29.031
5211,8.680433000000001,29.035
5212,8.682083,29.042
5213,8.68375,29.043
5214,8.685416999999999,29.043
5215,8.687082999999999,29.046
5216,8.688750000000001,29.041
5217,8.690417,29.041
5218,8.692083,29.039
5219,8.69375,29.033
5220,8.695417000000001,29.027
5221,8.697082999999999,29.027
5222,8.69875,29.024
5223,8.700417,29.026
5224,8.702083,29.03
5225,8.703749999999999,29.03
5226,8.705417000000001,29.021
5227,8.707083000000001,29.019
5228,8.70875,29.011
5229,8.710417,29.011
5230,8.712083,29.006
5231,8.713749999999999,29.014
5232,8.715417,29.02
5233,8.7171,29.02
5234,8.71875,29.027
5235,8.720416999999999,29.031
5236,8.722083,29.031
5237,8.723750000000001,29.038
5238,8.725417,29.045
5239,8.727083,29.047
5240,8.728766999999999,29.047
5241,8.730416999999999,29.05
5242,8.732082999999999,29.049
5243,8.733750000000001,29.043
5244,8.735417,29.043
5245,8.737083,29.036
5246,8.738733,29.035
5247,8.740399999999999,29.035
5248,8.742067,29.035
5249,8.743733000000001,29.037
5250,8.7454,29.046
5251,8.747066999999999,29.046
5252,8.748733,29.042
5253,8.750400000000001,29.036
5254,8.752067,29.038
5255,8.753733,29.038
5256,8.755417,29.031
5257,8.757066999999999,29.029
5258,8.758732999999999,29.03
5259,8.760382999999999,29.03
5260,8.76205,29.038
5261,8.763717,29.048
5262,8.765383,29.06
5263,8.767049999999999,29.06
5264,8.768717000000001,29.061
5265,8.770383000000001,29.051
5266,8.772083,29.044
5267,8.773717,29.044
5268,8.775383,29.04
5269,8.777049999999999,29.046
5270,8.778717,29.046
5271,8.780383,29.043
5272,8.78205,29.042
5273,8.783716999999999,29.034
5274,8.785382999999999,29.034
5275,8.787050000000001,29.027
5276,8.788817,29.031
5277,8.790383,29.038
5278,8.79205,29.038
5279,8.793716999999999,29.046
5280,8.795382999999999,29.047
5281,8.797083000000001,29.041
5282,8.798717,29.041
5283,8.800383,29.038
5284,8.802033,29.034
5285,8.803699999999999,29.034
5286,8.805367,29.041
5287,8.807033000000001,29.051
5288,8.8087,29.053
5289,8.810366999999999,29.053
5290,8.812033,29.057
5291,8.813700000000001,29.053
5292,8.815367,29.051
5293,8.817033,29.051
5294,8.8187,29.042
5295,8.820383,29.035
5296,8.822032999999999,29.035
5297,8.823700000000001,29.035
5298,8.825367,29.033
5299,8.827033,29.041
5300,8.8287,29.041
5301,8.830367000000001,29.05
5302,8.832032999999999,29.055
5303,8.8337,29.061
5304,8.835367,29.061
5305,8.837033,29.065
5306,8.838699999999999,29.061
5307,8.840367000000001,29.052
5308,8.842033000000001,29.052
5309,8.8437,29.048
5310,8.845367,29.041
5311,8.847033,29.036
5312,8.848699999999999,29.036
5313,8.850367,29.034
5314,8.852033,29.025
5315,8.8537,29.025
5316,8.855366999999999,29.025
5317,8.857017000000001,29.029
5318,8.858700000000001,29.034
5319,8.860367,29.034
5320,8.86205,29.034
5321,8.863683,29.033
5322,8.865349999999999,29.024
5323,8.867017000000001,29.024
5324,8.868683000000001,29.02
5325,8.87035,29.02
5326,8.872017,29.017
5327,8.873683,29.017
5328,8.875349999999999,29.016
5329,8.877017,29.019
5330,8.878683000000001,29.026
5331,8.88035,29.026
5332,8.882016999999999,29.024
5333,8.883683,29.031
5334,8.885350000000001,29.031
5335,8.887017,29.031
5336,8.888683,29.022
5337,8.890366999999999,29.031
5338,8.892016999999999,29.031
5339,8.893682999999999,29.025
5340,8.895350000000001,29.022
5341,8.897017,29.02
5342,8.898683,29.02
5343,8.90035,29.01
5344,8.902017000000001,29.008
5345,8.903682999999999,29.007
5346,8.90535,29.007
5347,8.9071,29.02
5348,8.908683,29.026
5349,8.910349999999999,29.04
5350,8.912017000000001,29.04
5351,8.913683000000001,29.043
5352,8.91535,29.039
5353,8.917017,29.039
5354,8.918683,29.036
5355,8.920349999999999,29.031
5356,8.922000000000001,29.03
5357,8.923667,29.03
5358,8.925333,29.03
5359,8.927,29.04
5360,8.928667000000001,29.044
5361,8.930332999999999,29.044
5362,8.932,29.051
5363,8.933667,29.056
5364,8.935333,29.054
5365,8.936999999999999,29.054
5366,8.938700000000001,29.054
5367,8.940333000000001,29.057
5368,8.942,29.057
5369,8.943667,29.055
5370,8.945333,29.052
5371,8.946999999999999,29.044
5372,8.948667,29.044
5373,8.950333000000001,29.041
5374,8.952,29.041
5375,8.953666999999999,29.042
5376,8.955333,29.042
5377,8.957000000000001,29.049
5378,8.958667,29.05
5379,8.960333,29.051
5380,8.962,29.051
5381,8.963683,29.052
5382,8.965332999999999,29.049
5383,8.967000000000001,29.046
5384,8.968667,29.046
5385,8.970333,29.049
5386,8.972,29.054
5387,8.973667000000001,29.054
5388,8.975332999999999,29.052
5389,8.977,29.051
5390,8.978667,29.04
5391,8.980316999999999,29.04
5392,8.981999999999999,29.032
5393,8.983650000000001,29.036
5394,8.985317,29.035
5395,8.986983,29.035
5396,8.98865,29.034
5397,8.990316999999999,29.032
5398,8.991982999999999,29.028
5399,8.993650000000001,29.028
5400,8.995317,29.027
5401,8.996983,29.029
5402,8.99865,29.029
5403,9.000317000000001,29.03
5404,9.001982999999999,29.029
5405,9.00365,29.032
5406,9.005317,29.032
5407,9.006983,29.041
5408,9.008667000000001,29.044
5409,9.010317000000001,29.048
5410,9.011983000000001,29.048
5411,9.01365,29.047
5412,9.015317,29.035
5413,9.016983,29.027
5414,9.018649999999999,29.027
5415,9.020317,29.022
5416,9.021983000000001,29.018
5417,9.02365,29.018
5418,9.025433,29.021
5419,9.026983,29.022
5420,9.028650000000001,29.017
5421,9.030317,29.017
5422,9.031983,29.023
5423,9.03365,29.024
5424,9.035316999999999,29.032
5425,9.036982999999999,29.032
5426,9.038650000000001,29.039
5427,9.0403,29.034
5428,9.041967,29.034
5429,9.043633,29.034
5430,9.045299999999999,29.029
5431,9.046967,29.028
5432,9.048633000000001,29.029
5433,9.0503,29.029
5434,9.05195,29.026
5435,9.053616999999999,29.03
5436,9.055282999999999,29.03
5437,9.056950000000001,29.029
5438,9.058617,29.029
5439,9.060283,29.03
5440,9.06195,29.03
5441,9.063617000000001,29.025
5442,9.065283000000001,29.018
5443,9.06695,29.017
5444,9.068617,29.017
5445,9.070283,29.012
5446,9.071982999999999,29.008
5447,9.073617,29.006
5448,9.075283000000001,29.006
5449,9.07695,29.007
5450,9.078616999999999,29.013
5451,9.080299999999999,29.013
5452,9.081950000000001,29.018
5453,9.083617,29.028
5454,9.085283,29.027
5455,9.08695,29.027
5456,9.088616999999999,29.034
5457,9.090282999999999,29.038
5458,9.091950000000001,29.031
5459,9.093617,29.031
5460,9.095283,29.031
5461,9.09695,29.024
5462,9.098617000000001,29.018
5463,9.100282999999999,29.018
5464,9.101933000000001,29.019
5465,9.1036,29.017
5466,9.105267,29.017
5467,9.106933,29.017
5468,9.108599999999999,29.016
5469,9.110333000000001,29.025
5470,9.111933000000001,29.025
5471,9.1136,29.03
5472,9.115266999999999,29.035
5473,9.116933,29.034
5474,9.118600000000001,29.034
5475,9.120267,29.027
5476,9.121933,29.023
5477,9.1236,29.019
5478,9.125266999999999,29.019
5479,9.126932999999999,29.027
5480,9.1286,29.027
5481,9.130267,29.022
5482,9.131933,29.022
5483,9.133599999999999,29.017
5484,9.135267000000001,29.004
5485,9.136933000000001,29.004
5486,9.138617,29.001
5487,9.140267,29.002
5488,9.141933,28.998
5489,9.143717000000001,28.998
5490,9.145267,29.005
5491,9.146933000000001,29.008
5492,9.1486,29.012
5493,9.150266999999999,29.012
5494,9.151933,29.018
5495,9.153600000000001,29.006
5496,9.155267,29.004
5497,9.15695,29.004
5498,9.158633,29.001
5499,9.160283,28.998
5500,9.161917000000001,28.998
5501,9.163582999999999,29.007
5502,9.16525,29.011
5503,9.166917,29.007
5504,9.168583,29.007
5505,9.170249999999999,29.01
5506,9.171917000000001,29.012
5507,9.173583000000001,29.012
5508,9.17525,29.012
5509,9.176917,29.012
5510,9.178583,29.012
5511,9.180249999999999,29.01
5512,9.181917,29.01
5513,9.183583,29.012
5514,9.18525,29.021
5515,9.186916999999999,29.022
5516,9.188583,29.022
5517,9.190250000000001,29.027
5518,9.191917,29.025
5519,9.193583,29.025
5520,9.19525,29.023
5521,9.196916999999999,29.018
5522,9.198582999999999,29.016
5523,9.20025,29.016
5524,9.201917,29.021
5525,9.203583,29.02
5526,9.205249999999999,29.026
5527,9.206917000000001,29.026
5528,9.208583000000001,29.028
5529,9.21025,29.019
5530,9.211917,29.022
5531,9.213583,29.022
5532,9.215249999999999,29.021
5533,9.216917,29.026
5534,9.218583000000001,29.026
5535,9.220233,29.027
5536,9.2219,29.022
5537,9.223566999999999,29.012
5538,9.225232999999999,29.012
5539,9.226917,29.005
5540,9.22865,29.004
5541,9.230233,29.004
5542,9.2319,29.004
5543,9.233567000000001,29.011
5544,9.235250000000001,29.014
5545,9.2369,29.016
5546,9.238567,29.016
5547,9.240233,29.014
5548,9.241899999999999,29.009
5549,9.243567000000001,29.007
5550,9.245233000000001,29.007
5551,9.2469,29.006
5552,9.248567,29.008
5553,9.250233,29.008
5554,9.251899999999999,29.016
5555,9.253567,29.018
5556,9.255233,29.015
5557,9.2569,29.015
5558,9.258566999999999,29.015
5559,9.260232999999999,29.013
5560,9.262017,29.013
5561,9.263567,29.013
5562,9.265233,29.01
5563,9.2669,29.012
5564,9.268567000000001,29.012
5565,9.270232999999999,29.012
5566,9.2719,29.007
5567,9.273567,29.014
5568,9.275233,29.014
5569,9.276899999999999,29.011
5570,9.278567000000001,29.018
5571,9.280233000000001,29.016
5572,9.281883000000001,29.016
5573,9.28355,29.02
5574,9.285216999999999,29.024
5575,9.286883,29.016
5576,9.288550000000001,29.016
5577,9.290217,29.019
5578,9.291883,29.016
5579,9.29355,29.014
5580,9.295216999999999,29.014
5581,9.296882999999999,29.012
5582,9.298583000000001,29.011
5583,9.300217,29.012
5584,9.301883,29.012
5585,9.30355,29.016
5586,9.305217000000001,29.025
5587,9.306882999999999,29.025
5588,9.30855,29.03
5589,9.310217,29.03
5590,9.311883,29.024
5591,9.313549999999999,29.024
5592,9.315217000000001,29.027
5593,9.316883000000001,29.024
5594,9.31855,29.025
5595,9.320217,29.025
5596,9.321916999999999,29.03
5597,9.323549999999999,29.031
5598,9.325217,29.039
5599,9.326883,29.039
5600,9.32855,29.036
5601,9.330216999999999,29.037
5602,9.331882999999999,29.037
5603,9.333550000000001,29.036
5604,9.335217,29.025
5605,9.336883,29.028
5606,9.33855,29.028
5607,9.340217000000001,29.022
5608,9.341867000000001,29.017
5609,9.343517,29.018
5610,9.345183,29.018
5611,9.346867,29.016
5612,9.348516999999999,29.008
5613,9.350182999999999,29.009
5614,9.351850000000001,29.009
5615,9.353517,29.014
5616,9.355183,29.012
5617,9.35685,29.012
5618,9.358517000000001,29.021
5619,9.360182999999999,29.023
5620,9.36185,29.014
5621,9.363617,29.014
5622,9.365183,29.016
5623,9.366849999999999,29.02
5624,9.368532999999999,29.019
5625,9.370183000000001,29.019
5626,9.37185,29.025
5627,9.373517,29.023
5628,9.375183,29.011
5629,9.376849999999999,29.011
5630,9.378517,29.01
5631,9.380283,29.011
5632,9.38185,29.014
5633,9.383516999999999,29.014
5634,9.385183,29.019
5635,9.386850000000001,29.007
5636,9.388517,29.007
5637,9.390183,29.008
5638,9.39185,29.01
5639,9.393516999999999,29.018
5640,9.395182999999999,29.018
5641,9.396917,29.024
5642,9.398517,29.014
5643,9.400183,29.003
5644,9.401833,29.003
5645,9.403499999999999,28.996
5646,9.405167,29
5647,9.406833000000001,29.011
5648,9.4085,29.011
5649,9.410167,29.012
5650,9.411849999999999,29.014
5651,9.413532999999999,29.016
5652,9.415167,29.016
5653,9.416833,29.009
5654,9.4185,29.013
5655,9.420166999999999,29.013
5656,9.421832999999999,29.009
5657,9.423500000000001,29.012
5658,9.425167,29.011
5659,9.426833,29.011
5660,9.4285,29.012
5661,9.430167000000001,29.015
5662,9.431832999999999,29.015
5663,9.4335,29.015
5664,9.435167,29.02
5665,9.436833,29.021
5666,9.438499999999999,29.015
5667,9.440167000000001,29.015
5668,9.441850000000001,29.005
5669,9.4435,28.998
5670,9.445167,28.998
5671,9.446833,28.994
5672,9.448499999999999,28.998
5673,9.450167,29.007
5674,9.451833000000001,29.007
5675,9.4535,29.011
5676,9.455166999999999,29.02
5677,9.456833,29.025
5678,9.458500000000001,29.025
5679,9.460167,29.02
5680,9.461817,29.018
5681,9.463483,29.008
5682,9.46515,29.008
5683,9.466817000000001,29.007
5684,9.468483000000001,29.023
5685,9.47015,29.023
5686,9.471817,29.027
5687,9.473483,29.035
5688,9.475149999999999,29.038
5689,9.476817,29.038
5690,9.478483000000001,29.027
5691,9.48015,29.023
5692,9.481866999999999,29.019
5693,9.483483,29.019
5694,9.485150000000001,29.021
5695,9.486817,29.026
5696,9.4885,29.038
5697,9.490183,29.038
5698,9.491816999999999,29.042
5699,9.493482999999999,29.038
5700,9.495150000000001,29.039
5701,9.496817,29.039
5702,9.498533,29.036
5703,9.50015,29.045
5704,9.501817000000001,29.045
5705,9.503482999999999,29.05
5706,9.50515,29.045
5707,9.506817,29.048
5708,9.508483,29.048
5709,9.510149999999999,29.033
5710,9.511817000000001,29.028
5711,9.513483000000001,29.024
5712,9.515267,29.024
5713,9.516817,29.014
5714,9.518466999999999,29.02
5715,9.520167000000001,29.022
5716,9.521850000000001,29.022
5717,9.523467,29.028
5718,9.525133,29.04
5719,9.5268,29.04
5720,9.528466999999999,29.039
5721,9.530132999999999,29.045
5722,9.5318,29.05
5723,9.533467,29.05
5724,9.535133,29.047
5725,9.536799999999999,29.055
5726,9.538467000000001,29.055
5727,9.540133000000001,29.055
5728,9.541817,29.053
5729,9.543467,29.053
5730,9.545133,29.054
5731,9.546799999999999,29.054
5732,9.548467,29.05
5733,9.550133000000001,29.054
5734,9.5518,29.051
5735,9.553466999999999,29.051
5736,9.555133,29.058
5737,9.556800000000001,29.062
5738,9.558467,29.062
5739,9.560133,29.059
5740,9.5618,29.07
5741,9.563466999999999,29.06
5742,9.565132999999999,29.06
5743,9.566800000000001,29.055
5744,9.568467,29.061
5745,9.570167,29.055
5746,9.5718,29.055
5747,9.573467000000001,29.058
5748,9.575132999999999,29.063
5749,9.5768,29.063
5750,9.578467,29.063
5751,9.580117,29.075
5752,9.581783,29.078
5753,9.583449999999999,29.078
5754,9.585117,29.085
5755,9.586783,29.086
5756,9.58845,29.074
5757,9.590116999999999,29.074
5758,9.591799999999999,29.07
5759,9.593517,29.063
5760,9.595117,29.057
5761,9.596783,29.057
5762,9.59845,29.064
5763,9.600149999999999,29.072
5764,9.601782999999999,29.074
5765,9.60345,29.074
5766,9.605117,29.081
5767,9.606783,29.076
5768,9.608449999999999,29.076
5769,9.610117000000001,29.07
5770,9.611783000000001,29.064
5771,9.61345,29.06
5772,9.615117,29.06
5773,9.616833,29.062
5774,9.618449999999999,29.069
5775,9.620117,29.076
5776,9.621783000000001,29.076
5777,9.62345,29.075
5778,9.625116999999999,29.077
5779,9.626783,29.071
5780,9.628450000000001,29.071
5781,9.630117,29.068
5782,9.631783,29.067
5783,9.633516999999999,29.067
5784,9.6351,29.067
5785,9.636767000000001,29.068
5786,9.638432999999999,29.078
5787,9.6401,29.078
5788,9.64175,29.086
5789,9.643416999999999,29.082
5790,9.645083,29.079
5791,9.646750000000001,29.079
5792,9.648417,29.068
5793,9.650083,29.06
5794,9.65175,29.058
5795,9.653416999999999,29.058
5796,9.655082999999999,29.057
5797,9.656750000000001,29.058
5798,9.658433,29.059
5799,9.660083,29.059
5800,9.66175,29.058
5801,9.663417000000001,29.064
5802,9.665082999999999,29.064
5803,9.66675,29.062
5804,9.668417,29.06
5805,9.670133,29.068
5806,9.671749999999999,29.068
5807,9.673417000000001,29.071
5808,9.675083000000001,29.077
5809,9.67675,29.081
5810,9.678417,29.081
5811,9.680083,29.077
5812,9.681749999999999,29.078
5813,9.683417,29.082
5814,9.685083000000001,29.082
5815,9.68675,29.085
5816,9.688416999999999,29.087
5817,9.690083,29.092
5818,9.691750000000001,29.092
5819,9.693417,29.088
5820,9.695083,29.084
5821,9.69675,29.084
5822,9.698416999999999,29.083
5823,9.700082999999999,29.07
5824,9.701733000000001,29.076
5825,9.7034,29.076
5826,9.705067,29.082
5827,9.706733,29.09
5828,9.708399999999999,29.097
5829,9.710067,29.097
5830,9.711733000000001,29.098
5831,9.7134,29.097
5832,9.715066999999999,29.094
5833,9.716749999999999,29.094
5834,9.718467,29.097
5835,9.720067,29.09
5836,9.721733,29.09
5837,9.7234,29.088
5838,9.725066999999999,29.083
5839,9.726732999999999,29.082
5840,9.728400000000001,29.082
5841,9.730067,29.085
5842,9.731733,29.083
5843,9.7334,29.082
5844,9.735132999999999,29.082
5845,9.736732999999999,29.08
5846,9.738433000000001,29.077
5847,9.74015,29.08
5848,9.741733,29.08
5849,9.743399999999999,29.087
5850,9.745067000000001,29.098
5851,9.746733000000001,29.101
5852,9.7484,29.101
5853,9.750067,29.101
5854,9.751833,29.103
5855,9.753399999999999,29.103
5856,9.755067,29.097
5857,9.756733000000001,29.097
5858,9.7584,29.1
5859,9.76005,29.1
5860,9.761717000000001,29.099
5861,9.763382999999999,29.101
5862,9.76505,29.102
5863,9.766717,29.102
5864,9.768383,29.098
5865,9.770049999999999,29.096
5866,9.771717000000001,29.088
5867,9.773383000000001,29.088
5868,9.77505,29.091
5869,9.776717,29.091
5870,9.778383,29.091
5871,9.780049999999999,29.086
5872,9.781717,29.092
5873,9.783383000000001,29.09
5874,9.78505,29.09
5875,9.786716999999999,29.093
5876,9.788383,29.098
5877,9.790050000000001,29.089
5878,9.791717,29.089
5879,9.793383,29.088
5880,9.79505,29.086
5881,9.796716999999999,29.088
5882,9.798382999999999,29.088
5883,9.800050000000001,29.097
5884,9.801717,29.096
5885,9.803383,29.096
5886,9.80505,29.102
5887,9.806717000000001,29.093
5888,9.808382999999999,29.093
5889,9.81005,29.093
5890,9.811733,29.094
5891,9.813383,29.085
5892,9.815083,29.09
5893,9.816717000000001,29.09
5894,9.818383000000001,29.091
5895,9.820033,29.091
5896,9.8217,29.099
5897,9.823366999999999,29.099
5898,9.825032999999999,29.103
5899,9.826700000000001,29.113
5900,9.828367,29.121
5901,9.830033,29.121
5902,9.8317,29.126
5903,9.833367000000001,29.129
5904,9.835032999999999,29.129
5905,9.836767,29.119
5906,9.838367,29.116
5907,9.840033,29.11
5908,9.841699999999999,29.11
5909,9.843367000000001,29.108
5910,9.845033000000001,29.106
5911,9.8467,29.109
5912,9.848367,29.109
5913,9.850033,29.113
5914,9.851699999999999,29.109
5915,9.853367,29.109
5916,9.855033000000001,29.109
5917,9.8567,29.1
5918,9.858366999999999,29.095
5919,9.860033,29.095
5920,9.861700000000001,29.098
5921,9.863367,29.099
5922,9.865033,29.099
5923,9.8667,29.099
5924,9.868366999999999,29.104
5925,9.870117,29.103
5926,9.871700000000001,29.104
5927,9.873367,29.104
5928,9.875033,29.106
5929,9.8767,29.104
5930,9.878367000000001,29.108
5931,9.880017,29.108
5932,9.881683000000001,29.109
5933,9.88335,29.107
5934,9.885016999999999,29.1
5935,9.886683,29.1
5936,9.888350000000001,29.093
5937,9.890017,29.092
5938,9.891683,29.092
5939,9.893416999999999,29.091
5940,9.895016999999999,29.099
5941,9.896682999999999,29.1
5942,9.898350000000001,29.1
5943,9.900017,29.095
5944,9.901683,29.102
5945,9.90335,29.097
5946,9.905017000000001,29.097
5947,9.906682999999999,29.1
5948,9.90835,29.104
5949,9.910017,29.102
5950,9.911683,29.102
5951,9.913349999999999,29.104
5952,9.915017000000001,29.098
5953,9.916683000000001,29.098
5954,9.91835,29.099
5955,9.920017,29.093
5956,9.921683,29.096
5957,9.923349999999999,29.096
5958,9.925000000000001,29.098
5959,9.926667,29.09
5960,9.928333,29.091
5961,9.93,29.091
5962,9.931666999999999,29.088
5963,9.933332999999999,29.093
5964,9.935,29.1
5965,9.936667,29.1
5966,9.938333,29.102
5967,9.94,29.096
5968,9.941649999999999,29.096
5969,9.943317,29.09
5970,9.944983000000001,29.087
5971,9.94665,29.096
5972,9.948316999999999,29.096
5973,9.949983,29.101
5974,9.951650000000001,29.1
5975,9.953317,29.097
5976,9.955067,29.097
5977,9.956666999999999,29.089
5978,9.958316999999999,29.088
5979,9.959982999999999,29.096
5980,9.961650000000001,29.096
5981,9.963317,29.105
5982,9.964983,29.104
5983,9.966666999999999,29.113
5984,9.968317000000001,29.113
5985,9.969982999999999,29.113
5986,9.97165,29.116
5987,9.973317,29.116
5988,9.974983,29.118
5989,9.976649999999999,29.112
5990,9.978317000000001,29.118
5991,9.979983000000001,29.118
5992,9.98165,29.127
5993,9.983317,29.137
5994,9.984983,29.144
5995,9.986649999999999,29.144
5996,9.988317,29.135
5997,9.989983000000001,29.127
5998,9.99165,29.117
5999,9.993316999999999,29.117
6000,9.994983,29.11
6001,9.996650000000001,29.114
6002,9.998317,29.114
6003,9.999967,29.111
6004,10.001633,29.1
6005,10.0033,29.095
6006,10.004967,29.095
6007,10.006633,29.09
6008,10.0083,29.094
6009,10.009967,29.107
6010,10.011633,29.107
6011,10.0133,29.115
6012,10.014967,29.106
6013,10.016633,29.102
6014,10.0183,29.102
6015,10.019967,29.094
6016,10.021633,29.086
6017,10.0233,29.09
6018,10.024967,29.09
6019,10.026633,29.087
6020,10.0283,29.086
6021,10.029967,29.086
6022,10.031667,29.089
6023,10.0333,29.095
6024,10.034967,29.106
6025,10.036633,29.106
6026,10.0383,29.118
6027,10.039967,29.131
6028,10.041633,29.133
6029,10.0433,29.133
6030,10.044967,29.126
6031,10.046667,29.115
6032,10.0483,29.102
6033,10.049967,29.102
6034,10.051633,29.1
6035,10.0533,29.097
6036,10.054967,29.097
6037,10.056633,29.103
6038,10.0583,29.11
6039,10.059967,29.107
6040,10.061617,29.107
6041,10.063283,29.11
6042,10.06495,29.114
6043,10.066617,29.113
6044,10.068283,29.113
6045,10.06995,29.116
6046,10.071617,29.114
6047,10.073317,29.105
6048,10.07495,29.105
6049,10.076617,29.102
6050,10.078283,29.101
6051,10.07995,29.103
6052,10.081617,29.103
6053,10.083283,29.106
6054,10.08495,29.094
6055,10.086617,29.094
6056,10.088283,29.09
6057,10.08995,29.088
6058,10.091617,29.093
6059,10.093283,29.093
6060,10.09495,29.102
6061,10.096617,29.102
6062,10.098283,29.098
6063,10.09995,29.098
6064,10.101617,29.095
6065,10.103283,29.093
6066,10.104983,29.088
6067,10.1067,29.088
6068,10.108283,29.086
6069,10.10995,29.074
6070,10.111617,29.074
6071,10.113283,29.078
6072,10.11495,29.083
6073,10.116617,29.087
6074,10.118283,29.087
6075,10.11995,29.088
6076,10.1216,29.087
6077,10.123267,29.09
6078,10.124933,29.09
6079,10.1266,29.089
6080,10.128267,29.095
6081,10.129933,29.089
6082,10.1316,29.089
6083,10.133267,29.077
6084,10.134933,29.072
6085,10.136617,29.061
6086,10.138267,29.061
6087,10.139933,29.065
6088,10.1416,29.067
6089,10.143267,29.067
6090,10.144933,29.06
6091,10.1466,29.062
6092,10.148267,29.057
6093,10.149933,29.057
6094,10.1516,29.055
6095,10.153267,29.065
6096,10.154933,29.069
6097,10.1566,29.069
6098,10.158267,29.07
6099,10.159933,29.07
6100,10.1616,29.074
6101,10.163267,29.074
6102,10.164933,29.072
6103,10.1666,29.065
6104,10.168267,29.065
6105,10.169933,29.067
6106,10.1716,29.062
6107,10.173267,29.059
6108,10.17495,29.059
6109,10.1766,29.068
6110,10.178267,29.077
6111,10.179933,29.079
6112,10.181583,29.079
6113,10.18325,29.082
6114,10.184917,29.079
6115,10.186583,29.077
6116,10.18825,29.077
6117,10.189917,29.075
6118,10.191583,29.078
6119,10.19325,29.078
6120,10.194917,29.08
6121,10.196583,29.077
6122,10.19825,29.071
6123,10.199917,29.071
6124,10.201583,29.079
6125,10.20325,29.083
6126,10.204917,29.094
6127,10.206583,29.094
6128,10.208333,29.098
6129,10.209917,29.091
6130,10.211583,29.089
6131,10.21325,29.089
6132,10.21495,29.085
6133,10.216567,29.085
6134,10.218233,29.084
6135,10.2199,29.084
6136,10.221567,29.076
6137,10.223233,29.076
6138,10.224967,29.076
6139,10.226567,29.082
6140,10.228233,29.079
6141,10.2299,29.078
6142,10.231567,29.078
6143,10.233233,29.068
6144,10.2349,29.065
6145,10.236567,29.069
6146,10.238233,29.069
6147,10.2399,29.083
6148,10.241667,29.097
6149,10.243217,29.1
6150,10.244883,29.1
6151,10.24655,29.107
6152,10.248217,29.107
6153,10.249883,29.107
6154,10.25155,29.097
6155,10.25325,29.093
6156,10.254883,29.086
6157,10.25655,29.086
6158,10.258217,29.086
6159,10.259883,29.092
6160,10.26155,29.094
6161,10.263217,29.094
6162,10.264883,29.105
6163,10.26655,29.114
6164,10.268217,29.116
6165,10.269883,29.116
6166,10.27155,29.119
6167,10.273217,29.113
6168,10.274883,29.104
6169,10.27655,29.104
6170,10.278217,29.104
6171,10.279883,29.102
6172,10.28155,29.102
6173,10.283217,29.097
6174,10.284883,29.096
6175,10.28655,29.089
6176,10.288217,29.089
6177,10.289883,29.09
6178,10.29155,29.093
6179,10.293217,29.093
6180,10.294883,29.093
6181,10.29655,29.098
6182,10.298217,29.095
6183,10.2999,29.097
6184,10.301533,29.097
6185,10.3032,29.1
6186,10.304867,29.106
6187,10.306533,29.106
6188,10.3082,29.115
6189,10.309917,29.123
6190,10.311533,29.128
6191,10.3132,29.128
6192,10.314867,29.127
6193,10.316567,29.124
6194,10.3182,29.114
6195,10.319867,29.114
6196,10.321533,29.103
6197,10.3232,29.103
6198,10.324867,29.103
6199,10.3266,29.103
6200,10.3282,29.11
6201,10.329867,29.119
6202,10.331533,29.115
6203,10.3332,29.115
6204,10.334867,29.116
6205,10.336533,29.112
6206,10.3382,29.112
6207,10.339867,29.106
6208,10.341533,29.108
6209,10.343283,29.1
6210,10.344867,29.1
6211,10.346533,29.093
6212,10.348217,29.091
6213,10.349867,29.086
6214,10.351533,29.086
6215,10.3532,29.09
6216,10.354867,29.096
6217,10.356533,29.101
6218,10.3582,29.101
6219,10.359933,29.1
6220,10.361517,29.1
6221,10.363183,29.1
6222,10.36485,29.102
6223,10.366517,29.099
6224,10.368183,29.098
6225,10.36985,29.098
6226,10.371517,29.095
6227,10.373183,29.09
6228,10.37485,29.092
6229,10.376517,29.092
6230,10.378183,29.092
6231,10.37985,29.095
6232,10.381517,29.098
6233,10.383183,29.098
6234,10.38485,29.097
6235,10.386517,29.1
6236,10.388183,29.1
6237,10.38985,29.102
6238,10.39155,29.101
6239,10.393183,29.099
6240,10.394867,29.099
6241,10.396517,29.1
6242,10.398183,29.096
6243,10.39985,29.102
6244,10.401517,29.102
6245,10.403183,29.108
6246,10.40485,29.114
6247,10.406517,29.122
6248,10.408183,29.122
6249,10.40985,29.118
6250,10.411517,29.115
6251,10.413183,29.108
6252,10.41485,29.108
6253,10.416517,29.103
6254,10.418183,29.098
6255,10.419833,29.098
6256,10.4215,29.101
6257,10.423167,29.104
6258,10.424833,29.103
6259,10.4265,29.103
6260,10.428167,29.107
6261,10.429833,29.11
6262,10.4315,29.111
6263,10.433167,29.111
6264,10.434833,29.109
6265,10.4365,29.112
6266,10.438167,29.106
6267,10.439833,29.106
6268,10.4415,29.097
6269,10.443167,29.1
6270,10.44485,29.1
6271,10.4465,29.095
6272,10.448167,29.093
6273,10.449833,29.098
6274,10.4515,29.098
6275,10.453167,29.096
6276,10.454833,29.092
6277,10.4565,29.094
6278,10.458167,29.094
6279,10.459833,29.088
6280,10.46155,29.088
6281,10.463167,29.092
6282,10.464883,29.092
6283,10.4665,29.088
6284,10.468167,29.089
6285,10.469833,29.085
6286,10.4715,29.085
6287,10.473167,29.085
6288,10.474833,29.088
6289,10.4765,29.088
6290,10.47825,29.092
6291,10.479833,29.094
6292,10.481483,29.096
6293,10.48315,29.096
6294,10.484817,29.096
6295,10.486483,29.097
6296,10.48815,29.093
6297,10.489817,29.093
6298,10.491483,29.087
6299,10.49315,29.079
6300,10.494817,29.072
6301,10.496483,29.072
6302,10.49815,29.072
6303,10.499817,29.071
6304,10.501483,29.071
6305,10.50315,29.076
6306,10.504817,29.078
6307,10.506483,29.081
6308,10.508133,29.081
6309,10.5098,29.083
6310,10.511467,29.083
6311,10.513133,29.079
6312,10.5148,29.079
6313,10.516467,29.083
6314,10.518133,29.083
6315,10.5198,29.078
6316,10.521467,29.078
6317,10.52315,29.084
6318,10.5248,29.088
6319,10.526467,29.092
6320,10.528133,29.092
6321,10.5298,29.1
6322,10.531467,29.097
6323,10.533133,29.097
6324,10.534817,29.094
6325,10.536483,29.088
6326,10.538133,29.083
6327,10.539783,29.083
6328,10.54145,29.082
6329,10.543117,29.072
6330,10.544783,29.062
6331,10.54645,29.062
6332,10.548117,29.062
6333,10.549783,29.061
6334,10.55145,29.063
6335,10.553117,29.063
6336,10.554783,29.069
6337,10.55645,29.064
6338,10.558117,29.064
6339,10.559783,29.061
6340,10.56145,29.059
6341,10.563117,29.059
6342,10.564783,29.059
6343,10.56645,29.064
6344,10.568117,29.065
6345,10.569783,29.071
6346,10.57145,29.071
6347,10.573117,29.071
6348,10.574783,29.072
6349,10.57645,29.069
6350,10.578117,29.069
6351,10.579783,29.069
6352,10.58145,29.066
6353,10.583117,29.066
6354,10.584783,29.064
6355,10.58645,29.067
6356,10.588117,29.068
6357,10.589783,29.068
6358,10.59145,29.069
6359,10.593117,29.063
6360,10.594783,29.069
6361,10.59655,29.069
6362,10.598117,29.064
6363,10.599783,29.06
6364,10.601433,29.078
6365,10.6031,29.078
6366,10.604767,29.072
6367,10.606433,29.075
6368,10.6081,29.082
6369,10.609767,29.082
6370,10.611433,29.076
6371,10.6131,29.079
6372,10.614767,29.079
6373,10.616467,29.075
6374,10.6181,29.08
6375,10.619767,29.078
6376,10.621433,29.078
6377,10.6231,29.078
6378,10.624767,29.076
6379,10.626433,29.066
6380,10.6281,29.066
6381,10.629767,29.066
6382,10.631433,29.068
6383,10.6331,29.077
6384,10.634767,29.077
6385,10.636433,29.085
6386,10.6381,29.081
6387,10.639767,29.081
6388,10.641433,29.078
6389,10.6431,29.07
6390,10.644767,29.059
6391,10.646433,29.059
6392,10.6481,29.055
6393,10.649767,29.056
6394,10.651433,29.06
6395,10.6531,29.06
6396,10.654767,29.064
6397,10.656433,29.07
6398,10.6581,29.066
6399,10.65975,29.066
6400,10.661417,29.071
6401,10.663083,29.073
6402,10.66475,29.07
6403,10.666417,29.07
6404,10.668083,29.078
6405,10.66975,29.073
6406,10.671417,29.073
6407,10.673083,29.073
6408,10.67475,29.073
6409,10.676417,29.071
6410,10.678083,29.071
6411,10.67975,29.075
6412,10.681467,29.079
6413,10.683083,29.085
6414,10.68475,29.085
6415,10.686417,29.081
6416,10.688083,29.077
6417,10.68975,29.079
6418,10.691417,29.079
6419,10.693117,29.071
6420,10.69475,29.075
6421,10.696417,29.075
6422,10.698083,29.087
6423,10.69975,29.09
6424,10.701417,29.105
6425,10.703083,29.105
6426,10.70475,29.104
6427,10.706417,29.096
6428,10.708083,29.098
6429,10.70975,29.098
6430,10.711417,29.097
6431,10.713083,29.103
6432,10.714867,29.112
6433,10.716417,29.112
6434,10.718083,29.11
6435,10.71975,29.11
6436,10.7214,29.111
6437,10.723067,29.111
6438,10.724733,29.107
6439,10.7264,29.104
6440,10.728067,29.104
6441,10.729733,29.097
6442,10.7314,29.094
6443,10.733067,29.094
6444,10.734733,29.094
6445,10.7364,29.094
6446,10.738067,29.099
6447,10.739733,29.096
6448,10.7414,29.096
6449,10.743067,29.096
6450,10.744733,29.097
6451,10.7464,29.096
6452,10.748067,29.096
6453,10.749733,29.096
6454,10.751417,29.09
6455,10.753067,29.09
6456,10.754733,29.091
6457,10.7564,29.096
6458,10.758067,29.106
6459,10.759783,29.106
6460,10.7614,29.111
6461,10.763067,29.111
6462,10.764733,29.108
6463,10.7664,29.108
6464,10.768067,29.1
6465,10.769733,29.103
6466,10.7714,29.101
6467,10.773067,29.101
6468,10.774733,29.101
6469,10.776417,29.101
6470,10.7781,29.102
6471,10.779717,29.102
6472,10.781383,29.106
6473,10.78305,29.104
6474,10.784717,29.104
6475,10.786383,29.103
6476,10.78805,29.099
6477,10.789717,29.1
6478,10.791383,29.1
6479,10.79305,29.101
6480,10.794717,29.107
6481,10.796383,29.114
6482,10.79805,29.114
6483,10.79975,29.11
6484,10.801367,29.109
6485,10.803033,29.107
6486,10.8047,29.107
6487,10.806367,29.102
6488,10.808033,29.103
6489,10.8097,29.103
6490,10.811367,29.1
6491,10.813033,29.103
6492,10.8147,29.107
6493,10.816367,29.107
6494,10.818033,29.105
6495,10.8197,29.101
6496,10.821367,29.092
6497,10.823033,29.092
6498,10.8247,29.083
6499,10.826367,29.08
6500,10.828033,29.086
6501,10.8297,29.086
6502,10.831367,29.09
6503,10.833117,29.094
6504,10.8347,29.094
6505,10.836367,29.098
6506,10.838033,29.097
6507,10.8397,29.096
6508,10.84135,29.096
6509,10.843017,29.093
6510,10.844683,29.092
6511,10.84635,29.09
6512,10.848017,29.09
6513,10.849683,29.086
6514,10.85135,29.086
6515,10.853017,29.084
6516,10.854683,29.084
6517,10.85635,29.089
6518,10.858017,29.1
6519,10.859683,29.106
6520,10.86135,29.106
6521,10.863017,29.105
6522,10.864683,29.102
6523,10.86635,29.102
6524,10.868033,29.095
6525,10.869683,29.095
6526,10.87135,29.095
6527,10.873017,29.095
6528,10.874683,29.1
6529,10.87635,29.101
6530,10.878017,29.105
6531,10.879683,29.105
6532,10.88135,29.114
6533,10.883017,29.11
6534,10.884683,29.113
6535,10.88635,29.113
6536,10.888017,29.116
6537,10.889683,29.114
6538,10.89135,29.114
6539,10.893017,29.11
6540,10.894683,29.108
6541,10.89635,29.099
6542,10.898017,29.099
6543,10.899683,29.097
6544,10.901333,29.101
6545,10.903017,29.101
6546,10.904717,29.101
6547,10.906333,29.105
6548,10.908,29.104
6549,10.909667,29.096
6550,10.911333,29.096
6551,10.913,29.094
6552,10.914667,29.089
6553,10.916333,29.09
6554,10.918067,29.09
6555,10.919667,29.1
6556,10.921333,29.104
6557,10.923,29.104
6558,10.924667,29.106
6559,10.92635,29.107
6560,10.928,29.103
6561,10.929667,29.103
6562,10.931333,29.099
6563,10.933,29.094
6564,10.934667,29.091
6565,10.936333,29.091
6566,10.938,29.082
6567,10.939667,29.08
6568,10.941333,29.086
6569,10.943,29.086
6570,10.944667,29.084
6571,10.946333,29.089
6572,10.948,29.089
6573,10.949667,29.091
6574,10.9514,29.086
6575,10.953033,29.089
6576,10.954667,29.089
6577,10.956333,29.088
6578,10.958,29.082
6579,10.959667,29.081
6580,10.961317,29.081
6581,10.962983,29.083
6582,10.96465,29.089
6583,10.966317,29.096
6584,10.967983,29.096
6585,10.96965,29.103
6586,10.971317,29.109
6587,10.972983,29.109
6588,10.97465,29.113
6589,10.976317,29.114
6590,10.977983,29.111
6591,10.97965,29.111
6592,10.98135,29.107
6593,10.982983,29.105
6594,10.98465,29.107
6595,10.986317,29.107
6596,10.987983,29.106
6597,10.98965,29.1
6598,10.991317,29.097
6599,10.992983,29.097
6600,10.99465,29.093
6601,10.996317,29.093
6602,10.997983,29.092
6603,10.99965,29.092
6604,11.001317,29.086
6605,11.002983,29.085
6606,11.00465,29.085
6607,11.006317,29.078
6608,11.007983,29.082
6609,11.00965,29.081
6610,11.011317,29.081
6611,11.012983,29.078
6612,11.01465,29.083
6613,11.016317,29.084
6614,11.017983,29.084
6615,11.019633,29.094
6616,11.0213,29.098
6617,11.022967,29.095
6618,11.024633,29.095
6619,11.0263,29.09
6620,11.027967,29.079
6621,11.029633,29.079
6622,11.0313,29.078
6623,11.032967,29.083
6624,11.034633,29.084
6625,11.036317,29.084
6626,11.037967,29.093
6627,11.039633,29.097
6628,11.0413,29.1
6629,11.042967,29.1
6630,11.044633,29.109
6631,11.0463,29.11
6632,11.047967,29.104
6633,11.049633,29.104
6634,11.051333,29.101
6635,11.053067,29.093
6636,11.054633,29.09
6637,11.0563,29.09
6638,11.057967,29.094
6639,11.059633,29.091
6640,11.0613,29.091
6641,11.062967,29.09
6642,11.064633,29.087
6643,11.0663,29.081
6644,11.067967,29.081
6645,11.069717,29.078
6646,11.0713,29.074
6647,11.072967,29.072
6648,11.074633,29.072
6649,11.0763,29.078
6650,11.077967,29.085
6651,11.079617,29.094
6652,11.0813,29.094
6653,11.08295,29.099
6654,11.084617,29.096
6655,11.086417,29.099
6656,11.08795,29.099
6657,11.089617,29.099
6658,11.091267,29.102
6659,11.092933,29.102
6660,11.0946,29.105
6661,11.096267,29.103
6662,11.097933,29.092
6663,11.0996,29.092
6664,11.101283,29.085
6665,11.102933,29.073
6666,11.1046,29.065
6667,11.106267,29.065
6668,11.107933,29.065
6669,11.1096,29.064
6670,11.111267,29.068
6671,11.112933,29.068
6672,11.1146,29.068
6673,11.116267,29.076
6674,11.117933,29.076
6675,11.1196,29.083
6676,11.121283,29.089
6677,11.122933,29.098
6678,11.1246,29.098
6679,11.126267,29.1
6680,11.12795,29.103
6681,11.1296,29.102
6682,11.131267,29.102
6683,11.132933,29.099
6684,11.1346,29.099
6685,11.136267,29.094
6686,11.137917,29.094
6687,11.1396,29.086
6688,11.14125,29.087
6689,11.142917,29.087
6690,11.144583,29.089
6691,11.14625,29.091
6692,11.147917,29.1
6693,11.149583,29.1
6694,11.15125,29.101
6695,11.152917,29.097
6696,11.154583,29.098
6697,11.15625,29.098
6698,11.157917,29.095
6699,11.159583,29.089
6700,11.16125,29.088
6701,11.162917,29.088
6702,11.164583,29.09
6703,11.16625,29.094
6704,11.167917,29.094
6705,11.169583,29.101
6706,11.171267,29.1
6707,11.172917,29.107
6708,11.174583,29.107
6709,11.17625,29.108
6710,11.177917,29.101
6711,11.179583,29.1
6712,11.18125,29.1
6713,11.182917,29.096
6714,11.184583,29.093
6715,11.18625,29.098
6716,11.188,29.098
6717,11.189583,29.104
6718,11.19125,29.104
6719,11.192917,29.105
6720,11.194583,29.105
6721,11.19625,29.099
6722,11.197917,29.096
6723,11.199567,29.096
6724,11.201233,29.092
6725,11.2029,29.091
6726,11.2047,29.093
6727,11.20625,29.093
6728,11.20795,29.093
6729,11.209567,29.089
6730,11.211233,29.086
6731,11.2129,29.086
6732,11.214567,29.087
6733,11.216233,29.09
6734,11.2179,29.1
6735,11.219567,29.1
6736,11.221233,29.105
6737,11.2229,29.106
6738,11.224567,29.106
6739,11.226233,29.104
6740,11.2279,29.098
6741,11.229567,29.096
6742,11.231233,29.096
6743,11.2329,29.091
6744,11.234567,29.092
6745,11.236233,29.089
6746,11.2379,29.089
6747,11.239567,29.092
6748,11.241233,29.101
6749,11.2429,29.109
6750,11.244567,29.109
6751,11.246233,29.113
6752,11.2479,29.112
6753,11.249567,29.107
6754,11.251233,29.107
6755,11.2529,29.099
6756,11.254567,29.1
6757,11.256233,29.1
6758,11.2579,29.1
6759,11.259567,29.101
6760,11.261217,29.102
6761,11.262883,29.102
6762,11.26455,29.108
6763,11.266217,29.115
6764,11.267883,29.121
6765,11.26955,29.121
6766,11.271217,29.124
6767,11.272933,29.117
6768,11.274583,29.11
6769,11.276217,29.11
6770,11.277883,29.107
6771,11.27955,29.104
6772,11.281217,29.104
6773,11.282883,29.104
6774,11.28455,29.097
6775,11.286217,29.087
6776,11.287883,29.087
6777,11.289667,29.082
6778,11.291217,29.081
6779,11.292883,29.083
6780,11.29455,29.083
6781,11.296217,29.083
6782,11.297883,29.083
6783,11.29955,29.091
6784,11.301217,29.091
6785,11.302883,29.096
6786,11.30455,29.103
6787,11.306217,29.103
6788,11.307883,29.103
6789,11.30955,29.091
6790,11.311217,29.09
6791,11.312883,29.09
6792,11.31455,29.089
6793,11.316217,29.083
6794,11.317883,29.083
6795,11.319533,29.083
6796,11.3212,29.08
6797,11.322967,29.073
6798,11.324533,29.075
6799,11.3262,29.075
6800,11.327867,29.082
6801,11.32955,29.092
6802,11.3312,29.101
6803,11.332867,29.101
6804,11.334533,29.105
6805,11.3362,29.097
6806,11.337867,29.097
6807,11.339533,29.087
6808,11.3412,29.089
6809,11.342867,29.091
6810,11.344533,29.091
6811,11.3462,29.091
6812,11.347867,29.095
6813,11.34955,29.093
6814,11.35125,29.093
6815,11.3529,29.091
6816,11.354533,29.097
6817,11.3562,29.092
6818,11.357867,29.092
6819,11.359533,29.093
6820,11.3612,29.095
6821,11.362867,29.099
6822,11.364533,29.099
6823,11.3662,29.105
6824,11.367867,29.1
6825,11.369533,29.1
6826,11.3712,29.094
6827,11.372867,29.091
6828,11.374533,29.095
6829,11.3762,29.095
6830,11.377867,29.094
6831,11.379533,29.099
6832,11.381167,29.097
6833,11.382833,29.097
6834,11.3845,29.093
6835,11.386167,29.096
6836,11.387833,29.092
6837,11.3895,29.092
6838,11.391167,29.091
6839,11.392833,29.085
6840,11.3945,29.085
6841,11.396167,29.084
6842,11.397833,29.084
6843,11.3995,29.086
6844,11.401167,29.086
6845,11.402833,29.092
6846,11.4045,29.096
6847,11.406167,29.097
6848,11.4079,29.097
6849,11.4095,29.092
6850,11.411167,29.092
6851,11.412833,29.09
6852,11.4145,29.09
6853,11.416167,29.096
6854,11.417833,29.112
6855,11.4195,29.112
6856,11.421167,29.115
6857,11.422833,29.126
6858,11.424583,29.124
6859,11.426167,29.124
6860,11.427833,29.121
6861,11.4295,29.128
6862,11.431167,29.123
6863,11.432833,29.123
6864,11.4345,29.126
6865,11.436167,29.123
6866,11.437833,29.107
6867,11.439483,29.107
6868,11.441267,29.097
6869,11.442817,29.101
6870,11.444483,29.102
6871,11.44615,29.102
6872,11.447817,29.106
6873,11.449483,29.109
6874,11.45115,29.109
6875,11.452817,29.101
6876,11.454483,29.101
6877,11.45615,29.102
6878,11.457817,29.102
6879,11.459483,29.1
6880,11.46115,29.097
6881,11.462817,29.094
6882,11.464483,29.094
6883,11.46615,29.09
6884,11.467817,29.094
6885,11.469483,29.096
6886,11.47115,29.096
6887,11.472817,29.089
6888,11.474483,29.086
6889,11.47615,29.086
6890,11.477817,29.078
6891,11.479483,29.081
6892,11.48115,29.084
6893,11.482817,29.084
6894,11.484483,29.093
6895,11.48615,29.099
6896,11.487817,29.088
6897,11.489483,29.088
6898,11.49115,29.091
6899,11.492817,29.09
6900,11.494517,29.096
6901,11.49615,29.096
6902,11.497817,29.1
6903,11.499483,29.1
6904,11.501133,29.099
6905,11.5028,29.099
6906,11.504483,29.102
6907,11.50615,29.109
6908,11.50785,29.109
6909,11.509467,29.107
6910,11.511133,29.108
6911,11.5128,29.107
6912,11.514467,29.107
6913,11.516133,29.107
6914,11.5178,29.108
6915,11.519467,29.106
6916,11.521133,29.106
6917,11.5228,29.1
6918,11.524467,29.096
6919,11.5262,29.103
6920,11.5278,29.103
6921,11.529467,29.108
6922,11.531133,29.108
6923,11.5328,29.108
6924,11.534467,29.108
6925,11.536133,29.103
6926,11.5378,29.106
6927,11.539467,29.106
6928,11.541133,29.106
6929,11.5428,29.102
6930,11.544467,29.104
6931,11.546133,29.104
6932,11.5478,29.099
6933,11.549467,29.09
6934,11.551133,29.092
6935,11.5528,29.092
6936,11.554467,29.09
6937,11.556133,29.089
6938,11.5578,29.089
6939,11.559567,29.097
6940,11.561117,29.099
6941,11.562783,29.104
6942,11.56445,29.104
6943,11.566117,29.102
6944,11.567783,29.102
6945,11.56945,29.105
6946,11.571117,29.105
6947,11.572817,29.097
6948,11.57445,29.104
6949,11.576117,29.106
6950,11.577783,29.106
6951,11.57945,29.109
6952,11.581117,29.119
6953,11.582783,29.127
6954,11.58445,29.127
6955,11.586117,29.13
6956,11.587783,29.13
6957,11.58945,29.13
6958,11.591117,29.127
6959,11.592783,29.117
6960,11.59445,29.113
6961,11.596117,29.113
6962,11.5978,29.117
6963,11.59945,29.112
6964,11.601117,29.112
6965,11.602783,29.112
6966,11.60445,29.113
6967,11.606117,29.109
6968,11.607783,29.108
6969,11.60945,29.108
6970,11.611117,29.109
6971,11.612783,29.112
6972,11.61445,29.112
6973,11.616117,29.112
6974,11.617783,29.108
6975,11.61945,29.101
6976,11.6211,29.101
6977,11.622767,29.101
6978,11.624433,29.098
6979,11.6261,29.102
6980,11.627767,29.102
6981,11.629433,29.107
6982,11.6311,29.106
6983,11.632767,29.11
6984,11.634433,29.11
6985,11.6361,29.112
6986,11.637767,29.117
6987,11.63945,29.117
6988,11.6411,29.117
6989,11.642767,29.118
6990,11.644483,29.129
6991,11.6461,29.129
6992,11.647767,29.123
6993,11.649433,29.127
6994,11.6511,29.129
6995,11.652767,29.129
6996,11.654433,29.119
6997,11.6561,29.119
6998,11.657767,29.11
6999,11.659433,29.11
7000,11.6611,29.105
7001,11.662767,29.11
7002,11.664433,29.118
7003,11.6661,29.118
7004,11.667767,29.118
7005,11.669433,29.127
7006,11.6711,29.127
7007,11.67275,29.127
7008,11.674417,29.116
7009,11.676083,29.121
7010,11.67785,29.121
7011,11.679417,29.115
7012,11.681067,29.108
7013,11.682733,29.11
7014,11.6844,29.11
7015,11.686083,29.103
7016,11.687767,29.105
7017,11.6894,29.112
7018,11.691067,29.112
7019,11.692733,29.111
7020,11.6944,29.114
7021,11.696067,29.117
7022,11.697733,29.117
7023,11.6994,29.118
7024,11.701067,29.125
7025,11.702733,29.125
7026,11.7044,29.136
7027,11.706067,29.135
7028,11.707733,29.134
7029,11.7094,29.134
7030,11.711067,29.132
7031,11.712733,29.127
7032,11.7144,29.12
7033,11.716067,29.12
7034,11.717783,29.111
7035,11.7194,29.108
7036,11.721067,29.103
7037,11.722733,29.103
7038,11.7244,29.107
7039,11.726067,29.114
7040,11.727733,29.114
7041,11.7294,29.113
7042,11.731067,29.11
7043,11.732733,29.107
7044,11.7344,29.107
7045,11.736067,29.101
7046,11.737733,29.101
7047,11.7394,29.108
7048,11.74105,29.108
7049,11.742717,29.114
7050,11.744383,29.12
7051,11.74605,29.126
7052,11.747717,29.126
7053,11.749383,29.123
7054,11.75105,29.117
7055,11.752717,29.117
7056,11.754383,29.113
7057,11.75605,29.115
7058,11.757717,29.115
7059,11.759383,29.115
7060,11.76105,29.113
7061,11.762767,29.113
7062,11.764383,29.105
7063,11.76605,29.105
7064,11.767717,29.111
7065,11.769383,29.12
7066,11.77105,29.123
7067,11.772717,29.123
7068,11.774383,29.128
7069,11.77605,29.128
7070,11.777717,29.126
7071,11.779383,29.126
7072,11.78105,29.125
7073,11.782717,29.121
7074,11.784383,29.121
7075,11.78605,29.115
7076,11.787717,29.11
7077,11.789383,29.108
7078,11.791083,29.108
7079,11.792717,29.109
7080,11.794383,29.112
7081,11.79605,29.118
7082,11.797717,29.118
7083,11.799383,29.118
7084,11.801033,29.117
7085,11.8027,29.121
7086,11.804367,29.121
7087,11.806033,29.122
7088,11.8077,29.135
7089,11.809367,29.135
7090,11.811033,29.144
7091,11.8127,29.149
7092,11.814367,29.145
7093,11.816033,29.145
7094,11.8177,29.133
7095,11.819367,29.131
7096,11.821033,29.123
7097,11.8227,29.123
7098,11.824367,29.124
7099,11.826033,29.127
7100,11.8277,29.135
7101,11.829367,29.135
7102,11.831033,29.132
7103,11.8327,29.128
7104,11.834367,29.132
7105,11.836033,29.132
7106,11.8377,29.126
7107,11.839367,29.126
7108,11.841033,29.126
7109,11.8427,29.134
7110,11.844367,29.131
7111,11.846033,29.14
7112,11.8477,29.14
7113,11.849383,29.149
7114,11.851033,29.147
7115,11.8527,29.146
7116,11.854367,29.146
7117,11.856033,29.135
7118,11.8577,29.128
7119,11.859367,29.133
7120,11.86105,29.133
7121,11.862683,29.14
7122,11.86435,29.141
7123,11.866017,29.141
7124,11.867683,29.137
7125,11.86935,29.133
7126,11.871017,29.128
7127,11.872683,29.128
7128,11.87435,29.123
7129,11.876017,29.123
7130,11.877683,29.123
7131,11.87935,29.123
7132,11.881033,29.123
7133,11.882683,29.133
7134,11.88435,29.144
7135,11.886017,29.144
7136,11.887683,29.15
7137,11.88935,29.153
7138,11.891017,29.151
7139,11.892683,29.151
7140,11.89435,29.156
7141,11.896017,29.159
7142,11.897783,29.159
7143,11.89935,29.157
7144,11.901017,29.157
7145,11.902683,29.146
7146,11.90435,29.146
7147,11.906017,29.136
7148,11.907683,29.136
7149,11.90935,29.133
7150,11.911017,29.133
7151,11.912683,29.134
7152,11.91445,29.136
7153,11.916017,29.14
7154,11.917683,29.14
7155,11.91935,29.138
7156,11.921,29.141
7157,11.922667,29.141
7158,11.924333,29.141
7159,11.926,29.137
7160,11.927667,29.136
7161,11.929333,29.136
7162,11.931,29.134
7163,11.932667,29.127
7164,11.934333,29.123
7165,11.936,29.123
7166,11.937683,29.119
7167,11.939417,29.104
7168,11.941,29.101
7169,11.942667,29.101
7170,11.944333,29.094
7171,11.946,29.093
7172,11.947667,29.101
7173,11.949333,29.101
7174,11.951,29.1
7175,11.952667,29.104
7176,11.954333,29.104
7177,11.956,29.106
7178,11.957667,29.108
7179,11.959333,29.104
7180,11.961017,29.104
7181,11.962667,29.105
7182,11.964317,29.11
7183,11.965983,29.112
7184,11.96765,29.112
7185,11.969317,29.117
7186,11.970983,29.114
7187,11.97265,29.112
7188,11.974317,29.112
7189,11.975983,29.106
7190,11.97765,29.107
7191,11.9793,29.107
7192,11.980967,29.106
7193,11.982633,29.11
7194,11.9843,29.118
7195,11.985967,29.118
7196,11.987633,29.122
7197,11.9893,29.119
7198,11.990967,29.114
7199,11.992633,29.114
7200,11.9943,29.111
7201,11.995967,29.111
7202,11.997633,29.114
7203,11.99935,29.114
7204,12.000967,29.113
7205,12.00265,29.111
7206,12.0043,29.111
7207,12.006,29.107
7208,12.007633,29.107
7209,12.0093,29.106
7210,12.010967,29.106
7211,12.012633,29.104
7212,12.0143,29.106
7213,12.016033,29.106
7214,12.017633,29.106
7215,12.0193,29.111
7216,12.020967,29.114
7217,12.022633,29.11
7218,12.0243,29.11
7219,12.025967,29.115
7220,12.027633,29.114
7221,12.0293,29.111
7222,12.030967,29.111
7223,12.032733,29.116
7224,12.0343,29.109
7225,12.035967,29.109
7226,12.037633,29.111
7227,12.0393,29.115
7228,12.04095,29.119
7229,12.042617,29.119
7230,12.044283,29.13
7231,12.04595,29.123
7232,12.047617,29.122
7233,12.049417,29.122
7234,12.05095,29.118
7235,12.052617,29.116
7236,12.054283,29.126
7237,12.05595,29.126
7238,12.057617,29.132
7239,12.059283,29.132
7240,12.06095,29.132
7241,12.062617,29.133
7242,12.064283,29.126
7243,12.06595,29.122
7244,12.067617,29.122
7245,12.069283,29.12
7246,12.07095,29.111
7247,12.072617,29.11
7248,12.074283,29.11
7249,12.07595,29.11
7250,12.077617,29.115
7251,12.079283,29.116
7252,12.080967,29.116
7253,12.082617,29.116
7254,12.084317,29.115
7255,12.08595,29.107
7256,12.087617,29.107
7257,12.089283,29.105
7258,12.09095,29.107
7259,12.092617,29.107
7260,12.094283,29.11
7261,12.09595,29.111
7262,12.097617,29.116
7263,12.099267,29.116
7264,12.100933,29.115
7265,12.1026,29.114
7266,12.104267,29.114
7267,12.105933,29.114
7268,12.1076,29.115
7269,12.109267,29.12
7270,12.110933,29.124
7271,12.1126,29.124
7272,12.114267,29.128
7273,12.115933,29.136
7274,12.1176,29.136
7275,12.119267,29.136
7276,12.120933,29.136
7277,12.1226,29.146
7278,12.124267,29.146
7279,12.125933,29.14
7280,12.1276,29.137
7281,12.129267,29.136
7282,12.130933,29.136
7283,12.1326,29.129
7284,12.134317,29.129
7285,12.13595,29.134
7286,12.1376,29.134
7287,12.139267,29.138
7288,12.140933,29.138
7289,12.1426,29.139
7290,12.144267,29.139
7291,12.145933,29.138
7292,12.1476,29.135
7293,12.149267,29.135
7294,12.150983,29.137
7295,12.1526,29.137
7296,12.154267,29.131
7297,12.155933,29.131
7298,12.157633,29.125
7299,12.159283,29.121
7300,12.160967,29.119
7301,12.162583,29.119
7302,12.16425,29.116
7303,12.165917,29.12
7304,12.167683,29.116
7305,12.16925,29.116
7306,12.170917,29.118
7307,12.172583,29.126
7308,12.17425,29.126
7309,12.175917,29.124
7310,12.177583,29.133
7311,12.17925,29.132
7312,12.180917,29.132
7313,12.182583,29.13
7314,12.18425,29.138
7315,12.185917,29.14
7316,12.187583,29.14
7317,12.18925,29.148
7318,12.190917,29.15
7319,12.192583,29.145
7320,12.19425,29.145
7321,12.195917,29.143
7322,12.197583,29.141
7323,12.19925,29.141
7324,12.200917,29.149
7325,12.202583,29.155
7326,12.20425,29.152
7327,12.205917,29.152
7328,12.207583,29.148
7329,12.20925,29.146
7330,12.210917,29.14
7331,12.212583,29.14
7332,12.21425,29.144
7333,12.215917,29.144
7334,12.217583,29.14
7335,12.219233,29.14
7336,12.2209,29.146
7337,12.222567,29.152
7338,12.224233,29.16
7339,12.2259,29.16
7340,12.227583,29.159
7341,12.229283,29.16
7342,12.2309,29.16
7343,12.232567,29.151
7344,12.234233,29.144
7345,12.2359,29.141
7346,12.2376,29.141
7347,12.239233,29.13
7348,12.2409,29.132
7349,12.242567,29.13
7350,12.244233,29.13
7351,12.2459,29.133
7352,12.247567,29.138
7353,12.249233,29.135
7354,12.2509,29.135
7355,12.2526,29.137
7356,12.254233,29.143
7357,12.255883,29.143
7358,12.25755,29.145
7359,12.259217,29.148
7360,12.260883,29.145
7361,12.26255,29.145
7362,12.264217,29.146
7363,12.265883,29.147
7364,12.26755,29.149
7365,12.26925,29.149
7366,12.270883,29.154
7367,12.27255,29.144
7368,12.274217,29.141
7369,12.275883,29.141
7370,12.27755,29.138
7371,12.279217,29.139
7372,12.280867,29.144
7373,12.282533,29.144
7374,12.2842,29.142
7375,12.286,29.137
7376,12.287533,29.137
7377,12.2892,29.127
7378,12.290867,29.124
7379,12.292533,29.12
7380,12.2942,29.12
7381,12.295867,29.115
7382,12.297533,29.122
7383,12.2992,29.118
7384,12.300867,29.118
7385,12.30255,29.127
7386,12.3042,29.134
7387,12.305867,29.132
7388,12.307533,29.132
7389,12.3092,29.137
7390,12.310883,29.133
7391,12.312533,29.133
7392,12.3142,29.136
7393,12.315867,29.139
7394,12.317533,29.144
7395,12.3192,29.144
7396,12.320867,29.143
7397,12.322533,29.141
7398,12.324217,29.139
7399,12.325867,29.139
7400,12.327533,29.128
7401,12.3292,29.126
7402,12.330867,29.127
7403,12.332533,29.127
7404,12.3342,29.127
7405,12.335867,29.135
7406,12.337533,29.135
7407,12.3392,29.14
7408,12.34085,29.139
7409,12.342517,29.138
7410,12.344183,29.138
7411,12.34585,29.136
7412,12.347517,29.137
7413,12.349183,29.14
7414,12.35085,29.14
7415,12.352517,29.139
7416,12.354183,29.139
7417,12.35585,29.137
7418,12.357517,29.137
7419,12.359183,29.13
7420,12.36085,29.127
7421,12.362517,29.121
7422,12.364183,29.121
7423,12.36585,29.115
7424,12.367517,29.111
7425,12.369183,29.111
7426,12.370867,29.109
7427,12.372517,29.115
7428,12.374183,29.12
7429,12.37585,29.12
7430,12.377517,29.125
7431,12.379183,29.123
7432,12.38085,29.12
7433,12.382517,29.12
7434,12.384183,29.116
7435,12.38585,29.117
7436,12.387517,29.125
7437,12.389183,29.125
7438,12.39085,29.125
7439,12.392517,29.13
7440,12.394183,29.13
7441,12.39585,29.128
7442,12.397517,29.123
7443,12.399183,29.12
7444,12.400833,29.12
7445,12.4025,29.115
7446,12.4043,29.118
7447,12.405833,29.119
7448,12.4075,29.119
7449,12.409167,29.124
7450,12.410833,29.131
7451,12.4125,29.128
7452,12.414167,29.128
7453,12.41585,29.132
7454,12.4175,29.134
7455,12.419167,29.132
7456,12.420833,29.132
7457,12.4225,29.139
7458,12.424167,29.145
7459,12.425833,29.145
7460,12.4275,29.15
7461,12.429167,29.157
7462,12.430833,29.16
7463,12.4325,29.16
7464,12.434167,29.155
7465,12.435833,29.151
7466,12.4375,29.149
7467,12.439167,29.149
7468,12.440833,29.152
7469,12.4425,29.155
7470,12.444167,29.162
7471,12.44585,29.162
7472,12.4475,29.157
7473,12.449167,29.157
7474,12.450833,29.157
7475,12.4525,29.151
7476,12.454167,29.146
7477,12.455833,29.149
7478,12.4575,29.149
7479,12.459167,29.142
7480,12.460817,29.141
7481,12.462483,29.138
7482,12.46415,29.138
7483,12.465817,29.135
7484,12.467483,29.131
7485,12.46915,29.138
7486,12.470817,29.138
7487,12.472483,29.147
7488,12.47415,29.148
7489,12.475817,29.155
7490,12.477483,29.155
7491,12.47915,29.148
7492,12.480817,29.142
7493,12.482483,29.142
7494,12.48415,29.139
7495,12.485817,29.144
7496,12.487483,29.148
7497,12.489217,29.148
7498,12.490817,29.155
7499,12.492517,29.161
7500,12.49415,29.157
7501,12.495817,29.157
7502,12.497483,29.154
7503,12.49915,29.148
7504,12.500817,29.145
7505,12.502483,29.145
7506,12.50415,29.149
7507,12.505817,29.149
7508,12.507483,29.149
7509,12.50915,29.148
7510,12.510817,29.148
7511,12.512483,29.141
7512,12.51415,29.141
7513,12.515817,29.142
7514,12.517483,29.141
7515,12.51915,29.139
7516,12.5208,29.139
7517,12.522533,29.136
7518,12.524133,29.135
7519,12.5258,29.134
7520,12.527467,29.134
7521,12.529133,29.136
7522,12.5308,29.137
7523,12.532467,29.134
7524,12.534133,29.134
7525,12.5358,29.135
7526,12.537467,29.131
7527,12.53915,29.131
7528,12.5408,29.137
7529,12.542467,29.139
7530,12.544133,29.14
7531,12.5458,29.14
7532,12.54745,29.144
7533,12.549117,29.138
7534,12.550783,29.142
7535,12.55245,29.142
7536,12.554117,29.141
7537,12.555783,29.141
7538,12.55745,29.149
7539,12.559117,29.149
7540,12.560783,29.153
7541,12.56245,29.161
7542,12.564117,29.161
7543,12.565783,29.165
7544,12.56745,29.166
7545,12.569117,29.166
7546,12.570783,29.166
7547,12.57245,29.16
7548,12.574117,29.154
7549,12.575783,29.147
7550,12.577467,29.147
7551,12.579117,29.144
7552,12.580767,29.145
7553,12.582433,29.146
7554,12.5841,29.146
7555,12.585767,29.143
7556,12.587433,29.145
7557,12.5891,29.145
7558,12.590783,29.142
7559,12.592483,29.141
7560,12.5941,29.143
7561,12.595767,29.143
7562,12.597433,29.142
7563,12.5991,29.142
7564,12.600767,29.137
7565,12.602433,29.137
7566,12.6041,29.139
7567,12.605767,29.138
7568,12.607483,29.131
7569,12.6091,29.131
7570,12.610767,29.134
7571,12.612433,29.127
7572,12.6141,29.122
7573,12.615767,29.122
7574,12.617433,29.126
7575,12.6191,29.128
7576,12.620767,29.128
7577,12.622433,29.136
7578,12.6241,29.137
7579,12.625767,29.137
7580,12.627433,29.137
7581,12.6291,29.135
7582,12.630767,29.133
7583,12.632433,29.14
7584,12.6341,29.14
7585,12.635767,29.146
7586,12.637433,29.152
7587,12.6391,29.15
7588,12.640867,29.15
7589,12.642417,29.144
7590,12.644083,29.142
7591,12.64575,29.142
7592,12.647417,29.136
7593,12.649083,29.135
7594,12.65075,29.133
7595,12.652417,29.133
7596,12.654083,29.138
7597,12.65575,29.145
7598,12.657417,29.152
7599,12.659083,29.152
7600,12.66075,29.154
7601,12.662417,29.151
7602,12.664083,29.148
7603,12.665783,29.148
7604,12.66745,29.142
7605,12.669083,29.142
7606,12.67075,29.144
7607,12.672417,29.144
7608,12.674083,29.151
7609,12.67575,29.152
7610,12.677417,29.152
7611,12.679083,29.152
7612,12.68075,29.148
7613,12.682417,29.138
7614,12.684083,29.138
7615,12.68575,29.143
7616,12.687417,29.141
7617,12.689083,29.135
7618,12.69075,29.135
7619,12.692417,29.137
7620,12.694083,29.134
7621,12.69575,29.139
7622,12.697417,29.139
7623,12.699083,29.149
7624,12.700733,29.158
7625,12.7024,29.158
7626,12.704067,29.153
7627,12.705733,29.15
7628,12.7074,29.147
7629,12.709067,29.147
7630,12.710733,29.139
7631,12.7124,29.138
7632,12.714083,29.143
7633,12.715733,29.143
7634,12.7174,29.148
7635,12.719067,29.156
7636,12.720733,29.168
7637,12.7224,29.168
7638,12.724067,29.168
7639,12.725783,29.169
7640,12.7274,29.164
7641,12.729083,29.164
7642,12.730767,29.152
7643,12.7324,29.149
7644,12.734067,29.149
7645,12.735733,29.149
7646,12.7374,29.15
7647,12.739067,29.151
7648,12.740733,29.151
7649,12.7425,29.146
7650,12.744067,29.131
7651,12.745733,29.127
7652,12.7474,29.127
7653,12.749067,29.126
7654,12.750733,29.131
7655,12.7524,29.141
7656,12.754067,29.141
7657,12.755733,29.141
7658,12.7574,29.144
7659,12.759183,29.14
7660,12.760717,29.14
7661,12.762383,29.136
7662,12.76405,29.138
7663,12.765717,29.138
7664,12.767383,29.137
7665,12.76905,29.141
7666,12.770717,29.148
7667,12.772383,29.148
7668,12.77405,29.154
7669,12.775817,29.155
7670,12.777383,29.157
7671,12.77905,29.157
7672,12.780717,29.156
7673,12.782383,29.155
7674,12.78405,29.155
7675,12.785717,29.161
7676,12.787383,29.156
7677,12.78905,29.149
7678,12.790717,29.149
7679,12.792383,29.139
7680,12.79405,29.13
7681,12.795717,29.134
7682,12.797383,29.134
7683,12.79905,29.143
7684,12.800717,29.152
7685,12.802383,29.154
7686,12.80405,29.154
7687,12.80575,29.157
7688,12.807467,29.152
7689,12.80905,29.153
7690,12.810717,29.153
7691,12.812383,29.153
7692,12.81405,29.155
7693,12.815717,29.155
7694,12.817383,29.159
7695,12.81905,29.16
7696,12.8207,29.163
7697,12.822367,29.163
7698,12.824033,29.164
7699,12.8257,29.165
7700,12.827367,29.165
7701,12.829033,29.165
7702,12.8307,29.171
7703,12.832367,29.169
7704,12.834033,29.164
7705,12.8357,29.164
7706,12.837367,29.162
7707,12.839017,29.166
7708,12.840683,29.166
7709,12.84235,29.174
7710,12.844017,29.179
7711,12.845683,29.181
7712,12.84735,29.181
7713,12.849017,29.172
7714,12.850683,29.168
7715,12.85235,29.17
7716,12.854017,29.17
7717,12.855683,29.172
7718,12.85735,29.174
7719,12.859017,29.171
7720,12.86075,29.171
7721,12.86235,29.169
7722,12.864017,29.165
7723,12.865683,29.168
7724,12.86735,29.168
7725,12.869017,29.169
7726,12.870683,29.169
7727,12.87235,29.169
7728,12.874017,29.165
7729,12.875683,29.157
7730,12.87745,29.151
7731,12.879083,29.151
7732,12.880667,29.147
7733,12.882333,29.15
7734,12.884,29.148
7735,12.885667,29.148
7736,12.887333,29.148
7737,12.889017,29.145
7738,12.890667,29.142
7739,12.892333,29.142
7740,12.894117,29.142
7741,12.895667,29.142
7742,12.897333,29.142
7743,12.899,29.143
7744,12.900667,29.146
7745,12.902333,29.154
7746,12.904,29.154
7747,12.905667,29.164
7748,12.907333,29.169
7749,12.909,29.173
7750,12.910667,29.173
7751,12.912333,29.17
7752,12.914,29.165
7753,12.915667,29.163
7754,12.917333,29.163
7755,12.919,29.163
7756,12.920667,29.168
7757,12.922333,29.166
7758,12.924,29.166
7759,12.925667,29.172
7760,12.927333,29.174
7761,12.929,29.174
7762,12.930667,29.17
7763,12.932333,29.172
7764,12.934,29.165
7765,12.935667,29.165
7766,12.937333,29.159
7767,12.939,29.163
7768,12.94065,29.164
7769,12.942317,29.164
7770,12.943983,29.169
7771,12.94565,29.173
7772,12.947317,29.171
7773,12.948983,29.171
7774,12.950667,29.172
7775,12.952383,29.173
7776,12.953983,29.173
7777,12.95565,29.172
7778,12.957317,29.171
7779,12.958983,29.168
7780,12.96065,29.168
7781,12.962317,29.169
7782,12.963983,29.171
7783,12.96565,29.177
7784,12.967317,29.177
7785,12.968983,29.179
7786,12.97065,29.175
7787,12.972317,29.171
7788,12.973983,29.171
7789,12.97565,29.163
7790,12.977317,29.156
7791,12.97905,29.151
7792,12.98065,29.151
7793,12.982317,29.149
7794,12.983983,29.152
7795,12.98565,29.152
7796,12.987317,29.161
7797,12.988983,29.163
7798,12.99065,29.161
7799,12.992317,29.161
7800,12.993983,29.164
7801,12.995683,29.162
7802,12.997317,29.166
7803,12.998983,29.166
7804,13.000633,29.169
7805,13.0023,29.166
7806,13.003967,29.158
7807,13.005633,29.158
7808,13.0073,29.157
7809,13.008967,29.157
7810,13.010633,29.157
7811,13.0124,29.152
7812,13.013967,29.151
7813,13.015633,29.147
7814,13.0173,29.147
7815,13.018967,29.144
7816,13.020633,29.144
7817,13.0223,29.149
7818,13.023967,29.149
7819,13.025633,29.154
7820,13.027333,29.165
7821,13.028983,29.172
7822,13.030633,29.172
7823,13.0323,29.177
7824,13.033967,29.175
7825,13.035633,29.175
7826,13.0373,29.171
7827,13.038967,29.174
7828,13.040633,29.178
7829,13.0423,29.178
7830,13.043967,29.187
7831,13.045633,29.19
7832,13.0473,29.182
7833,13.048967,29.182
7834,13.050633,29.172
7835,13.0523,29.162
7836,13.053967,29.153
7837,13.055633,29.153
7838,13.0573,29.157
7839,13.058967,29.155
7840,13.060633,29.156
7841,13.062283,29.156
7842,13.06395,29.16
7843,13.065617,29.159
7844,13.067283,29.159
7845,13.06895,29.17
7846,13.070617,29.179
7847,13.072283,29.18
7848,13.07395,29.18
7849,13.075617,29.185
7850,13.077283,29.18
7851,13.07895,29.175
7852,13.080617,29.175
7853,13.082283,29.18
7854,13.08395,29.179
7855,13.085617,29.179
7856,13.087283,29.179
7857,13.08895,29.184
7858,13.090617,29.185
7859,13.092283,29.185
7860,13.09395,29.185
7861,13.095617,29.186
7862,13.097367,29.183
7863,13.09895,29.183
7864,13.100617,29.182
7865,13.102283,29.182
7866,13.10395,29.183
7867,13.105617,29.183
7868,13.107283,29.182
7869,13.10895,29.178
7870,13.110617,29.176
7871,13.112283,29.176
7872,13.11395,29.168
7873,13.115617,29.163
7874,13.117283,29.16
7875,13.11895,29.16
7876,13.1206,29.159
7877,13.122267,29.152
7878,13.123933,29.152
7879,13.1256,29.147
7880,13.127267,29.148
7881,13.128917,29.144
7882,13.1307,29.144
7883,13.13225,29.15
7884,13.133917,29.158
7885,13.135583,29.154
7886,13.13725,29.154
7887,13.138917,29.153
7888,13.140583,29.15
7889,13.14225,29.141
7890,13.143917,29.141
7891,13.145583,29.133
7892,13.14725,29.13
7893,13.148917,29.13
7894,13.150583,29.127
7895,13.15225,29.123
7896,13.153917,29.128
7897,13.155583,29.128
7898,13.15725,29.128
7899,13.158917,29.128
7900,13.160583,29.134
7901,13.16225,29.134
7902,13.163917,29.138
7903,13.165583,29.145
7904,13.16725,29.149
7905,13.168917,29.149
7906,13.170583,29.147
7907,13.172283,29.15
7908,13.173917,29.15
7909,13.175617,29.154
7910,13.17725,29.158
7911,13.178917,29.16
7912,13.180567,29.16
7913,13.182233,29.155
7914,13.1839,29.146
7915,13.185567,29.145
7916,13.187233,29.145
7917,13.1889,29.149
7918,13.190567,29.151
7919,13.192233,29.149
7920,13.1939,29.149
7921,13.195567,29.143
7922,13.197233,29.139
7923,13.1989,29.143
7924,13.200567,29.143
7925,13.202233,29.142
7926,13.2039,29.14
7927,13.205567,29.14
7928,13.207233,29.132
7929,13.2089,29.126
7930,13.210567,29.129
7931,13.212233,29.129
7932,13.2139,29.131
7933,13.215567,29.138
7934,13.217233,29.136
7935,13.2189,29.136
7936,13.220567,29.135
7937,13.222233,29.131
7938,13.2239,29.127
7939,13.225567,29.127
7940,13.227233,29.13
7941,13.2289,29.129
7942,13.230567,29.129
7943,13.232233,29.133
7944,13.2339,29.131
7945,13.235567,29.133
7946,13.237233,29.133
7947,13.2389,29.123
7948,13.24055,29.125
7949,13.242217,29.126
7950,13.243883,29.126
7951,13.24555,29.122
7952,13.247217,29.129
7953,13.249,29.129
7954,13.25055,29.129
7955,13.252217,29.124
7956,13.25395,29.119
7957,13.25555,29.11
7958,13.257217,29.11
7959,13.258883,29.103
7960,13.26055,29.096
7961,13.262217,29.096
7962,13.263883,29.095
7963,13.26555,29.096
7964,13.267217,29.092
7965,13.268883,29.092
7966,13.27055,29.098
7967,13.272217,29.097
7968,13.273883,29.098
7969,13.27555,29.098
7970,13.277217,29.104
7971,13.278883,29.109
7972,13.28055,29.113
7973,13.282217,29.113
7974,13.283883,29.113
7975,13.28555,29.116
7976,13.287217,29.116
7977,13.288883,29.119
7978,13.29055,29.122
7979,13.292217,29.124
7980,13.293883,29.124
7981,13.29555,29.123
7982,13.297217,29.123
7983,13.298883,29.126
7984,13.300533,29.126
7985,13.3022,29.127
7986,13.303867,29.119
7987,13.305533,29.115
7988,13.3072,29.115
7989,13.308867,29.108
7990,13.310533,29.109
7991,13.3122,29.119
7992,13.313867,29.119
7993,13.315533,29.124
7994,13.3172,29.129
7995,13.318917,29.129
7996,13.320533,29.127
7997,13.3222,29.124
7998,13.3239,29.122
7999,13.325533,29.122
8000,13.3272,29.116
8001,13.328867,29.126
8002,13.330533,29.121
8003,13.3322,29.121
8004,13.333917,29.116
8005,13.335533,29.116
8006,13.3372,29.109
8007,13.338867,29.109
8008,13.340533,29.11
8009,13.3422,29.111
8010,13.343867,29.111
8011,13.34555,29.11
8012,13.3472,29.106
8013,13.348867,29.11
8014,13.350533,29.11
8015,13.3522,29.11
8016,13.353867,29.109
8017,13.355533,29.107
8018,13.3572,29.107
8019,13.358867,29.103
8020,13.360517,29.104
8021,13.362183,29.107
8022,13.36385,29.107
8023,13.365517,29.11
8024,13.367283,29.109
8025,13.36885,29.109
8026,13.370517,29.102
8027,13.372183,29.098
8028,13.37385,29.097
8029,13.375517,29.097
8030,13.377183,29.105
8031,13.37885,29.11
8032,13.380517,29.118
8033,13.382183,29.118
8034,13.38385,29.119
8035,13.385517,29.115
8036,13.387183,29.12
8037,13.38885,29.12
8038,13.390517,29.114
8039,13.392183,29.105
8040,13.39385,29.101
8041,13.395533,29.101
8042,13.397183,29.096
8043,13.39885,29.094
8044,13.400517,29.094
8045,13.402183,29.104
8046,13.40385,29.105
8047,13.405517,29.109
8048,13.407183,29.109
8049,13.40885,29.109
8050,13.410533,29.108
8051,13.412183,29.109
8052,13.41385,29.109
8053,13.415517,29.099
8054,13.417183,29.099
8055,13.41885,29.089
8056,13.420483,29.089
8057,13.42215,29.084
8058,13.423817,29.085
8059,13.425483,29.085
8060,13.42715,29.083
8061,13.428817,29.082
8062,13.430483,29.087
8063,13.43215,29.087
8064,13.433817,29.088
8065,13.435483,29.089
8066,13.43715,29.095
8067,13.438817,29.095
8068,13.440483,29.095
8069,13.44215,29.092
8070,13.443817,29.092
8071,13.445483,29.092
8072,13.44715,29.095
8073,13.448817,29.098
8074,13.450483,29.103
8075,13.452217,29.103
8076,13.453817,29.104
8077,13.455483,29.103
8078,13.45715,29.103
8079,13.458817,29.105
8080,13.460483,29.112
8081,13.46215,29.121
8082,13.463817,29.121
8083,13.465483,29.123
8084,13.467183,29.125
8085,13.468817,29.124
8086,13.470483,29.124
8087,13.47215,29.119
8088,13.473817,29.121
8089,13.475483,29.117
8090,13.47715,29.117
8091,13.478817,29.111
8092,13.480467,29.112
8093,13.482133,29.112
8094,13.4838,29.109
8095,13.485567,29.108
8096,13.487133,29.113
8097,13.4888,29.113
8098,13.490467,29.111
8099,13.492133,29.109
8100,13.4938,29.109
8101,13.495467,29.109
8102,13.497133,29.11
8103,13.4988,29.108
8104,13.500483,29.105
8105,13.502133,29.105
8106,13.5038,29.105
8107,13.505467,29.106
8108,13.507133,29.104
8109,13.5088,29.104
8110,13.510467,29.109
8111,13.512133,29.109
8112,13.5138,29.109
8113,13.515467,29.108
8114,13.517133,29.112
8115,13.5188,29.11
8116,13.520483,29.11
8117,13.522133,29.112
8118,13.5238,29.113
8119,13.525467,29.113
8120,13.527133,29.113
8121,13.5288,29.115
8122,13.530467,29.123
8123,13.532133,29.119
8124,13.5338,29.119
8125,13.535467,29.116
8126,13.537133,29.115
8127,13.538817,29.115
8128,13.54045,29.108
8129,13.542117,29.108
8130,13.543783,29.109
8131,13.54545,29.109
8132,13.547117,29.107
8133,13.548783,29.109
8134,13.55045,29.111
8135,13.552117,29.111
8136,13.553783,29.112
8137,13.55545,29.119
8138,13.557117,29.119
8139,13.558783,29.119
8140,13.56045,29.116
8141,13.562117,29.118
8142,13.563783,29.118
8143,13.56545,29.112
8144,13.567117,29.107
8145,13.568783,29.1
8146,13.5705,29.1
8147,13.572117,29.099
8148,13.573783,29.106
8149,13.57545,29.117
8150,13.577117,29.117
8151,13.578783,29.128
8152,13.58045,29.125
8153,13.582167,29.126
8154,13.583783,29.126
8155,13.58545,29.114
8156,13.587117,29.115
8157,13.588783,29.116
8158,13.59045,29.116
8159,13.592117,29.107
8160,13.593783,29.104
8161,13.59545,29.104
8162,13.597117,29.097
8163,13.598783,29.101
8164,13.60045,29.103
8165,13.6021,29.103
8166,13.603883,29.103
8167,13.605433,29.109
8168,13.6071,29.103
8169,13.608767,29.103
8170,13.610433,29.101
8171,13.6121,29.106
8172,13.613767,29.102
8173,13.61545,29.102
8174,13.6171,29.103
8175,13.618767,29.107
8176,13.620433,29.107
8177,13.6221,29.113
8178,13.623767,29.112
8179,13.625433,29.107
8180,13.6271,29.107
8181,13.628767,29.103
8182,13.630433,29.102
8183,13.6321,29.107
8184,13.633767,29.107
8185,13.635433,29.11
8186,13.6371,29.109
8187,13.638767,29.105
8188,13.640433,29.105
8189,13.6421,29.102
8190,13.643767,29.101
8191,13.645433,29.107
8192,13.6471,29.107
8193,13.648767,29.108
8194,13.650433,29.107
8195,13.6521,29.107
8196,13.653767,29.106
8197,13.655433,29.108
8198,13.6571,29.116
8199,13.658767,29.116
8200,13.660417,29.12
8201,13.662083,29.129
8202,13.66375,29.129
8203,13.665417,29.129
8204,13.6671,29.127
8205,13.668783,29.125
8206,13.670417,29.118
8207,13.672083,29.118
8208,13.67375,29.113
8209,13.675417,29.115
8210,13.677083,29.115
8211,13.67875,29.123
8212,13.680433,29.129
8213,13.682083,29.136
8214,13.68375,29.136
8215,13.685417,29.132
8216,13.687083,29.128
8217,13.68875,29.127
8218,13.690417,29.127
8219,13.692083,29.131
8220,13.69375,29.137
8221,13.695417,29.138
8222,13.697083,29.138
8223,13.69875,29.142
8224,13.700417,29.142
8225,13.702083,29.141
8226,13.70375,29.141
8227,13.705467,29.143
8228,13.707083,29.14
8229,13.70875,29.14
8230,13.710417,29.131
8231,13.712067,29.127
8232,13.713733,29.127
8233,13.7154,29.127
8234,13.717067,29.124
8235,13.718733,29.128
8236,13.720383,29.13
8237,13.722167,29.13
8238,13.723717,29.13
8239,13.725383,29.129
8240,13.72705,29.126
8241,13.728717,29.126
8242,13.730383,29.124
8243,13.73205,29.116
8244,13.733717,29.116
8245,13.735383,29.111
8246,13.73705,29.109
8247,13.738833,29.109
8248,13.740383,29.109
8249,13.74205,29.109
8250,13.743717,29.115
8251,13.745383,29.115
8252,13.74705,29.115
8253,13.748717,29.11
8254,13.750383,29.113
8255,13.75205,29.106
8256,13.753717,29.106
8257,13.755417,29.109
8258,13.75705,29.114
8259,13.7588,29.12
8260,13.760383,29.12
8261,13.76205,29.134
8262,13.763717,29.137
8263,13.765383,29.137
8264,13.76705,29.141
8265,13.768717,29.134
8266,13.770383,29.121
8267,13.77205,29.121
8268,13.773717,29.113
8269,13.775383,29.105
8270,13.77705,29.102
8271,13.778717,29.102
8272,13.780367,29.102
8273,13.782033,29.104
8274,13.7837,29.102
8275,13.785367,29.102
8276,13.787033,29.108
8277,13.7887,29.114
8278,13.790367,29.114
8279,13.792033,29.116
8280,13.7937,29.116
8281,13.795367,29.117
8282,13.797033,29.117
8283,13.7987,29.115
8284,13.800367,29.117
8285,13.802033,29.118
8286,13.8037,29.118
8287,13.805367,29.114
8288,13.807033,29.11
8289,13.8087,29.107
8290,13.810367,29.107
8291,13.812033,29.115
8292,13.8137,29.12
8293,13.815367,29.12
8294,13.817033,29.123
8295,13.8187,29.132
8296,13.820367,29.132
8297,13.822033,29.132
8298,13.823717,29.133
8299,13.825367,29.136
8300,13.82705,29.137
8301,13.82875,29.137
8302,13.830367,29.135
8303,13.832033,29.136
8304,13.8337,29.138
8305,13.835367,29.138
8306,13.837033,29.134
8307,13.8387,29.135
8308,13.840417,29.134
8309,13.842017,29.134
8310,13.843683,29.134
8311,13.84535,29.138
8312,13.847017,29.138
8313,13.848683,29.137
8314,13.85035,29.132
8315,13.852017,29.134
8316,13.853683,29.134
8317,13.85535,29.131
8318,13.857133,29.132
8319,13.858683,29.146
8320,13.86035,29.146
8321,13.862017,29.144
8322,13.863683,29.145
8323,13.86535,29.148
8324,13.867017,29.148
8325,13.868683,29.141
8326,13.87035,29.139
8327,13.872017,29.139
8328,13.873683,29.144
8329,13.87535,29.149
8330,13.877017,29.15
8331,13.878683,29.15
8332,13.88035,29.153
8333,13.882017,29.15
8334,13.883683,29.147
8335,13.88535,29.147
8336,13.887017,29.155
8337,13.888683,29.159
8338,13.89035,29.158
8339,13.892017,29.158
8340,13.893683,29.153
8341,13.89535,29.147
8342,13.897017,29.143
8343,13.898667,29.143
8344,13.900367,29.147
8345,13.90205,29.154
8346,13.903717,29.154
8347,13.905333,29.158
8348,13.907,29.162
8349,13.908667,29.157
8350,13.910333,29.157
8351,13.912,29.146
8352,13.913667,29.137
8353,13.915333,29.137
8354,13.917,29.137
8355,13.918667,29.137
8356,13.920333,29.14
8357,13.922,29.146
8358,13.923683,29.146
8359,13.92535,29.143
8360,13.927,29.144
8361,13.928667,29.144
8362,13.930333,29.143
8363,13.932,29.139
8364,13.933667,29.14
8365,13.935333,29.14
8366,13.937,29.14
8367,13.938667,29.147
8368,13.940333,29.145
8369,13.942033,29.145
8370,13.943667,29.138
8371,13.945333,29.138
8372,13.947,29.13
8373,13.948667,29.13
8374,13.950333,29.124
8375,13.952,29.126
8376,13.953667,29.126
8377,13.955333,29.129
8378,13.957,29.137
8379,13.958683,29.145
8380,13.960317,29.145
8381,13.961983,29.147
8382,13.96365,29.141
8383,13.965317,29.14
8384,13.966983,29.14
8385,13.96865,29.135
8386,13.970317,29.134
8387,13.971983,29.14
8388,13.97365,29.14
8389,13.975433,29.141
8390,13.976983,29.149
8391,13.978683,29.154
8392,13.980417,29.154
8393,13.981983,29.151
8394,13.98365,29.146
8395,13.985317,29.146
8396,13.986983,29.144
8397,13.98865,29.142
8398,13.990317,29.142
8399,13.991983,29.142
8400,13.99365,29.145
8401,13.995317,29.15
8402,13.996983,29.148
8403,13.99865,29.148
8404,14.000317,29.146
8405,14.001983,29.147
8406,14.003633,29.14
8407,14.0053,29.14
8408,14.006967,29.138
8409,14.008633,29.138
8410,14.0103,29.138
8411,14.011967,29.133
8412,14.013633,29.134
8413,14.0153,29.129
8414,14.016967,29.129
8415,14.018633,29.126
8416,14.0203,29.119
8417,14.02195,29.116
8418,14.023617,29.116
8419,14.025283,29.119
8420,14.02695,29.12
8421,14.028617,29.126
8422,14.030283,29.126
8423,14.03195,29.122
8424,14.033617,29.117
8425,14.035283,29.113
8426,14.03695,29.113
8427,14.038617,29.11
8428,14.040283,29.11
8429,14.04195,29.11
8430,14.043633,29.118
8431,14.045283,29.118
8432,14.046967,29.116
8433,14.04865,29.116
8434,14.050283,29.118
8435,14.05195,29.117
8436,14.053617,29.122
8437,14.055283,29.122
8438,14.05695,29.128
8439,14.058617,29.128
8440,14.060283,29.124
8441,14.06195,29.124
8442,14.063617,29.116
8443,14.065283,29.114
8444,14.06695,29.114
8445,14.068617,29.117
8446,14.070283,29.126
8447,14.07195,29.137
8448,14.073617,29.137
8449,14.075283,29.139
8450,14.07695,29.142
8451,14.078617,29.139
8452,14.080283,29.139
8453,14.081933,29.14
8454,14.0836,29.147
8455,14.085267,29.144
8456,14.086933,29.144
8457,14.0886,29.14
8458,14.090267,29.135
8459,14.091933,29.13
8460,14.093717,29.13
8461,14.095267,29.131
8462,14.096933,29.139
8463,14.098617,29.139
8464,14.100267,29.141
8465,14.101933,29.142
8466,14.1036,29.142
8467,14.105267,29.142
8468,14.106933,29.134
8469,14.1086,29.133
8470,14.110267,29.129
8471,14.111933,29.129
8472,14.1136,29.126
8473,14.115267,29.13
8474,14.116933,29.125
8475,14.1186,29.125
8476,14.120267,29.122
8477,14.12195,29.127
8478,14.1236,29.127
8479,14.125267,29.131
8480,14.126933,29.138
8481,14.1286,29.146
8482,14.130267,29.146
8483,14.131933,29.15
8484,14.1336,29.149
8485,14.1353,29.155
8486,14.136933,29.155
8487,14.1386,29.152
8488,14.14025,29.149
8489,14.141917,29.143
8490,14.143583,29.143
8491,14.14525,29.135
8492,14.146917,29.138
8493,14.148583,29.138
8494,14.15025,29.14
8495,14.151917,29.143
8496,14.153583,29.138
8497,14.15525,29.138
8498,14.156917,29.128
8499,14.158583,29.126
8500,14.16025,29.128
8501,14.161917,29.128
8502,14.163583,29.131
8503,14.16525,29.135
8504,14.166917,29.134
8505,14.168583,29.134
8506,14.17025,29.129
8507,14.171917,29.13
8508,14.173583,29.132
8509,14.17525,29.132
8510,14.176917,29.134
8511,14.17865,29.142
8512,14.18025,29.142
8513,14.181917,29.144
8514,14.183583,29.15
8515,14.18525,29.156
8516,14.186917,29.156
8517,14.188583,29.155
8518,14.19025,29.154
8519,14.19195,29.141
8520,14.193583,29.141
8521,14.19525,29.134
8522,14.196917,29.131
8523,14.198583,29.132
8524,14.200233,29.132
8525,14.2019,29.137
8526,14.203567,29.14
8527,14.205233,29.14
8528,14.2069,29.141
8529,14.208567,29.14
8530,14.210233,29.141
8531,14.212017,29.141
8532,14.213567,29.147
8533,14.215233,29.154
8534,14.2169,29.153
8535,14.218567,29.153
8536,14.220233,29.156
8537,14.2219,29.15
8538,14.223567,29.148
8539,14.22525,29.148
8540,14.2269,29.155
8541,14.228567,29.158
8542,14.230233,29.159
8543,14.2319,29.159
8544,14.233567,29.158
8545,14.235233,29.152
8546,14.2369,29.152
8547,14.238567,29.148
8548,14.240233,29.147
8549,14.2419,29.145
8550,14.243567,29.145
8551,14.245233,29.148
8552,14.2469,29.146
8553,14.248567,29.149
8554,14.250233,29.149
8555,14.2519,29.154
8556,14.253567,29.152
8557,14.255233,29.152
8558,14.2569,29.152
8559,14.258567,29.155
8560,14.260217,29.147
8561,14.261883,29.147
8562,14.26355,29.141
8563,14.265217,29.141
8564,14.266883,29.137
8565,14.268583,29.137
8566,14.270217,29.138
8567,14.271883,29.147
8568,14.27355,29.15
8569,14.275217,29.15
8570,14.276883,29.153
8571,14.27855,29.157
8572,14.280217,29.157
8573,14.281883,29.157
8574,14.28355,29.157
8575,14.285217,29.158
8576,14.286883,29.157
8577,14.28855,29.157
8578,14.290217,29.156
8579,14.291883,29.154
8580,14.29355,29.154
8581,14.2952,29.156
8582,14.296917,29.159
8583,14.298533,29.155
8584,14.3002,29.155
8585,14.301867,29.151
8586,14.303533,29.145
8587,14.3052,29.145
8588,14.3069,29.145
8589,14.308533,29.145
8590,14.3102,29.147
8591,14.311867,29.147
8592,14.313533,29.147
8593,14.3152,29.143
8594,14.316867,29.144
8595,14.318533,29.144
8596,14.3202,29.15
8597,14.32185,29.155
8598,14.323517,29.154
8599,14.325183,29.154
8600,14.32685,29.158
8601,14.328517,29.154
8602,14.330183,29.15
8603,14.33185,29.15
8604,14.333517,29.152
8605,14.335183,29.147
8606,14.33685,29.155
8607,14.338517,29.155
8608,14.340183,29.162
8609,14.3419,29.167
8610,14.343517,29.167
8611,14.345183,29.174
8612,14.34685,29.17
8613,14.348517,29.174
8614,14.350183,29.174
8615,14.35185,29.173
8616,14.353517,29.172
8617,14.355183,29.168
8618,14.35685,29.168
8619,14.358517,29.154
8620,14.360183,29.15
8621,14.36185,29.142
8622,14.363517,29.142
8623,14.365183,29.14
8624,14.36685,29.138
8625,14.368517,29.138
8626,14.370183,29.138
8627,14.37185,29.139
8628,14.373517,29.143
8629,14.375183,29.143
8630,14.37685,29.15
8631,14.378517,29.154
8632,14.380167,29.156
8633,14.381833,29.156
8634,14.3835,29.149
8635,14.385167,29.145
8636,14.386833,29.138
8637,14.3885,29.138
8638,14.390167,29.144
8639,14.391833,29.144
8640,14.393533,29.15
8641,14.395167,29.15
8642,14.396833,29.158
8643,14.3985,29.155
8644,14.400167,29.155
8645,14.401833,29.165
8646,14.4035,29.165
8647,14.405167,29.159
8648,14.40685,29.159
8649,14.408533,29.154
8650,14.410167,29.145
8651,14.411833,29.141
8652,14.4135,29.141
8653,14.415183,29.143
8654,14.416833,29.153
8655,14.4185,29.152
8656,14.420167,29.152
8657,14.421833,29.153
8658,14.4235,29.158
8659,14.425167,29.154
8660,14.426833,29.154
8661,14.4285,29.155
8662,14.430167,29.148
8663,14.431917,29.148
8664,14.4335,29.14
8665,14.435167,29.135
8666,14.436833,29.141
8667,14.4385,29.141
8668,14.44015,29.141
8669,14.441817,29.139
8670,14.443483,29.132
8671,14.44515,29.132
8672,14.446817,29.126
8673,14.448617,29.127
8674,14.45015,29.131
8675,14.451817,29.131
8676,14.453483,29.135
8677,14.45515,29.134
8678,14.456817,29.134
8679,14.458483,29.133
8680,14.46015,29.132
8681,14.461817,29.133
8682,14.463483,29.133
8683,14.46515,29.139
8684,14.466817,29.138
8685,14.468483,29.139
8686,14.47015,29.139
8687,14.471817,29.144
8688,14.473483,29.14
8689,14.47515,29.141
8690,14.476817,29.141
8691,14.478483,29.136
8692,14.48015,29.13
8693,14.481867,29.127
8694,14.483483,29.127
8695,14.485183,29.129
8696,14.486817,29.137
8697,14.488483,29.137
8698,14.49015,29.143
8699,14.491817,29.151
8700,14.493483,29.155
8701,14.49515,29.155
8702,14.496817,29.154
8703,14.498483,29.157
8704,14.500133,29.152
8705,14.501817,29.152
8706,14.503467,29.146
8707,14.505133,29.145
8708,14.5068,29.143
8709,14.508467,29.143
8710,14.510133,29.145
8711,14.5118,29.15
8712,14.513467,29.15
8713,14.515133,29.154
8714,14.5168,29.155
8715,14.518467,29.155
8716,14.520133,29.155
8717,14.5218,29.157
8718,14.523467,29.157
8719,14.525133,29.151
8720,14.5268,29.151
8721,14.528467,29.145
8722,14.530133,29.134
8723,14.5318,29.135
8724,14.533517,29.135
8725,14.535133,29.137
8726,14.5368,29.137
8727,14.538467,29.143
8728,14.540133,29.143
8729,14.5418,29.138
8730,14.543467,29.136
8731,14.545133,29.136
8732,14.5468,29.142
8733,14.548467,29.142
8734,14.550183,29.142
8735,14.5518,29.142
8736,14.553467,29.143
8737,14.555183,29.145
8738,14.556833,29.144
8739,14.558467,29.144
8740,14.560117,29.142
8741,14.561783,29.139
8742,14.56345,29.138
8743,14.565117,29.138
8744,14.566883,29.143
8745,14.56845,29.147
8746,14.570117,29.147
8747,14.571783,29.148
8748,14.57345,29.151
8749,14.575117,29.147
8750,14.576783,29.147
8751,14.57845,29.151
8752,14.580117,29.153
8753,14.581783,29.15
8754,14.583567,29.15
8755,14.585117,29.155
8756,14.586767,29.16
8757,14.588433,29.169
8758,14.5901,29.169
8759,14.591767,29.174
8760,14.593433,29.176
8761,14.5951,29.176
8762,14.596767,29.175
8763,14.598433,29.165
8764,14.6001,29.159
8765,14.601767,29.159
8766,14.603433,29.157
8767,14.6051,29.149
8768,14.606767,29.148
8769,14.608433,29.148
8770,14.6101,29.146
8771,14.611767,29.142
8772,14.613433,29.141
8773,14.6151,29.141
8774,14.616767,29.142
8775,14.618433,29.15
8776,14.620083,29.158
8777,14.62175,29.158
8778,14.623467,29.169
8779,14.625083,29.18
8780,14.62675,29.18
8781,14.628417,29.181
8782,14.630083,29.179
8783,14.63175,29.172
8784,14.633417,29.172
8785,14.635083,29.167
8786,14.63675,29.169
8787,14.63845,29.172
8788,14.640083,29.172
8789,14.64175,29.174
8790,14.643417,29.171
8791,14.645083,29.176
8792,14.64675,29.176
8793,14.648417,29.169
8794,14.650083,29.171
8795,14.65175,29.171
8796,14.653417,29.173
8797,14.655083,29.16
8798,14.65675,29.158
8799,14.658417,29.158
8800,14.660083,29.151
8801,14.66175,29.146
8802,14.663417,29.144
8803,14.665083,29.144
8804,14.66675,29.144
8805,14.6685,29.145
8806,14.670083,29.147
8807,14.67175,29.147
8808,14.673417,29.147
8809,14.675083,29.146
8810,14.67675,29.145
8811,14.6784,29.145
8812,14.680067,29.142
8813,14.681733,29.146
8814,14.6834,29.146
8815,14.685133,29.143
8816,14.686733,29.141
8817,14.6884,29.14
8818,14.690067,29.14
8819,14.691733,29.138
8820,14.6934,29.144
8821,14.695067,29.15
8822,14.696733,29.15
8823,14.6984,29.154
8824,14.7001,29.159
8825,14.70185,29.161
8826,14.7034,29.161
8827,14.705067,29.164
8828,14.706733,29.171
8829,14.7084,29.171
8830,14.710067,29.171
8831,14.711733,29.174
8832,14.7134,29.174
8833,14.715067,29.174
8834,14.716733,29.168
8835,14.7184,29.163
8836,14.720067,29.154
8837,14.721733,29.154
8838,14.7234,29.152
8839,14.725067,29.151
8840,14.726733,29.155
8841,14.728433,29.155
8842,14.730083,29.163
8843,14.731733,29.162
8844,14.7334,29.162
8845,14.735067,29.166
8846,14.736733,29.169
8847,14.7384,29.169
8848,14.74005,29.169
8849,14.741717,29.168
8850,14.743383,29.168
8851,14.74505,29.166
8852,14.746717,29.166
8853,14.748383,29.168
8854,14.75005,29.174
8855,14.751717,29.175
8856,14.753383,29.175
8857,14.75505,29.175
8858,14.756717,29.175
8859,14.758383,29.172
8860,14.76005,29.172
8861,14.761717,29.171
8862,14.7634,29.172
8863,14.76505,29.172
8864,14.766717,29.169
8865,14.768383,29.174
8866,14.77005,29.176
8867,14.771717,29.176
8868,14.773383,29.178
8869,14.77505,29.18
8870,14.776717,29.176
8871,14.778383,29.176
8872,14.78005,29.169
8873,14.781717,29.166
8874,14.783383,29.16
8875,14.78505,29.16
8876,14.786733,29.156
8877,14.788383,29.158
8878,14.79005,29.158
8879,14.791717,29.156
8880,14.793383,29.158
8881,14.79505,29.155
8882,14.796717,29.155
8883,14.798383,29.158
8884,14.800033,29.152
8885,14.8017,29.15
8886,14.803433,29.15
8887,14.805033,29.152
8888,14.8067,29.153
8889,14.808367,29.158
8890,14.810033,29.158
8891,14.8117,29.164
8892,14.813367,29.162
8893,14.815067,29.162
8894,14.8167,29.162
8895,14.818367,29.166
8896,14.82015,29.16
8897,14.8217,29.16
8898,14.823367,29.169
8899,14.825033,29.168
8900,14.8267,29.169
8901,14.828367,29.169
8902,14.830033,29.171
8903,14.8317,29.164
8904,14.833367,29.164
8905,14.835033,29.164
8906,14.8367,29.157
8907,14.838367,29.155
8908,14.840033,29.152
8909,14.841717,29.152
8910,14.843367,29.147
8911,14.845033,29.151
8912,14.8467,29.151
8913,14.848367,29.155
8914,14.850033,29.153
8915,14.8517,29.159
8916,14.853367,29.159
8917,14.855033,29.157
8918,14.8567,29.155
8919,14.858367,29.155
8920,14.860017,29.155
8921,14.861683,29.146
8922,14.86335,29.137
8923,14.865017,29.135
8924,14.866683,29.135
8925,14.86835,29.137
8926,14.870017,29.142
8927,14.871683,29.149
8928,14.87335,29.149
8929,14.875017,29.146
8930,14.876667,29.151
8931,14.878333,29.151
8932,14.88,29.154
8933,14.881667,29.157
8934,14.883333,29.165
8935,14.885,29.165
8936,14.886667,29.163
8937,14.888333,29.166
8938,14.89,29.168
8939,14.8917,29.168
8940,14.893333,29.172
8941,14.895,29.174
8942,14.896667,29.172
8943,14.898333,29.172
8944,14.9,29.178
8945,14.901667,29.178
8946,14.903333,29.178
8947,14.905017,29.179
8948,14.906667,29.174
8949,14.908333,29.165
8950,14.91,29.165
8951,14.911667,29.163
8952,14.91335,29.158
8953,14.915,29.162
8954,14.916667,29.162
8955,14.918333,29.157
8956,14.919983,29.151
8957,14.921683,29.147
8958,14.923317,29.147
8959,14.924983,29.142
8960,14.92665,29.147
8961,14.928317,29.147
8962,14.929983,29.145
8963,14.93165,29.15
8964,14.933317,29.15
8965,14.934983,29.15
8966,14.93665,29.148
8967,14.938333,29.155
8968,14.939983,29.157
8969,14.94165,29.157
8970,14.943317,29.157
8971,14.944983,29.155
8972,14.94665,29.156
8973,14.948317,29.156
8974,14.949983,29.155
8975,14.95165,29.163
8976,14.953317,29.171
8977,14.954983,29.171
8978,14.95665,29.171
8979,14.958317,29.172
8980,14.959983,29.172
8981,14.96165,29.169
8982,14.963317,29.166
8983,14.964983,29.167
8984,14.96665,29.167
8985,14.968317,29.167
8986,14.969983,29.166
8987,14.97165,29.166
8988,14.973317,29.166
8989,14.974983,29.17
8990,14.97665,29.163
8991,14.978317,29.164
8992,14.98,29.164
8993,14.981633,29.157
8994,14.9833,29.154
8995,14.984967,29.154
8996,14.986633,29.162
8997,14.988317,29.161
8998,14.990017,29.165
8999,14.991633,29.165
9000,14.9933,29.161
9001,14.994967,29.155
9002,14.996633,29.151
9003,14.9983,29.151
9004,14.999967,29.15
9005,15.001633,29.147
9006,15.0033,29.144
9007,15.004967,29.144
9008,15.006633,29.145
9009,15.0083,29.145
9010,15.009967,29.15
9011,15.011633,29.15
9012,15.0133,29.153
9013,15.014967,29.158
9014,15.016633,29.158
9015,15.0183,29.159
9016,15.019967,29.16
9017,15.021633,29.168
9018,15.023367,29.168
9019,15.024967,29.164
9020,15.026633,29.165
9021,15.0283,29.164
9022,15.029967,29.164
9023,15.031633,29.157
9024,15.0333,29.156
9025,15.034967,29.157
9026,15.036633,29.157
9027,15.0383,29.16
9028,15.03995,29.164
9029,15.041617,29.164
9030,15.043283,29.17
9031,15.04495,29.171
9032,15.046617,29.163
9033,15.048283,29.163
9034,15.04995,29.166
9035,15.051617,29.167
9036,15.053283,29.167
9037,15.05495,29.167
9038,15.056717,29.171
9039,15.058283,29.168
9040,15.05995,29.167
9041,15.061617,29.167
9042,15.063283,29.165
9043,15.064967,29.166
9044,15.066633,29.166
9045,15.068283,29.166
9046,15.06995,29.167
9047,15.071617,29.17
9048,15.073283,29.17
9049,15.07495,29.173
9050,15.076617,29.171
9051,15.078283,29.176
9052,15.07995,29.176
9053,15.081617,29.172
9054,15.083283,29.164
9055,15.08495,29.169
9056,15.086617,29.169
9057,15.088283,29.165
9058,15.08995,29.169
9059,15.091617,29.183
9060,15.093283,29.183
9061,15.09495,29.185
9062,15.096617,29.184
9063,15.098283,29.184
9064,15.09995,29.182
9065,15.1016,29.172
9066,15.103267,29.168
9067,15.104933,29.168
9068,15.1066,29.173
9069,15.108267,29.169
9070,15.109933,29.169
9071,15.1116,29.169
9072,15.113267,29.165
9073,15.114933,29.156
9074,15.1166,29.159
9075,15.118267,29.159
9076,15.119933,29.167
9077,15.1216,29.173
9078,15.123267,29.177
9079,15.124933,29.177
9080,15.1266,29.177
9081,15.128267,29.171
9082,15.129983,29.171
9083,15.131633,29.165
9084,15.133283,29.161
9085,15.134933,29.16
9086,15.1366,29.16
9087,15.138267,29.16
9088,15.139933,29.165
9089,15.141667,29.172
9090,15.143267,29.172
9091,15.144933,29.177
9092,15.1466,29.172
9093,15.148267,29.169
9094,15.149933,29.169
9095,15.1516,29.158
9096,15.153267,29.148
9097,15.154933,29.148
9098,15.1566,29.146
9099,15.15825,29.141
9100,15.159917,29.147
9101,15.161583,29.147
9102,15.16325,29.148
9103,15.164917,29.149
9104,15.166583,29.153
9105,15.168233,29.153
9106,15.1699,29.148
9107,15.171567,29.152
9108,15.173233,29.161
9109,15.175,29.161
9110,15.176567,29.166
9111,15.178233,29.172
9112,15.1799,29.172
9113,15.181567,29.167
9114,15.183233,29.161
9115,15.1849,29.158
9116,15.186567,29.158
9117,15.188233,29.159
9118,15.1899,29.166
9119,15.191567,29.166
9120,15.193233,29.166
9121,15.1949,29.162
9122,15.196567,29.155
9123,15.198233,29.148
9124,15.1999,29.148
9125,15.201567,29.145
9126,15.203233,29.144
9127,15.2049,29.15
9128,15.206567,29.15
9129,15.20825,29.15
9130,15.209917,29.15
9131,15.211567,29.15
9132,15.213233,29.155
9133,15.2149,29.149
9134,15.216567,29.147
9135,15.218233,29.147
9136,15.219883,29.144
9137,15.22155,29.142
9138,15.223217,29.142
9139,15.224883,29.142
9140,15.22655,29.145
9141,15.228217,29.146
9142,15.229883,29.145
9143,15.23155,29.145
9144,15.233217,29.146
9145,15.234883,29.144
9146,15.23655,29.144
9147,15.238217,29.143
9148,15.239883,29.14
9149,15.24155,29.139
9150,15.243217,29.139
9151,15.244883,29.14
9152,15.24655,29.146
9153,15.248217,29.148
9154,15.249883,29.148
9155,15.25155,29.15
9156,15.253217,29.153
9157,15.254883,29.146
9158,15.25655,29.146
9159,15.258217,29.145
9160,15.259933,29.147
9161,15.26155,29.142
9162,15.263217,29.142
9163,15.264883,29.144
9164,15.26655,29.147
9165,15.268217,29.147
9166,15.269883,29.151
9167,15.27155,29.159
9168,15.273217,29.167
9169,15.274883,29.167
9170,15.27655,29.161
9171,15.278233,29.159
9172,15.2799,29.155
9173,15.281533,29.155
9174,15.2832,29.147
9175,15.284867,29.145
9176,15.286533,29.141
9177,15.2882,29.141
9178,15.289867,29.144
9179,15.291533,29.149
9180,15.293317,29.154
9181,15.294867,29.154
9182,15.296533,29.154
9183,15.2982,29.151
9184,15.299867,29.151
9185,15.301533,29.148
9186,15.3032,29.146
9187,15.304867,29.144
9188,15.306533,29.144
9189,15.308217,29.148
9190,15.309867,29.152
9191,15.311533,29.156
9192,15.3132,29.156
9193,15.314867,29.153
9194,15.316533,29.148
9195,15.3182,29.143
9196,15.319867,29.143
9197,15.321533,29.143
9198,15.3232,29.146
9199,15.324867,29.146
9200,15.326533,29.151
9201,15.3282,29.159
9202,15.329867,29.164
9203,15.331533,29.164
9204,15.3332,29.164
9205,15.334867,29.164
9206,15.336533,29.157
9207,15.3382,29.157
9208,15.33985,29.15
9209,15.341517,29.157
9210,15.343183,29.162
9211,15.34485,29.162
9212,15.346517,29.167
9213,15.348183,29.168
9214,15.34985,29.168
9215,15.351583,29.162
9216,15.353183,29.16
9217,15.35485,29.16
9218,15.356517,29.16
9219,15.358183,29.164
9220,15.35985,29.163
9221,15.361517,29.159
9222,15.363183,29.159
9223,15.36485,29.152
9224,15.366517,29.148
9225,15.368183,29.15
9226,15.36985,29.15
9227,15.371517,29.145
9228,15.373183,29.146
9229,15.37485,29.146
9230,15.376517,29.144
9231,15.378183,29.142
9232,15.37985,29.141
9233,15.381517,29.141
9234,15.383183,29.139
9235,15.38485,29.137
9236,15.386517,29.135
9237,15.388183,29.135
9238,15.38985,29.142
9239,15.391517,29.142
9240,15.393183,29.142
9241,15.3949,29.142
9242,15.396517,29.144
9243,15.398183,29.14
9244,15.399833,29.144
9245,15.4015,29.144
9246,15.403167,29.145
9247,15.404833,29.147
9248,15.4065,29.147
9249,15.408167,29.147
9250,15.409833,29.145
9251,15.411583,29.146
9252,15.413167,29.146
9253,15.414833,29.145
9254,15.4165,29.144
9255,15.418167,29.145
9256,15.419833,29.145
9257,15.4215,29.145
9258,15.423167,29.147
9259,15.42485,29.15
9260,15.42655,29.15
9261,15.428283,29.147
9262,15.429833,29.151
9263,15.4315,29.151
9264,15.433167,29.148
9265,15.434833,29.145
9266,15.4365,29.151
9267,15.438167,29.151
9268,15.439833,29.145
9269,15.4415,29.148
9270,15.443167,29.154
9271,15.444833,29.154
9272,15.4465,29.154
9273,15.448167,29.159
9274,15.449833,29.16
9275,15.4515,29.16
9276,15.453167,29.163
9277,15.454833,29.162
9278,15.4565,29.163
9279,15.45815,29.163
9280,15.4598,29.167
9281,15.461467,29.159
9282,15.463133,29.159
9283,15.4648,29.157
9284,15.466467,29.153
9285,15.468133,29.148
9286,15.4698,29.148
9287,15.471467,29.152
9288,15.473133,29.152
9289,15.4748,29.151
9290,15.476467,29.151
9291,15.478133,29.15
9292,15.4798,29.145
9293,15.481467,29.142
9294,15.48315,29.142
9295,15.4848,29.142
9296,15.486467,29.143
9297,15.488133,29.143
9298,15.4898,29.141
9299,15.491467,29.144
9300,15.493133,29.142
9301,15.494833,29.142
9302,15.496517,29.141
9303,15.498133,29.141
9304,15.4998,29.141
9305,15.501467,29.141
9306,15.503133,29.141
9307,15.5048,29.141
9308,15.506467,29.141
9309,15.508133,29.141
9310,15.5098,29.14
9311,15.511467,29.136
9312,15.513217,29.139
9313,15.5148,29.139
9314,15.516467,29.142
9315,15.518133,29.145
9316,15.519783,29.145
9317,15.52145,29.149
9318,15.523117,29.146
9319,15.524783,29.142
9320,15.52645,29.142
9321,15.528117,29.143
9322,15.52985,29.14
9323,15.53145,29.139
9324,15.533117,29.139
9325,15.534783,29.141
9326,15.53645,29.138
9327,15.538117,29.14
9328,15.539783,29.14
9329,15.54145,29.141
9330,15.543117,29.14
9331,15.544783,29.14
9332,15.54655,29.142
9333,15.548117,29.147
9334,15.549783,29.144
9335,15.55145,29.144
9336,15.553117,29.146
9337,15.554783,29.146
9338,15.55645,29.143
9339,15.558117,29.143
9340,15.559783,29.145
9341,15.56145,29.144
9342,15.563117,29.151
9343,15.564783,29.151
9344,15.56645,29.154
9345,15.568117,29.163
9346,15.569783,29.163
9347,15.57145,29.162
9348,15.57315,29.154
9349,15.574783,29.152
9350,15.576483,29.152
9351,15.578117,29.146
9352,15.579767,29.151
9353,15.581433,29.158
9354,15.5831,29.158
9355,15.584767,29.16
9356,15.586433,29.16
9357,15.5881,29.156
9358,15.589767,29.156
9359,15.591433,29.15
9360,15.5931,29.148
9361,15.594767,29.147
9362,15.596433,29.147
9363,15.5981,29.147
9364,15.599767,29.147
9365,15.601433,29.147
9366,15.6031,29.143
9367,15.604767,29.142
9368,15.606433,29.143
9369,15.6081,29.143
9370,15.609767,29.149
9371,15.611433,29.15
9372,15.6131,29.15
9373,15.614767,29.15
9374,15.616433,29.155
9375,15.6181,29.151
9376,15.619767,29.151
9377,15.621433,29.151
9378,15.6231,29.159
9379,15.624767,29.157
9380,15.626433,29.157
9381,15.6281,29.156
9382,15.629767,29.161
9383,15.631483,29.157
9384,15.6331,29.157
9385,15.634767,29.153
9386,15.636433,29.154
9387,15.6381,29.15
9388,15.63975,29.15
9389,15.641417,29.148
9390,15.643083,29.148
9391,15.64475,29.15
9392,15.646467,29.15
9393,15.648183,29.148
9394,15.64975,29.151
9395,15.651417,29.152
9396,15.653083,29.152
9397,15.65475,29.154
9398,15.656417,29.161
9399,15.658083,29.161
9400,15.65975,29.162
9401,15.661417,29.166
9402,15.663083,29.167
9403,15.664867,29.167
9404,15.666417,29.163
9405,15.668083,29.164
9406,15.66975,29.162
9407,15.671417,29.162
9408,15.673083,29.168
9409,15.67475,29.174
9410,15.676417,29.169
9411,15.678083,29.169
9412,15.67975,29.166
9413,15.681417,29.162
9414,15.683083,29.162
9415,15.68475,29.155
9416,15.686417,29.161
9417,15.688083,29.169
9418,15.68975,29.169
9419,15.691417,29.165
9420,15.693083,29.169
9421,15.69475,29.17
9422,15.696417,29.17
9423,15.698083,29.168
9424,15.699733,29.171
9425,15.7014,29.166
9426,15.703067,29.166
9427,15.704733,29.158
9428,15.7064,29.153
9429,15.708067,29.148
9430,15.709733,29.148
9431,15.711417,29.147
9432,15.713067,29.148
9433,15.714733,29.148
9434,15.7164,29.146
9435,15.7181,29.151
9436,15.719733,29.149
9437,15.7214,29.149
9438,15.723067,29.146
9439,15.724733,29.142
9440,15.7264,29.128
9441,15.728083,29.128
9442,15.729733,29.124
9443,15.7314,29.124
9444,15.733067,29.129
9445,15.734733,29.129
9446,15.7364,29.131
9447,15.738067,29.126
9448,15.739733,29.126
9449,15.7414,29.12
9450,15.743067,29.121
9451,15.744733,29.131
9452,15.7464,29.131
9453,15.748067,29.144
9454,15.749733,29.154
9455,15.751383,29.153
9456,15.75305,29.153
9457,15.754717,29.147
9458,15.756383,29.146
9459,15.75805,29.148
9460,15.7597,29.148
9461,15.761367,29.155
9462,15.763033,29.157
9463,15.7647,29.157
9464,15.766367,29.155
9465,15.768033,29.15
9466,15.7697,29.142
9467,15.771367,29.142
9468,15.773033,29.145
9469,15.7747,29.149
9470,15.776367,29.149
9471,15.778033,29.149
9472,15.7797,29.152
9473,15.781367,29.151
9474,15.783133,29.157
9475,15.7847,29.157
9476,15.786367,29.164
9477,15.788033,29.166
9478,15.7897,29.171
9479,15.791367,29.171
9480,15.793033,29.164
9481,15.7947,29.154
9482,15.796367,29.154
9483,15.798083,29.154
9484,15.7997,29.15
9485,15.801367,29.156
9486,15.803033,29.156
9487,15.8047,29.158
9488,15.806367,29.154
9489,15.808033,29.152
9490,15.8097,29.152
9491,15.811367,29.145
9492,15.813033,29.149
9493,15.8147,29.154
9494,15.816367,29.154
9495,15.818083,29.154
9496,15.819683,29.155
9497,15.82135,29.155
9498,15.823017,29.151
9499,15.824683,29.146
9500,15.82635,29.146
9501,15.828017,29.146
9502,15.829683,29.144
9503,15.83135,29.152
9504,15.833017,29.157
9505,15.834683,29.157
9506,15.83635,29.162
9507,15.838017,29.168
9508,15.839683,29.164
9509,15.84135,29.164
9510,15.843017,29.162
9511,15.844683,29.163
9512,15.84635,29.163
9513,15.848017,29.163
9514,15.849683,29.164
9515,15.85135,29.159
9516,15.853017,29.159
9517,15.854683,29.158
9518,15.85635,29.16
9519,15.858017,29.16
9520,15.859683,29.16
9521,15.86135,29.163
9522,15.863033,29.159
9523,15.864683,29.16
9524,15.86635,29.16
9525,15.868067,29.157
9526,15.869683,29.155
9527,15.87135,29.159
9528,15.873017,29.159
9529,15.874683,29.167
9530,15.87635,29.172
9531,15.878017,29.172
9532,15.879667,29.178
9533,15.881333,29.18
9534,15.883,29.172
9535,15.884667,29.172
9536,15.88635,29.167
9537,15.888,29.162
9538,15.889667,29.159
9539,15.891333,29.159
9540,15.893,29.154
9541,15.894667,29.156
9542,15.896333,29.155
9543,15.898,29.155
9544,15.899667,29.152
9545,15.90135,29.158
9546,15.903,29.159
9547,15.904667,29.159
9548,15.906333,29.159
9549,15.908,29.165
9550,15.909683,29.165
9551,15.911333,29.164
9552,15.913,29.159
9553,15.914667,29.157
9554,15.916333,29.157
9555,15.918,29.152
9556,15.919667,29.145
9557,15.921333,29.149
9558,15.923,29.149
9559,15.924667,29.156
9560,15.926333,29.157
9561,15.928,29.157
9562,15.929667,29.157
9563,15.931333,29.152
9564,15.933,29.144
9565,15.934667,29.144
9566,15.936333,29.142
9567,15.938017,29.141
9568,15.93965,29.146
9569,15.941317,29.146
9570,15.942983,29.156
9571,15.94465,29.161
9572,15.946317,29.17
9573,15.947983,29.17
9574,15.94965,29.17
9575,15.951317,29.168
9576,15.952983,29.172
9577,15.95465,29.172
9578,15.956317,29.177
9579,15.957983,29.181
9580,15.95965,29.181
9581,15.961317,29.184
9582,15.962983,29.188
9583,15.96465,29.184
9584,15.966317,29.184
9585,15.967983,29.181
9586,15.96965,29.175
9587,15.971317,29.162
9588,15.972983,29.162
9589,15.97465,29.154
9590,15.976317,29.152
9591,15.977983,29.151
9592,15.97965,29.151
9593,15.981317,29.153
9594,15.982983,29.157
9595,15.984667,29.16
9596,15.986367,29.16
9597,15.987983,29.165
9598,15.98965,29.169
9599,15.991317,29.169
9600,15.992983,29.17
9601,15.99465,29.171
9602,15.996317,29.17
9603,15.997983,29.17
9604,15.999633,29.171
9605,16.0013,29.167
9606,16.00305,29.165
9607,16.00465,29.165
9608,16.00635,29.166
9609,16.007967,29.161
9610,16.009633,29.165
9611,16.0113,29.165
9612,16.012967,29.165
9613,16.014633,29.165
9614,16.0163,29.165
9615,16.017967,29.171
9616,16.01965,29.17
9617,16.0213,29.169
9618,16.022967,29.169
9619,16.024633,29.17
9620,16.0263,29.164
9621,16.027967,29.163
9622,16.029633,29.163
9623,16.0313,29.163
9624,16.032967,29.158
9625,16.034633,29.159
9626,16.0363,29.159
9627,16.037967,29.162
9628,16.039633,29.171
9629,16.0413,29.178
9630,16.04295,29.178
9631,16.044617,29.183
9632,16.046283,29.185
9633,16.04795,29.185
9634,16.049617,29.181
9635,16.051283,29.18
9636,16.05295,29.179
9637,16.054617,29.179
9638,16.056283,29.181
9639,16.05795,29.183
9640,16.0596,29.185
9641,16.061283,29.185
9642,16.062933,29.189
9643,16.0646,29.184
9644,16.066267,29.179
9645,16.067933,29.179
9646,16.0696,29.175
9647,16.071267,29.18
9648,16.072933,29.18
9649,16.0746,29.181
9650,16.076317,29.183
9651,16.078017,29.184
9652,16.0796,29.184
9653,16.081267,29.184
9654,16.082933,29.186
9655,16.0846,29.184
9656,16.086267,29.184
9657,16.087933,29.183
9658,16.0896,29.174
9659,16.091267,29.18
9660,16.092933,29.18
9661,16.0946,29.178
9662,16.096267,29.181
9663,16.097933,29.187
9664,16.0996,29.187
9665,16.101267,29.182
9666,16.102933,29.182
9667,16.104667,29.182
9668,16.106267,29.175
9669,16.107933,29.17
9670,16.1096,29.169
9671,16.111267,29.169
9672,16.112933,29.168
9673,16.1146,29.163
9674,16.116267,29.162
9675,16.117933,29.162
9676,16.119583,29.159
9677,16.12125,29.155
9678,16.122917,29.163
9679,16.124583,29.163
9680,16.12625,29.166
9681,16.127917,29.162
9682,16.129583,29.162
9683,16.13125,29.167
9684,16.132917,29.165
9685,16.134583,29.16
9686,16.13625,29.16
9687,16.138,29.162
9688,16.139583,29.155
9689,16.14125,29.159
9690,16.142917,29.159
9691,16.144583,29.165
9692,16.14625,29.169
9693,16.147917,29.178
9694,16.149583,29.178
9695,16.15125,29.171
9696,16.15295,29.167
9697,16.1547,29.164
9698,16.15625,29.164
9699,16.157917,29.162
9700,16.159583,29.163
9701,16.16125,29.163
9702,16.162917,29.157
9703,16.164583,29.154
9704,16.16625,29.154
9705,16.167917,29.154
9706,16.169583,29.158
9707,16.17125,29.168
9708,16.172917,29.172
9709,16.174583,29.172
9710,16.17625,29.167
9711,16.177917,29.168
9712,16.179567,29.167
9713,16.181233,29.167
9714,16.1829,29.168
9715,16.184567,29.169
9716,16.186233,29.169
9717,16.1879,29.159
9718,16.189567,29.158
9719,16.191233,29.153
9720,16.1929,29.153
9721,16.194567,29.152
9722,16.196233,29.161
9723,16.1979,29.162
9724,16.199567,29.162
9725,16.201233,29.168
9726,16.2029,29.171
9727,16.204567,29.169
9728,16.206233,29.169
9729,16.2079,29.167
9730,16.209567,29.167
9731,16.211233,29.167
9732,16.2129,29.168
9733,16.214567,29.164
9734,16.216233,29.163
9735,16.2179,29.163
9736,16.219583,29.158
9737,16.221233,29.156
9738,16.222967,29.159
9739,16.224567,29.159
9740,16.226233,29.159
9741,16.2279,29.161
9742,16.229567,29.158
9743,16.231233,29.158
9744,16.2329,29.158
9745,16.234567,29.157
9746,16.236233,29.159
9747,16.237883,29.159
9748,16.23955,29.162
9749,16.241217,29.162
9750,16.242883,29.162
9751,16.24455,29.162
9752,16.246217,29.163
9753,16.247883,29.165
9754,16.24955,29.165
9755,16.251217,29.158
9756,16.252883,29.16
9757,16.25455,29.157
9758,16.256317,29.157
9759,16.257883,29.154
9760,16.25955,29.156
9761,16.261217,29.153
9762,16.262883,29.153
9763,16.26455,29.148
9764,16.266217,29.147
9765,16.267883,29.147
9766,16.26955,29.147
9767,16.271217,29.152
9768,16.272983,29.162
9769,16.27455,29.162
9770,16.276217,29.163
9771,16.277883,29.162
9772,16.27955,29.159
9773,16.281217,29.159
9774,16.282883,29.152
9775,16.28455,29.155
9776,16.286217,29.163
9777,16.287883,29.163
9778,16.28955,29.161
9779,16.291217,29.162
9780,16.292883,29.163
9781,16.29455,29.163
9782,16.296217,29.162
9783,16.297867,29.166
9784,16.299567,29.166
9785,16.30125,29.167
9786,16.302917,29.162
9787,16.304533,29.16
9788,16.3062,29.16
9789,16.307867,29.158
9790,16.309533,29.16
9791,16.3112,29.162
9792,16.312867,29.162
9793,16.314533,29.161
9794,16.3162,29.16
9795,16.317867,29.158
9796,16.319533,29.158
9797,16.3212,29.155
9798,16.322867,29.159
9799,16.324533,29.159
9800,16.3262,29.164
9801,16.327867,29.161
9802,16.329533,29.164
9803,16.3312,29.164
9804,16.332867,29.157
9805,16.334517,29.154
9806,16.336183,29.153
9807,16.33785,29.153
9808,16.339517,29.155
9809,16.3412,29.159
9810,16.34285,29.165
9811,16.344517,29.165
9812,16.346183,29.165
9813,16.34785,29.169
9814,16.349517,29.169
9815,16.351183,29.176
9816,16.35285,29.181
9817,16.354517,29.187
9818,16.356183,29.187
9819,16.3579,29.187
9820,16.3595,29.183
9821,16.361167,29.177
9822,16.362833,29.177
9823,16.3645,29.179
9824,16.366167,29.182
9825,16.367833,29.179
9826,16.369517,29.179
9827,16.3712,29.176
9828,16.372833,29.167
9829,16.374583,29.162
9830,16.376167,29.162
9831,16.377833,29.16
9832,16.3795,29.162
9833,16.381167,29.162
9834,16.382833,29.173
9835,16.3845,29.172
9836,16.386167,29.172
9837,16.387833,29.172
9838,16.3895,29.178
9839,16.391267,29.176
9840,16.392833,29.177
9841,16.3945,29.177
9842,16.396167,29.182
9843,16.397833,29.177
9844,16.3995,29.178
9845,16.401167,29.178
9846,16.402833,29.185
9847,16.4045,29.184
9848,16.406167,29.184
9849,16.407833,29.19
9850,16.4095,29.188
9851,16.411167,29.183
9852,16.412833,29.183
9853,16.4145,29.181
9854,16.416167,29.174
9855,16.417833,29.174
9856,16.4195,29.174
9857,16.42115,29.171
9858,16.422817,29.171
9859,16.424483,29.171
9860,16.42615,29.171
9861,16.427817,29.173
9862,16.429483,29.175
9863,16.43115,29.179
9864,16.432817,29.179
9865,16.434483,29.188
9866,16.43615,29.188
9867,16.437817,29.188
9868,16.439517,29.19
9869,16.44115,29.187
9870,16.442817,29.173
9871,16.444483,29.173
9872,16.44615,29.172
9873,16.447817,29.17
9874,16.449483,29.17
9875,16.45115,29.17
9876,16.45285,29.175
9877,16.454483,29.174
9878,16.45615,29.17
9879,16.457817,29.17
9880,16.459483,29.167
9881,16.46115,29.172
9882,16.462817,29.172
9883,16.464483,29.173
9884,16.46615,29.17
9885,16.467817,29.175
9886,16.469483,29.175
9887,16.47115,29.168
9888,16.472817,29.168
9889,16.474483,29.168
9890,16.4762,29.168
9891,16.477817,29.169
9892,16.479467,29.172
9893,16.481133,29.172
9894,16.4828,29.172
9895,16.484467,29.172
9896,16.486133,29.164
9897,16.4878,29.157
9898,16.489467,29.157
9899,16.491133,29.155
9900,16.492833,29.16
9901,16.494467,29.16
9902,16.496133,29.165
9903,16.4978,29.163
9904,16.499467,29.156
9905,16.501133,29.156
9906,16.5028,29.154
9907,16.504467,29.153
9908,16.506133,29.157
9909,16.5078,29.157
9910,16.509567,29.163
9911,16.511133,29.167
9912,16.5128,29.17
9913,16.514467,29.17
9914,16.516133,29.169
9915,16.517833,29.172
9916,16.519467,29.172
9917,16.521133,29.168
9918,16.5228,29.174
9919,16.524467,29.179
9920,16.526133,29.179
9921,16.5278,29.178
9922,16.529467,29.181
9923,16.531133,29.175
9924,16.5328,29.175
9925,16.534467,29.174
9926,16.536133,29.179
9927,16.537783,29.183
9928,16.53945,29.183
9929,16.541117,29.183
9930,16.5428,29.18
9931,16.544483,29.176
9932,16.546117,29.176
9933,16.547783,29.173
9934,16.54945,29.172
9935,16.551117,29.172
9936,16.552783,29.171
9937,16.55445,29.17
9938,16.556117,29.169
9939,16.557783,29.169
9940,16.55945,29.17
9941,16.561117,29.172
9942,16.562783,29.172
9943,16.56445,29.172
9944,16.566117,29.172
9945,16.567783,29.168
9946,16.56945,29.161
9947,16.571117,29.161
9948,16.572783,29.156
9949,16.57445,29.156
9950,16.576117,29.156
9951,16.577783,29.159
9952,16.57945,29.163
9953,16.581117,29.166
9954,16.582783,29.166
9955,16.58445,29.162
9956,16.586117,29.155
9957,16.587817,29.152
9958,16.58945,29.152
9959,16.591117,29.151
9960,16.592783,29.147
9961,16.59445,29.151
9962,16.596117,29.151
9963,16.597783,29.151
9964,16.599433,29.148
9965,16.6011,29.148
9966,16.602767,29.149
9967,16.604433,29.149
9968,16.6061,29.145
9969,16.607767,29.145
9970,16.609433,29.151
9971,16.6111,29.152
9972,16.612767,29.148
9973,16.614433,29.148
9974,16.6161,29.151
9975,16.617767,29.152
9976,16.619433,29.153
9977,16.6211,29.153
9978,16.622767,29.162
9979,16.624417,29.171
9980,16.626083,29.169
9981,16.62785,29.169
9982,16.629417,29.174
9983,16.631083,29.173
9984,16.632767,29.173
9985,16.634417,29.169
9986,16.636083,29.172
9987,16.63775,29.173
9988,16.639417,29.173
9989,16.641083,29.173
9990,16.64275,29.172
9991,16.644417,29.171
9992,16.646083,29.171
9993,16.64775,29.169
9994,16.649417,29.163
9995,16.651083,29.162
9996,16.65275,29.162
9997,16.654417,29.162
9998,16.656083,29.163
9999,16.65775,29.163
10000,16.6594,29.166
10001,16.661067,29.168
10002,16.66275,29.168
10003,16.66445,29.168
10004,16.666067,29.162
10005,16.667733,29.162
10006,16.6694,29.156
10007,16.671067,29.156
10008,16.672733,29.154
10009,16.6744,29.157
10010,16.676067,29.155
10011,16.677733,29.155
10012,16.6794,29.162
10013,16.681067,29.157
10014,16.682733,29.158
10015,16.6844,29.158
10016,16.686067,29.161
10017,16.687733,29.154
10018,16.6894,29.154
10019,16.691067,29.16
10020,16.69275,29.161
10021,16.6944,29.155
10022,16.696067,29.155
10023,16.697733,29.156
10024,16.6994,29.151
10025,16.701067,29.148
10026,16.702733,29.148
10027,16.7044,29.15
10028,16.706067,29.147
10029,16.707733,29.148
10030,16.7094,29.148
10031,16.711067,29.144
10032,16.712733,29.147
10033,16.714433,29.147
10034,16.716067,29.154
10035,16.717733,29.158
10036,16.7194,29.163
10037,16.72105,29.163
10038,16.722717,29.159
10039,16.724383,29.152
10040,16.72605,29.147
10041,16.727717,29.147
10042,16.729383,29.139
10043,16.73105,29.137
10044,16.732717,29.136
10045,16.734383,29.136
10046,16.73605,29.134
10047,16.737767,29.137
10048,16.739383,29.137
10049,16.74105,29.136
10050,16.742717,29.137
10051,16.744383,29.141
10052,16.74615,29.141
10053,16.747717,29.147
10054,16.749383,29.157
10055,16.75105,29.164
10056,16.752717,29.164
10057,16.754383,29.169
10058,16.75605,29.168
10059,16.757717,29.164
10060,16.759383,29.164
10061,16.76105,29.165
10062,16.762717,29.165
10063,16.764383,29.16
10064,16.76605,29.16
10065,16.767717,29.162
10066,16.769383,29.155
10067,16.77105,29.155
10068,16.772717,29.15
10069,16.774383,29.157
10070,16.77605,29.159
10071,16.777717,29.159
10072,16.779367,29.162
10073,16.781033,29.17
10074,16.7827,29.169
10075,16.784367,29.169
10076,16.786033,29.167
10077,16.7877,29.161
10078,16.789367,29.157
10079,16.791033,29.157
10080,16.7927,29.152
10081,16.794367,29.147
10082,16.796033,29.147
10083,16.7977,29.148
10084,16.799367,29.145
10085,16.801033,29.146
10086,16.8027,29.146
10087,16.8044,29.144
10088,16.80605,29.151
10089,16.8077,29.152
10090,16.809367,29.152
10091,16.811033,29.155
10092,16.8127,29.161
10093,16.814367,29.162
10094,16.816033,29.162
10095,16.8177,29.164
10096,16.819367,29.166
10097,16.821033,29.168
10098,16.8227,29.168
10099,16.824367,29.167
10100,16.826033,29.163
10101,16.8277,29.163
10102,16.829367,29.164
10103,16.831083,29.165
10104,16.8327,29.164
10105,16.834367,29.164
10106,16.836033,29.167
10107,16.8377,29.167
10108,16.83935,29.166
10109,16.841017,29.166
10110,16.842683,29.166
10111,16.84435,29.17
10112,16.846017,29.171
10113,16.847683,29.171
10114,16.84935,29.169
10115,16.851017,29.165
10116,16.852683,29.165
10117,16.85435,29.166
10118,16.856017,29.159
10119,16.857683,29.153
10120,16.85935,29.153
10121,16.861017,29.156
10122,16.862683,29.152
10123,16.86435,29.158
10124,16.866017,29.158
10125,16.867683,29.158
10126,16.86935,29.154
10127,16.871017,29.149
10128,16.872683,29.149
10129,16.87435,29.142
10130,16.876017,29.145
10131,16.877683,29.149
10132,16.87935,29.149
10133,16.881017,29.158
10134,16.882683,29.166
10135,16.88435,29.166
10136,16.88605,29.164
10137,16.887683,29.159
10138,16.88935,29.158
10139,16.891017,29.158
10140,16.892683,29.151
10141,16.89435,29.153
10142,16.896017,29.159
10143,16.897683,29.159
10144,16.89935,29.158
10145,16.901,29.162
10146,16.902667,29.163
10147,16.904333,29.163
10148,16.906,29.16
10149,16.907667,29.16
10150,16.909333,29.16
10151,16.911,29.161
10152,16.912667,29.156
10153,16.914333,29.157
10154,16.915983,29.157
10155,16.91765,29.157
10156,16.919317,29.155
10157,16.920983,29.16
10158,16.92265,29.16
10159,16.924317,29.162
10160,16.925983,29.155
10161,16.92765,29.145
10162,16.929317,29.145
10163,16.930983,29.134
10164,16.93265,29.126
10165,16.934317,29.126
10166,16.935983,29.129
10167,16.93765,29.137
10168,16.939317,29.144
10169,16.940983,29.144
10170,16.94265,29.152
10171,16.944317,29.155
10172,16.945983,29.155
10173,16.94765,29.155
10174,16.949367,29.156
10175,16.951,29.156
10176,16.95265,29.155
10177,16.954317,29.155
10178,16.955983,29.151
10179,16.95765,29.15
10180,16.959333,29.144
10181,16.961017,29.144
10182,16.962633,29.144
10183,16.9643,29.147
10184,16.965967,29.147
10185,16.967633,29.147
10186,16.9693,29.154
10187,16.970967,29.154
10188,16.972633,29.154
10189,16.9743,29.156
10190,16.975967,29.16
10191,16.977633,29.152
10192,16.9793,29.152
10193,16.980967,29.149
10194,16.98275,29.145
10195,16.9843,29.139
10196,16.985967,29.139
10197,16.987633,29.144
10198,16.9893,29.15
10199,16.990967,29.15
10200,16.992633,29.154
10201,16.9943,29.158
10202,16.995967,29.155
10203,16.997633,29.155
10204,16.9993,29.153
10205,17.000967,29.152
10206,17.002633,29.154
10207,17.0043,29.154
10208,17.005967,29.159
10209,17.007633,29.153
10210,17.0093,29.15
10211,17.010967,29.15
10212,17.012633,29.152
10213,17.0143,29.151
10214,17.015967,29.159
10215,17.017617,29.159
10216,17.019283,29.157
10217,17.02095,29.15
10218,17.022617,29.15
10219,17.024283,29.147
10220,17.02595,29.141
10221,17.02765,29.147
10222,17.029283,29.147
10223,17.03095,29.155
10224,17.032617,29.16
10225,17.034283,29.165
10226,17.03595,29.165
10227,17.037617,29.168
10228,17.039283,29.163
10229,17.04095,29.156
10230,17.042617,29.156
10231,17.044283,29.156
10232,17.04595,29.145
10233,17.04765,29.145
10234,17.049283,29.142
10235,17.05095,29.143
10236,17.052617,29.145
10237,17.054283,29.145
10238,17.05595,29.152
10239,17.057617,29.158
10240,17.059283,29.163
10241,17.06095,29.163
10242,17.062617,29.158
10243,17.064283,29.16
10244,17.06595,29.159
10245,17.06765,29.159
10246,17.069283,29.156
10247,17.07095,29.161
10248,17.072617,29.161
10249,17.074283,29.161
10250,17.07595,29.165
10251,17.077617,29.171
10252,17.079267,29.171
10253,17.080933,29.176
10254,17.0826,29.178
10255,17.08435,29.171
10256,17.085933,29.171
10257,17.0876,29.169
10258,17.089267,29.164
10259,17.090933,29.164
10260,17.0926,29.164
10261,17.0943,29.172
10262,17.09595,29.175
10263,17.0976,29.174
10264,17.099267,29.174
10265,17.10105,29.172
10266,17.1026,29.172
10267,17.104267,29.172
10268,17.105933,29.174
10269,17.1076,29.173
10270,17.109267,29.175
10271,17.110933,29.175
10272,17.1126,29.165
10273,17.114267,29.159
10274,17.115933,29.149
10275,17.1177,29.149
10276,17.119267,29.143
10277,17.120933,29.144
10278,17.1226,29.144
10279,17.124267,29.144
10280,17.125933,29.155
10281,17.1276,29.157
10282,17.129267,29.164
10283,17.130933,29.164
10284,17.1326,29.17
10285,17.134267,29.166
10286,17.135933,29.166
10287,17.137617,29.171
10288,17.13925,29.169
10289,17.140917,29.166
10290,17.142583,29.166
10291,17.14425,29.169
10292,17.145917,29.165
10293,17.147583,29.166
10294,17.14925,29.166
10295,17.150917,29.167
10296,17.152583,29.168
10297,17.15425,29.167
10298,17.155917,29.167
10299,17.157583,29.164
10300,17.15925,29.164
10301,17.160917,29.164
10302,17.162583,29.156
10303,17.16425,29.163
10304,17.16595,29.165
10305,17.167583,29.165
10306,17.16925,29.165
10307,17.170917,29.174
10308,17.172583,29.173
10309,17.17425,29.173
10310,17.175917,29.168
10311,17.177583,29.167
10312,17.17925,29.165
10313,17.180917,29.165
10314,17.182583,29.163
10315,17.18425,29.171
10316,17.185917,29.171
10317,17.187583,29.172
10318,17.18925,29.171
10319,17.190917,29.165
10320,17.192583,29.165
10321,17.19425,29.156
10322,17.195917,29.156
10323,17.197583,29.148
10324,17.199233,29.148
10325,17.2009,29.148
10326,17.202683,29.147
10327,17.204233,29.147
10328,17.2059,29.147
10329,17.20755,29.156
10330,17.209217,29.162
10331,17.210883,29.172
10332,17.21255,29.172
10333,17.214217,29.169
10334,17.215883,29.168
10335,17.21755,29.168
10336,17.21925,29.168
10337,17.220883,29.159
10338,17.22255,29.164
10339,17.224217,29.164
10340,17.225883,29.163
10341,17.22755,29.155
10342,17.229217,29.147
10343,17.230883,29.147
10344,17.23255,29.138
10345,17.234217,29.133
10346,17.235983,29.136
10347,17.23755,29.136
10348,17.239217,29.144
10349,17.240883,29.147
10350,17.24255,29.147
10351,17.24425,29.147
10352,17.245883,29.148
10353,17.24755,29.153
10354,17.249217,29.153
10355,17.250883,29.15
10356,17.25255,29.151
10357,17.254217,29.156
10358,17.255883,29.156
10359,17.25755,29.154
10360,17.2592,29.163
10361,17.260867,29.168
10362,17.262533,29.168
10363,17.2642,29.167
10364,17.265867,29.171
10365,17.267533,29.172
10366,17.2692,29.172
10367,17.270883,29.167
10368,17.272533,29.163
10369,17.2742,29.163
10370,17.275867,29.162
10371,17.277533,29.162
10372,17.2792,29.161
10373,17.280867,29.161
10374,17.282533,29.153
10375,17.2842,29.145
10376,17.285867,29.143
10377,17.287533,29.143
10378,17.2892,29.143
10379,17.290867,29.148
10380,17.292533,29.158
10381,17.2942,29.158
10382,17.295867,29.158
10383,17.297533,29.16
10384,17.2992,29.16
10385,17.300867,29.162
10386,17.302583,29.152
10387,17.3042,29.15
10388,17.305867,29.15
10389,17.307533,29.145
10390,17.3092,29.143
10391,17.310867,29.144
10392,17.312533,29.144
10393,17.3142,29.148
10394,17.3159,29.154
10395,17.317533,29.157
10396,17.319183,29.157
10397,17.3209,29.163
10398,17.322517,29.162
10399,17.324183,29.162
10400,17.32585,29.165
10401,17.327517,29.164
10402,17.329183,29.164
10403,17.33085,29.164
10404,17.332517,29.159
10405,17.334183,29.158
10406,17.33585,29.158
10407,17.33755,29.158
10408,17.339183,29.154
10409,17.34085,29.154
10410,17.342517,29.147
10411,17.344183,29.147
10412,17.34585,29.146
10413,17.347517,29.153
10414,17.349183,29.159
10415,17.35085,29.159
10416,17.352517,29.168
10417,17.354283,29.171
10418,17.35585,29.171
10419,17.357517,29.168
10420,17.359183,29.164
10421,17.36085,29.158
10422,17.362517,29.158
10423,17.364183,29.16
10424,17.36585,29.163
10425,17.367517,29.169
10426,17.369183,29.169
10427,17.37085,29.18
10428,17.372517,29.18
10429,17.374183,29.18
10430,17.37585,29.18
10431,17.377517,29.176
10432,17.379167,29.167
10433,17.380833,29.167
10434,17.3825,29.167
10435,17.384167,29.166
10436,17.385833,29.167
10437,17.3875,29.167
10438,17.389183,29.167
10439,17.390883,29.166
10440,17.392533,29.166
10441,17.394167,29.166
10442,17.395833,29.164
10443,17.3975,29.164
10444,17.399167,29.162
10445,17.400833,29.162
10446,17.4025,29.161
10447,17.404167,29.167
10448,17.405833,29.165
10449,17.4075,29.165
10450,17.409167,29.162
10451,17.410833,29.159
10452,17.4125,29.159
10453,17.414167,29.158
10454,17.415833,29.164
10455,17.4175,29.172
10456,17.419167,29.172
10457,17.420833,29.178
10458,17.4225,29.182
10459,17.424167,29.187
10460,17.425833,29.187
10461,17.4275,29.189
10462,17.429167,29.193
10463,17.430833,29.185
10464,17.4325,29.185
10465,17.434167,29.182
10466,17.435833,29.173
10467,17.4375,29.173
10468,17.439167,29.168
10469,17.440817,29.175
10470,17.442483,29.172
10471,17.44415,29.172
10472,17.445817,29.184
10473,17.447483,29.185
10474,17.44915,29.179
10475,17.450817,29.179
10476,17.452483,29.188
10477,17.45415,29.186
10478,17.455867,29.188
10479,17.457483,29.188
10480,17.45915,29.188
10481,17.460817,29.186
10482,17.462517,29.186
10483,17.464233,29.186
10484,17.465817,29.187
10485,17.467483,29.193
10486,17.46915,29.193
10487,17.470817,29.19
10488,17.472583,29.182
10489,17.47415,29.186
10490,17.475817,29.186
10491,17.477483,29.186
10492,17.47915,29.182
10493,17.480817,29.19
10494,17.482483,29.19
10495,17.48415,29.187
10496,17.485817,29.18
10497,17.487483,29.18
10498,17.48915,29.18
10499,17.490817,29.175
10500,17.492483,29.168
10501,17.49415,29.168
10502,17.495817,29.169
10503,17.497483,29.169
10504,17.499117,29.163
10505,17.500783,29.163
10506,17.50245,29.167
10507,17.504117,29.167
10508,17.505783,29.168
10509,17.50745,29.168
10510,17.509117,29.169
10511,17.510783,29.164
10512,17.51245,29.159
10513,17.514117,29.159
10514,17.515783,29.162
10515,17.51745,29.171
10516,17.519117,29.171
10517,17.520783,29.176
10518,17.52245,29.18
10519,17.524117,29.178
10520,17.525783,29.178
10521,17.52745,29.179
10522,17.529133,29.178
10523,17.530783,29.178
10524,17.532483,29.178
10525,17.534117,29.178
10526,17.535783,29.179
10527,17.53745,29.185
10528,17.539117,29.185
10529,17.540783,29.188
10530,17.54245,29.196
10531,17.544117,29.195
10532,17.545783,29.195
10533,17.54745,29.199
10534,17.549117,29.201
10535,17.550783,29.201
10536,17.55245,29.194
10537,17.554117,29.192
10538,17.555783,29.19
10539,17.55745,29.19
10540,17.5591,29.195
10541,17.560767,29.202
10542,17.562433,29.202
10543,17.5641,29.202
10544,17.565767,29.198
10545,17.567433,29.196
10546,17.5691,29.194
10547,17.570767,29.194
10548,17.572433,29.2
10549,17.5741,29.205
10550,17.575767,29.205
10551,17.577433,29.204
10552,17.5791,29.204
10553,17.580767,29.196
10554,17.582433,29.196
10555,17.5841,29.189
10556,17.585767,29.181
10557,17.587433,29.175
10558,17.5891,29.175
10559,17.590883,29.175
10560,17.592433,29.178
10561,17.5941,29.185
10562,17.595767,29.185
10563,17.597433,29.186
10564,17.5991,29.191
10565,17.600767,29.194
10566,17.602433,29.194
10567,17.6041,29.188
10568,17.605767,29.192
10569,17.607433,29.192
10570,17.6091,29.182
10571,17.610783,29.177
10572,17.61245,29.175
10573,17.6141,29.175
10574,17.615767,29.169
10575,17.617433,29.165
10576,17.6191,29.159
10577,17.62075,29.159
10578,17.622417,29.16
10579,17.624083,29.157
10580,17.62575,29.164
10581,17.627417,29.164
10582,17.629083,29.166
10583,17.63075,29.168
10584,17.632417,29.168
10585,17.634083,29.171
10586,17.63575,29.173
10587,17.637417,29.176
10588,17.639083,29.176
10589,17.64075,29.178
10590,17.642417,29.179
10591,17.644083,29.178
10592,17.64575,29.178
10593,17.647417,29.181
10594,17.649083,29.183
10595,17.65075,29.186
10596,17.652417,29.186
10597,17.654083,29.186
10598,17.65575,29.185
10599,17.657417,29.185
10600,17.659083,29.185
10601,17.66075,29.182
10602,17.662417,29.188
10603,17.664083,29.188
10604,17.66575,29.195
10605,17.667417,29.194
10606,17.669083,29.199
10607,17.67075,29.199
10608,17.672417,29.2
10609,17.674083,29.199
10610,17.675767,29.205
10611,17.677417,29.205
10612,17.6791,29.204
10613,17.680733,29.202
10614,17.6824,29.196
10615,17.684067,29.196
10616,17.685733,29.192
10617,17.687417,29.194
10618,17.6891,29.194
10619,17.690733,29.195
10620,17.6924,29.196
10621,17.694067,29.191
10622,17.695733,29.191
10623,17.6974,29.184
10624,17.699067,29.173
10625,17.700733,29.172
10626,17.7024,29.172
10627,17.704067,29.173
10628,17.705733,29.175
10629,17.7074,29.177
10630,17.709167,29.177
10631,17.710733,29.175
10632,17.7124,29.173
10633,17.714067,29.165
10634,17.715733,29.165
10635,17.7174,29.162
10636,17.719067,29.164
10637,17.720733,29.164
10638,17.7224,29.166
10639,17.724067,29.172
10640,17.725733,29.18
10641,17.727417,29.18
10642,17.729067,29.186
10643,17.730733,29.182
10644,17.7324,29.178
10645,17.734067,29.178
10646,17.735733,29.176
10647,17.7374,29.171
10648,17.739067,29.174
10649,17.740717,29.174
10650,17.742383,29.176
10651,17.74405,29.181
10652,17.745717,29.181
10653,17.747383,29.188
10654,17.74905,29.189
10655,17.750717,29.195
10656,17.75245,29.195
10657,17.75405,29.189
10658,17.755717,29.179
10659,17.757383,29.183
10660,17.75905,29.183
10661,17.760717,29.183
10662,17.762383,29.183
10663,17.76405,29.187
10664,17.765717,29.187
10665,17.767383,29.182
10666,17.76905,29.177
10667,17.770717,29.177
10668,17.772383,29.177
10669,17.774083,29.176
10670,17.775717,29.178
10671,17.777383,29.178
10672,17.77905,29.181
10673,17.780717,29.19
10674,17.782383,29.192
10675,17.78405,29.192
10676,17.785717,29.197
10677,17.787383,29.203
10678,17.78905,29.201
10679,17.7907,29.201
10680,17.792367,29.202
10681,17.794067,29.198
10682,17.7957,29.2
10683,17.797367,29.2
10684,17.799017,29.204
10685,17.800683,29.21
10686,17.80235,29.21
10687,17.804017,29.215
10688,17.805683,29.207
10689,17.80735,29.197
10690,17.809017,29.197
10691,17.810683,29.186
10692,17.81235,29.178
10693,17.814017,29.182
10694,17.815683,29.182
10695,17.81735,29.182
10696,17.819017,29.184
10697,17.8207,29.188
10698,17.82235,29.188
10699,17.824017,29.182
10700,17.825683,29.18
10701,17.827467,29.18
10702,17.829017,29.18
10703,17.830683,29.178
10704,17.83235,29.176
10705,17.834017,29.176
10706,17.835683,29.172
10707,17.83735,29.17
10708,17.839017,29.167
10709,17.840683,29.167
10710,17.84235,29.159
10711,17.844017,29.165
10712,17.845683,29.168
10713,17.84735,29.168
10714,17.849017,29.173
10715,17.850683,29.183
10716,17.85235,29.174
10717,17.854017,29.174
10718,17.855683,29.172
10719,17.85735,29.17
10720,17.859,29.17
10721,17.860667,29.175
10722,17.86235,29.18
10723,17.864033,29.176
10724,17.865667,29.176
10725,17.867333,29.172
10726,17.869,29.165
10727,17.870667,29.161
10728,17.872333,29.161
10729,17.874,29.165
10730,17.875667,29.169
10731,17.877333,29.169
10732,17.879,29.169
10733,17.880667,29.182
10734,17.882333,29.187
10735,17.884,29.187
10736,17.885667,29.187
10737,17.887333,29.192
10738,17.889,29.193
10739,17.890667,29.193
10740,17.892333,29.19
10741,17.894,29.195
10742,17.895667,29.195
10743,17.897367,29.195
10744,17.899,29.189
10745,17.900667,29.184
10746,17.90235,29.177
10747,17.904,29.177
10748,17.905667,29.174
10749,17.907333,29.173
10750,17.909,29.174
10751,17.910667,29.174
10752,17.912367,29.171
10753,17.914,29.171
10754,17.915667,29.171
10755,17.917333,29.172
10756,17.919,29.173
10757,17.92065,29.179
10758,17.922317,29.179
10759,17.923983,29.178
10760,17.92565,29.176
10761,17.927317,29.178
10762,17.92905,29.178
10763,17.93065,29.183
10764,17.932317,29.187
10765,17.933983,29.195
10766,17.93565,29.195
10767,17.937317,29.201
10768,17.938983,29.202
10769,17.94065,29.202
10770,17.942317,29.205
10771,17.943983,29.204
10772,17.94575,29.207
10773,17.947317,29.207
10774,17.949017,29.211
10775,17.95065,29.209
10776,17.952317,29.203
10777,17.953983,29.203
10778,17.95565,29.192
10779,17.957317,29.186
10780,17.958983,29.183
10781,17.96065,29.183
10782,17.962417,29.181
10783,17.963983,29.182
10784,17.96565,29.182
10785,17.967317,29.178
10786,17.968983,29.178
10787,17.97065,29.184
10788,17.972317,29.184
10789,17.974017,29.183
10790,17.97565,29.186
10791,17.977317,29.189
10792,17.978983,29.189
10793,17.980633,29.186
10794,17.9823,29.182
10795,17.983967,29.18
10796,17.985633,29.18
10797,17.9873,29.178
10798,17.988967,29.179
10799,17.990633,29.184
10800,17.9923,29.184
10801,17.993967,29.179
10802,17.995633,29.183
10803,17.9973,29.183
10804,17.998967,29.188
10805,18.000633,29.188
10806,18.0023,29.191
10807,18.003967,29.191
10808,18.005633,29.193
10809,18.0073,29.192
10810,18.008967,29.197
10811,18.010633,29.197
10812,18.0123,29.2
10813,18.013967,29.192
10814,18.015633,29.19
10815,18.0173,29.19
10816,18.018967,29.191
10817,18.020633,29.194
10818,18.0223,29.194
10819,18.023967,29.192
10820,18.025633,29.192
10821,18.0273,29.192
10822,18.029,29.192
10823,18.030667,29.187
10824,18.0323,29.187
10825,18.033967,29.182
10826,18.035633,29.182
10827,18.037333,29.176
10828,18.03895,29.174
10829,18.040617,29.177
10830,18.042283,29.177
10831,18.04395,29.176
10832,18.045617,29.168
10833,18.047333,29.167
10834,18.04895,29.167
10835,18.050617,29.159
10836,18.052283,29.162
10837,18.05395,29.162
10838,18.055617,29.17
10839,18.057283,29.174
10840,18.05895,29.182
10841,18.060617,29.182
10842,18.062283,29.182
10843,18.064017,29.181
10844,18.065617,29.182
10845,18.067283,29.182
10846,18.06895,29.188
10847,18.070617,29.192
10848,18.072283,29.197
10849,18.07395,29.197
10850,18.075617,29.194
10851,18.077283,29.195
10852,18.07895,29.195
10853,18.080717,29.197
10854,18.082267,29.19
10855,18.083933,29.185
10856,18.0856,29.185
10857,18.087267,29.178
10858,18.088933,29.174
10859,18.0906,29.178
10860,18.092267,29.178
10861,18.093933,29.181
10862,18.0956,29.181
10863,18.097267,29.181
10864,18.098917,29.181
10865,18.100583,29.185
10866,18.10225,29.187
10867,18.103917,29.187
10868,18.105583,29.192
10869,18.10725,29.196
10870,18.108917,29.194
10871,18.110583,29.194
10872,18.11225,29.192
10873,18.114,29.187
10874,18.115583,29.18
10875,18.11725,29.18
10876,18.118917,29.177
10877,18.120583,29.179
10878,18.12225,29.179
10879,18.123917,29.179
10880,18.125583,29.186
10881,18.12725,29.185
10882,18.128917,29.177
10883,18.130583,29.177
10884,18.13225,29.17
10885,18.133917,29.162
10886,18.135583,29.162
10887,18.13725,29.163
10888,18.138917,29.173
10889,18.140583,29.179
10890,18.14225,29.179
10891,18.143917,29.178
10892,18.145583,29.178
10893,18.14725,29.173
10894,18.148917,29.173
10895,18.150583,29.178
10896,18.15225,29.185
10897,18.153917,29.187
10898,18.155583,29.187
10899,18.15725,29.186
10900,18.1589,29.18
10901,18.160567,29.18
10902,18.162233,29.174
10903,18.1639,29.173
10904,18.165683,29.181
10905,18.167233,29.181
10906,18.1689,29.188
10907,18.170567,29.187
10908,18.172233,29.187
10909,18.1739,29.187
10910,18.175567,29.184
10911,18.177233,29.18
10912,18.1789,29.178
10913,18.180567,29.178
10914,18.182333,29.176
10915,18.1839,29.172
10916,18.185583,29.172
10917,18.18725,29.172
10918,18.188933,29.172
10919,18.190567,29.17
10920,18.192233,29.17
10921,18.1939,29.171
10922,18.195567,29.172
10923,18.197233,29.178
10924,18.199017,29.178
10925,18.200567,29.178
10926,18.202233,29.171
10927,18.2039,29.169
10928,18.205567,29.169
10929,18.207233,29.167
10930,18.2089,29.164
10931,18.210567,29.163
10932,18.212233,29.163
10933,18.2139,29.165
10934,18.215567,29.164
10935,18.217233,29.164
10936,18.218883,29.168
10937,18.22055,29.169
10938,18.222217,29.168
10939,18.223883,29.168
10940,18.22555,29.17
10941,18.227217,29.167
10942,18.228883,29.178
10943,18.23055,29.178
10944,18.232217,29.183
10945,18.233883,29.182
10946,18.23555,29.188
10947,18.237217,29.188
10948,18.238883,29.191
10949,18.24055,29.187
10950,18.242217,29.187
10951,18.243883,29.187
10952,18.24555,29.187
10953,18.247217,29.175
10954,18.248883,29.175
10955,18.25055,29.173
10956,18.252217,29.172
10957,18.253917,29.172
10958,18.25555,29.172
10959,18.257267,29.175
10960,18.258883,29.174
10961,18.26055,29.17
10962,18.262217,29.17
10963,18.263883,29.16
10964,18.26555,29.16
10965,18.267217,29.159
10966,18.268883,29.159
10967,18.27055,29.157
10968,18.272217,29.157
10969,18.273883,29.157
10970,18.27555,29.151
10971,18.277217,29.148
10972,18.278883,29.147
10973,18.280533,29.147
10974,18.2822,29.145
10975,18.283867,29.145
10976,18.285533,29.145
10977,18.2872,29.145
10978,18.288867,29.153
10979,18.290533,29.159
10980,18.2922,29.162
10981,18.293867,29.162
10982,18.295533,29.165
10983,18.2972,29.165
10984,18.298867,29.161
10985,18.300533,29.161
10986,18.3022,29.159
10987,18.303867,29.157
10988,18.30555,29.157
10989,18.3072,29.15
10990,18.308867,29.152
10991,18.310533,29.15
10992,18.3122,29.15
10993,18.313867,29.146
10994,18.315533,29.151
10995,18.317267,29.149
10996,18.318867,29.149
10997,18.320533,29.154
10998,18.3222,29.156
10999,18.323867,29.159
11000,18.325533,29.159
11001,18.3272,29.163
11002,18.328867,29.16
11003,18.330533,29.16
11004,18.3322,29.164
11005,18.333867,29.162
11006,18.335567,29.156
11007,18.337217,29.156
11008,18.33885,29.153
11009,18.340517,29.153
11010,18.342183,29.152
11011,18.34385,29.152
11012,18.345517,29.155
11013,18.347183,29.164
11014,18.34885,29.16
11015,18.350517,29.16
11016,18.352183,29.161
11017,18.35385,29.167
11018,18.355517,29.167
11019,18.357183,29.173
11020,18.35885,29.182
11021,18.360517,29.192
11022,18.362183,29.192
11023,18.36385,29.197
11024,18.365517,29.193
11025,18.367183,29.191
11026,18.36885,29.191
11027,18.370517,29.18
11028,18.372167,29.176
11029,18.373833,29.177
11030,18.3755,29.177
11031,18.377167,29.175
11032,18.378833,29.179
11033,18.3805,29.176
11034,18.382167,29.176
11035,18.383833,29.176
11036,18.3855,29.182
11037,18.387167,29.182
11038,18.388833,29.187
11039,18.3905,29.197
11040,18.392167,29.196
11041,18.393833,29.196
11042,18.3955,29.194
11043,18.39715,29.194
11044,18.398817,29.192
11045,18.400483,29.192
11046,18.402217,29.186
11047,18.403817,29.177
11048,18.4055,29.166
11049,18.407183,29.166
11050,18.408817,29.162
11051,18.410483,29.164
11052,18.41215,29.164
11053,18.413817,29.17
11054,18.415483,29.181
11055,18.41715,29.181
11056,18.418817,29.181
11057,18.420483,29.18
11058,18.42215,29.183
11059,18.423817,29.175
11060,18.425483,29.175
11061,18.42715,29.175
11062,18.428817,29.178
11063,18.430483,29.178
11064,18.43215,29.178
11065,18.433817,29.186
11066,18.4356,29.19
11067,18.43715,29.196
11068,18.438817,29.196
11069,18.440483,29.201
11070,18.44215,29.195
11071,18.443817,29.195
11072,18.445483,29.197
11073,18.44715,29.197
11074,18.448817,29.197
11075,18.450483,29.197
11076,18.45215,29.196
11077,18.453817,29.19
11078,18.455483,29.181
11079,18.45715,29.181
11080,18.458817,29.181
11081,18.460467,29.19
11082,18.462133,29.19
11083,18.4638,29.19
11084,18.465467,29.197
11085,18.467133,29.197
11086,18.4688,29.197
11087,18.470467,29.192
11088,18.472133,29.188
11089,18.4738,29.181
11090,18.475467,29.181
11091,18.47715,29.176
11092,18.47885,29.172
11093,18.480483,29.18
11094,18.482133,29.18
11095,18.4838,29.183
11096,18.485467,29.19
11097,18.487133,29.195
11098,18.4888,29.195
11099,18.490467,29.191
11100,18.492133,29.186
11101,18.493833,29.183
11102,18.495467,29.183
11103,18.497133,29.183
11104,18.4988,29.186
11105,18.500467,29.186
11106,18.502133,29.186
11107,18.5038,29.187
11108,18.505467,29.192
11109,18.507133,29.192
11110,18.5088,29.189
11111,18.510467,29.19
11112,18.512133,29.189
11113,18.5138,29.189
11114,18.515467,29.187
11115,18.517133,29.194
11116,18.518783,29.205
11117,18.520533,29.205
11118,18.522117,29.209
11119,18.523783,29.205
11120,18.52545,29.205
11121,18.527117,29.195
11122,18.528783,29.182
11123,18.53045,29.181
11124,18.532117,29.181
11125,18.533783,29.186
11126,18.53545,29.194
11127,18.537117,29.201
11128,18.538783,29.201
11129,18.54045,29.202
11130,18.542117,29.201
11131,18.543783,29.202
11132,18.54545,29.202
11133,18.547117,29.204
11134,18.548783,29.206
11135,18.55045,29.206
11136,18.552117,29.207
11137,18.553917,29.203
11138,18.55545,29.204
11139,18.557117,29.204
11140,18.558783,29.199
11141,18.56045,29.193
11142,18.562117,29.191
11143,18.563783,29.191
11144,18.56545,29.191
11145,18.567117,29.195
11146,18.568783,29.205
11147,18.57045,29.205
11148,18.572117,29.212
11149,18.573783,29.211
11150,18.57545,29.211
11151,18.5771,29.211
11152,18.578767,29.201
11153,18.580433,29.201
11154,18.582117,29.201
11155,18.583817,29.2
11156,18.585433,29.192
11157,18.5871,29.193
11158,18.588767,29.193
11159,18.590433,29.192
11160,18.5921,29.195
11161,18.593767,29.199
11162,18.595433,29.199
11163,18.5971,29.2
11164,18.598767,29.195
11165,18.600433,29.19
11166,18.6021,29.19
11167,18.603767,29.191
11168,18.605433,29.188
11169,18.6071,29.188
11170,18.608767,29.188
11171,18.610433,29.189
11172,18.6121,29.189
11173,18.613767,29.189
11174,18.615433,29.188
11175,18.6171,29.189
11176,18.618767,29.187
11177,18.620433,29.187
11178,18.622117,29.185
11179,18.623767,29.192
11180,18.625433,29.189
11181,18.6271,29.189
11182,18.628767,29.185
11183,18.630433,29.181
11184,18.6321,29.178
11185,18.633767,29.178
11186,18.635433,29.19
11187,18.6371,29.193
11188,18.638817,29.193
11189,18.640417,29.196
11190,18.642083,29.197
11191,18.64375,29.185
11192,18.645417,29.185
11193,18.647083,29.183
11194,18.64875,29.177
11195,18.650417,29.174
11196,18.652083,29.174
11197,18.65375,29.178
11198,18.655417,29.183
11199,18.657083,29.188
11200,18.65875,29.188
11201,18.660417,29.188
11202,18.662083,29.183
11203,18.663733,29.183
11204,18.6654,29.177
11205,18.667067,29.184
11206,18.668733,29.187
11207,18.6704,29.187
11208,18.672183,29.193
11209,18.673733,29.195
11210,18.6754,29.188
11211,18.677067,29.188
11212,18.678733,29.187
11213,18.6804,29.187
11214,18.682067,29.191
11215,18.683733,29.191
11216,18.6854,29.199
11217,18.687067,29.202
11218,18.688733,29.202
11219,18.6904,29.202
11220,18.692067,29.199
11221,18.693733,29.195
11222,18.6954,29.195
11223,18.697067,29.192
11224,18.698733,29.193
11225,18.700383,29.192
11226,18.702083,29.192
11227,18.703717,29.195
11228,18.705383,29.198
11229,18.70705,29.196
11230,18.708717,29.196
11231,18.710383,29.201
11232,18.71205,29.197
11233,18.713717,29.195
11234,18.715383,29.195
11235,18.71705,29.195
11236,18.718717,29.196
11237,18.720383,29.196
11238,18.72205,29.199
11239,18.723717,29.201
11240,18.725383,29.201
11241,18.72705,29.201
11242,18.728717,29.193
11243,18.730383,29.195
11244,18.73205,29.194
11245,18.733717,29.194
11246,18.735383,29.191
11247,18.73705,29.197
11248,18.738717,29.193
11249,18.740383,29.193
11250,18.74205,29.192
11251,18.74375,29.19
11252,18.745383,29.19
11253,18.74705,29.186
11254,18.748717,29.189
11255,18.750383,29.191
11256,18.75205,29.191
11257,18.753717,29.189
11258,18.755383,29.187
11259,18.7571,29.182
11260,18.758717,29.182
11261,18.760367,29.179
11262,18.762033,29.188
11263,18.7637,29.192
11264,18.765367,29.192
11265,18.767033,29.196
11266,18.7687,29.202
11267,18.770367,29.2
11268,18.772033,29.2
11269,18.773783,29.204
11270,18.7754,29.201
11271,18.777033,29.201
11272,18.7787,29.196
11273,18.780367,29.189
11274,18.782033,29.182
11275,18.7837,29.182
11276,18.785367,29.186
11277,18.787033,29.193
11278,18.7887,29.195
11279,18.790483,29.195
11280,18.792033,29.193
11281,18.7937,29.188
11282,18.795367,29.181
11283,18.797033,29.181
11284,18.7987,29.181
11285,18.800367,29.181
11286,18.802033,29.181
11287,18.8037,29.18
11288,18.805367,29.18
11289,18.807033,29.178
11290,18.8087,29.178
11291,18.810367,29.178
11292,18.812033,29.18
11293,18.8137,29.177
11294,18.815367,29.177
11295,18.817017,29.174
11296,18.818683,29.174
11297,18.82035,29.167
11298,18.822017,29.167
11299,18.823683,29.163
11300,18.82535,29.165
11301,18.827017,29.165
11302,18.828683,29.165
11303,18.83035,29.167
11304,18.832017,29.175
11305,18.8337,29.175
11306,18.83535,29.18
11307,18.837017,29.187
11308,18.838683,29.192
11309,18.84035,29.192
11310,18.842017,29.188
11311,18.843683,29.187
11312,18.84535,29.181
11313,18.847017,29.181
11314,18.848717,29.183
11315,18.85035,29.183
11316,18.852017,29.173
11317,18.853683,29.173
11318,18.85535,29.171
11319,18.857017,29.166
11320,18.858683,29.166
11321,18.86035,29.168
11322,18.862017,29.175
11323,18.863683,29.175
11324,18.86535,29.175
11325,18.867017,29.172
11326,18.868683,29.175
11327,18.87035,29.175
11328,18.872017,29.175
11329,18.873683,29.175
11330,18.875367,29.175
11331,18.877017,29.168
11332,18.878667,29.168
11333,18.880333,29.168
11334,18.882,29.176
11335,18.883683,29.185
11336,18.885333,29.185
11337,18.887,29.186
11338,18.888667,29.191
11339,18.890333,29.191
11340,18.892,29.185
11341,18.893667,29.181
11342,18.895333,29.181
11343,18.897,29.181
11344,18.898667,29.173
11345,18.900333,29.168
11346,18.902,29.165
11347,18.903667,29.165
11348,18.905333,29.162
11349,18.907,29.157
11350,18.908767,29.162
11351,18.910333,29.162
11352,18.912,29.163
11353,18.913667,29.165
11354,18.915333,29.165
11355,18.917,29.171
11356,18.918667,29.177
11357,18.920333,29.176
11358,18.922017,29.176
11359,18.923667,29.173
11360,18.925417,29.172
11361,18.927,29.162
11362,18.928683,29.162
11363,18.930333,29.159
11364,18.932,29.165
11365,18.933667,29.17
11366,18.935333,29.17
11367,18.937,29.179
11368,18.93865,29.185
11369,18.940317,29.185
11370,18.941983,29.185
11371,18.94365,29.183
11372,18.945317,29.184
11373,18.946983,29.184
11374,18.94865,29.185
11375,18.950317,29.183
11376,18.951983,29.191
11377,18.95365,29.191
11378,18.9553,29.19
11379,18.956967,29.194
11380,18.958633,29.199
11381,18.9603,29.199
11382,18.961967,29.193
11383,18.963633,29.196
11384,18.9653,29.194
11385,18.966967,29.194
11386,18.968633,29.196
11387,18.9703,29.198
11388,18.971967,29.198
11389,18.973633,29.201
11390,18.9753,29.202
11391,18.976967,29.199
11392,18.978633,29.199
11393,18.9803,29.201
11394,18.981967,29.206
11395,18.983633,29.207
11396,18.9853,29.207
11397,18.986967,29.212
11398,18.988633,29.209
11399,18.9903,29.2
11400,18.991967,29.2
11401,18.993683,29.199
11402,18.9953,29.199
11403,18.996967,29.199
11404,18.998633,29.203
11405,19.000283,29.209
11406,19.00195,29.216
11407,19.003617,29.216
11408,19.005283,29.216
11409,19.00695,29.222
11410,19.008617,29.221
11411,19.01035,29.221
11412,19.01195,29.213
11413,19.013617,29.212
11414,19.015283,29.209
11415,19.01695,29.209
11416,19.018617,29.207
11417,19.020283,29.21
11418,19.02195,29.215
11419,19.023617,29.215
11420,19.025283,29.215
11421,19.027017,29.216
11422,19.028617,29.216
11423,19.030283,29.214
11424,19.03195,29.211
11425,19.033617,29.204
11426,19.035283,29.204
11427,19.03695,29.206
11428,19.038617,29.202
11429,19.040283,29.197
11430,19.04195,29.197
11431,19.043717,29.194
11432,19.045283,29.193
11433,19.04695,29.199
11434,19.048617,29.199
11435,19.050283,29.212
11436,19.05195,29.223
11437,19.053617,29.223
11438,19.055283,29.23
11439,19.05695,29.23
11440,19.058617,29.222
11441,19.060267,29.222
11442,19.061933,29.218
11443,19.0636,29.21
11444,19.065267,29.204
11445,19.066933,29.204
11446,19.0686,29.204
11447,19.070283,29.199
11448,19.072,29.195
11449,19.0736,29.195
11450,19.075267,29.193
11451,19.076933,29.193
11452,19.0786,29.199
11453,19.080267,29.199
11454,19.081933,29.2
11455,19.0836,29.209
11456,19.085267,29.209
11457,19.086933,29.209
11458,19.0886,29.209
11459,19.090267,29.214
11460,19.091933,29.214
11461,19.0936,29.21
11462,19.095267,29.203
11463,19.096933,29.194
11464,19.0986,29.194
11465,19.100267,29.185
11466,19.101933,29.182
11467,19.1036,29.182
11468,19.105267,29.182
11469,19.106933,29.185
11470,19.1086,29.191
11471,19.110267,29.191
11472,19.111933,29.193
11473,19.1136,29.191
11474,19.115267,29.195
11475,19.116933,29.195
11476,19.118583,29.196
11477,19.12025,29.2
11478,19.121917,29.208
11479,19.123583,29.208
11480,19.12525,29.215
11481,19.126917,29.218
11482,19.12865,29.218
11483,19.13025,29.218
11484,19.131917,29.218
11485,19.133583,29.218
11486,19.13525,29.218
11487,19.136917,29.211
11488,19.138583,29.208
11489,19.14025,29.206
11490,19.14195,29.206
11491,19.143667,29.192
11492,19.145267,29.19
11493,19.146917,29.192
11494,19.148583,29.192
11495,19.15025,29.186
11496,19.151917,29.192
11497,19.153583,29.194
11498,19.15525,29.194
11499,19.156917,29.194
11500,19.158583,29.198
11501,19.16025,29.198
11502,19.162033,29.198
11503,19.163583,29.201
11504,19.16525,29.205
11505,19.166917,29.205
11506,19.168583,29.203
11507,19.17025,29.207
11508,19.171917,29.208
11509,19.173583,29.208
11510,19.17525,29.207
11511,19.1769,29.217
11512,19.178567,29.222
11513,19.180233,29.222
11514,19.1819,29.227
11515,19.183567,29.229
11516,19.185233,29.225
11517,19.1869,29.225
11518,19.188567,29.217
11519,19.190233,29.214
11520,19.1919,29.214
11521,19.193567,29.211
11522,19.195233,29.209
11523,19.1969,29.213
11524,19.198567,29.213
11525,19.200233,29.215
11526,19.2019,29.214
11527,19.203567,29.215
11528,19.205233,29.215
11529,19.2069,29.205
11530,19.208567,29.203
11531,19.210233,29.205
11532,19.211933,29.205
11533,19.213567,29.205
11534,19.215267,29.217
11535,19.2169,29.216
11536,19.218567,29.216
11537,19.220233,29.216
11538,19.2219,29.211
11539,19.223567,29.211
11540,19.225233,29.204
11541,19.2269,29.202
11542,19.228567,29.197
11543,19.230233,29.197
11544,19.2319,29.194
11545,19.233567,29.19
11546,19.235233,29.192
11547,19.2369,29.192
11548,19.23855,29.196
11549,19.240217,29.197
11550,19.241883,29.203
11551,19.24355,29.203
11552,19.245217,29.198
11553,19.246917,29.195
11554,19.248533,29.195
11555,19.2502,29.201
11556,19.251867,29.2
11557,19.253533,29.199
11558,19.2552,29.199
11559,19.256867,29.206
11560,19.258533,29.206
11561,19.2602,29.209
11562,19.261867,29.209
11563,19.263533,29.216
11564,19.2652,29.222
11565,19.266867,29.222
11566,19.268533,29.222
11567,19.2702,29.225
11568,19.271867,29.233
11569,19.273533,29.233
11570,19.2752,29.233
11571,19.276867,29.237
11572,19.278533,29.235
11573,19.2803,29.235
11574,19.281867,29.228
11575,19.283533,29.222
11576,19.2852,29.215
11577,19.286933,29.215
11578,19.28855,29.216
11579,19.2902,29.215
11580,19.291867,29.213
11581,19.293533,29.213
11582,19.2952,29.216
11583,19.296867,29.215
11584,19.298533,29.215
11585,19.300183,29.215
11586,19.30185,29.217
11587,19.303517,29.215
11588,19.305183,29.215
11589,19.30685,29.209
11590,19.308517,29.207
11591,19.310183,29.206
11592,19.31185,29.206
11593,19.313517,29.208
11594,19.315183,29.215
11595,19.31685,29.223
11596,19.318517,29.223
11597,19.320183,29.225
11598,19.32185,29.217
11599,19.323517,29.208
11600,19.325183,29.208
11601,19.32685,29.199
11602,19.328517,29.2
11603,19.330183,29.2
11604,19.33185,29.203
11605,19.333517,29.209
11606,19.335183,29.205
11607,19.33685,29.205
11608,19.338517,29.205
11609,19.340183,29.214
11610,19.34185,29.213
11611,19.343517,29.213
11612,19.345183,29.219
11613,19.34685,29.218
11614,19.348517,29.207
11615,19.350183,29.207
11616,19.351883,29.202
11617,19.353533,29.204
11618,19.355183,29.198
11619,19.35685,29.198
11620,19.3585,29.206
11621,19.360167,29.216
11622,19.361833,29.216
11623,19.3635,29.213
11624,19.36525,29.217
11625,19.366833,29.211
11626,19.3685,29.211
11627,19.370167,29.206
11628,19.371833,29.206
11629,19.3735,29.201
11630,19.375167,29.201
11631,19.376833,29.204
11632,19.3785,29.204
11633,19.380167,29.204
11634,19.381833,29.204
11635,19.3835,29.209
11636,19.385167,29.218
11637,19.386833,29.218
11638,19.3885,29.225
11639,19.390167,29.227
11640,19.391833,29.228
11641,19.3935,29.228
11642,19.395167,29.223
11643,19.396833,29.217
11644,19.39855,29.216
11645,19.400167,29.216
11646,19.401833,29.219
11647,19.4035,29.22
11648,19.405167,29.224
11649,19.406833,29.224
11650,19.4085,29.225
11651,19.410167,29.22
11652,19.411833,29.217
11653,19.4135,29.217
11654,19.415167,29.22
11655,19.416833,29.227
11656,19.418483,29.227
11657,19.42015,29.23
11658,19.421817,29.237
11659,19.423483,29.231
11660,19.42515,29.231
11661,19.426817,29.223
11662,19.428483,29.224
11663,19.43015,29.227
11664,19.431833,29.227
11665,19.433483,29.23
11666,19.43515,29.234
11667,19.436817,29.234
11668,19.438483,29.234
11669,19.44015,29.231
11670,19.441817,29.235
11671,19.4435,29.235
11672,19.445183,29.231
11673,19.446817,29.224
11674,19.448483,29.219
11675,19.45015,29.219
11676,19.451817,29.21
11677,19.453483,29.209
11678,19.45515,29.212
11679,19.456817,29.212
11680,19.458483,29.213
11681,19.46015,29.218
11682,19.461817,29.22
11683,19.463483,29.22
11684,19.46515,29.22
11685,19.466817,29.218
11686,19.468483,29.215
11687,19.47015,29.215
11688,19.471817,29.208
11689,19.473483,29.202
11690,19.47515,29.202
11691,19.4768,29.204
11692,19.478467,29.21
11693,19.480133,29.22
11694,19.4818,29.22
11695,19.48355,29.23
11696,19.485133,29.225
11697,19.4868,29.224
11698,19.488467,29.224
11699,19.490133,29.216
11700,19.4918,29.209
11701,19.493467,29.215
11702,19.495133,29.215
11703,19.4968,29.208
11704,19.498467,29.21
11705,19.500133,29.21
11706,19.501833,29.213
11707,19.503467,29.205
11708,19.505133,29.209
11709,19.5068,29.209
11710,19.508467,29.212
11711,19.510133,29.206
11712,19.5118,29.211
11713,19.513467,29.211
11714,19.51515,29.211
11715,19.516917,29.209
11716,19.518467,29.214
11717,19.520133,29.214
11718,19.5218,29.213
11719,19.523467,29.21
11720,19.525133,29.211
11721,19.5268,29.211
11722,19.528467,29.209
11723,19.530133,29.209
11724,19.5318,29.209
11725,19.533483,29.216
11726,19.535167,29.217
11727,19.5368,29.217
11728,19.53845,29.217
11729,19.5401,29.216
11730,19.541767,29.202
11731,19.543433,29.2
11732,19.5451,29.2
11733,19.546767,29.2
11734,19.548433,29.202
11735,19.5501,29.217
11736,19.551767,29.217
11737,19.553433,29.223
11738,19.5551,29.224
11739,19.556767,29.224
11740,19.558433,29.225
11741,19.5601,29.217
11742,19.561767,29.218
11743,19.563433,29.218
11744,19.5651,29.217
11745,19.566767,29.216
11746,19.568433,29.221
11747,19.5701,29.221
11748,19.571767,29.215
11749,19.573433,29.216
11750,19.57515,29.211
11751,19.576767,29.211
11752,19.578433,29.209
11753,19.5801,29.207
11754,19.581767,29.207
11755,19.583433,29.209
11756,19.5851,29.217
11757,19.586767,29.212
11758,19.588433,29.212
11759,19.5901,29.213
11760,19.591767,29.219
11761,19.593433,29.221
11762,19.5951,29.221
11763,19.59675,29.228
11764,19.598417,29.234
11765,19.600083,29.228
11766,19.601817,29.228
11767,19.603417,29.222
11768,19.605083,29.219
11769,19.60675,29.214
11770,19.608417,29.214
11771,19.610083,29.212
11772,19.61175,29.213
11773,19.613417,29.213
11774,19.615083,29.215
11775,19.616783,29.216
11776,19.618467,29.218
11777,19.620083,29.218
11778,19.62175,29.219
11779,19.623417,29.223
11780,19.625083,29.23
11781,19.62675,29.23
11782,19.628417,29.237
11783,19.630083,29.246
11784,19.63175,29.248
11785,19.633417,29.248
11786,19.6352,29.247
11787,19.63675,29.244
11788,19.638417,29.244
11789,19.640083,29.234
11790,19.64175,29.229
11791,19.643417,29.223
11792,19.645083,29.223
11793,19.64675,29.217
11794,19.648417,29.218
11795,19.650083,29.218
11796,19.65175,29.218
11797,19.653417,29.221
11798,19.655117,29.229
11799,19.65675,29.23
11800,19.6584,29.23
11801,19.660067,29.234
11802,19.661733,29.237
11803,19.6634,29.231
11804,19.665067,29.231
11805,19.666733,29.231
11806,19.6684,29.229
11807,19.670067,29.229
11808,19.671733,29.225
11809,19.6734,29.226
11810,19.675067,29.223
11811,19.676733,29.223
11812,19.6784,29.221
11813,19.680067,29.217
11814,19.681733,29.221
11815,19.6834,29.221
11816,19.685067,29.23
11817,19.686733,29.235
11818,19.6884,29.243
11819,19.690083,29.243
11820,19.691733,29.241
11821,19.6934,29.232
11822,19.695067,29.232
11823,19.696733,29.226
11824,19.6984,29.219
11825,19.700067,29.217
11826,19.701767,29.217
11827,19.7034,29.216
11828,19.705067,29.215
11829,19.706733,29.212
11830,19.7084,29.212
11831,19.710067,29.212
11832,19.711733,29.215
11833,19.7134,29.218
11834,19.715067,29.218
11835,19.716733,29.218
11836,19.718383,29.218
11837,19.7201,29.219
11838,19.721717,29.219
11839,19.723383,29.221
11840,19.72505,29.231
11841,19.726717,29.231
11842,19.728383,29.233
11843,19.73005,29.239
11844,19.731717,29.238
11845,19.733383,29.238
11846,19.73505,29.238
11847,19.736733,29.24
11848,19.738383,29.234
11849,19.74005,29.234
11850,19.741717,29.233
11851,19.743383,29.23
11852,19.74505,29.224
11853,19.746717,29.224
11854,19.748383,29.223
11855,19.75005,29.225
11856,19.751717,29.225
11857,19.753467,29.224
11858,19.75505,29.229
11859,19.756717,29.228
11860,19.758383,29.228
11861,19.76005,29.224
11862,19.761717,29.216
11863,19.763383,29.216
11864,19.76505,29.216
11865,19.766717,29.212
11866,19.768383,29.217
11867,19.77005,29.22
11868,19.771717,29.22
11869,19.773383,29.219
11870,19.77505,29.221
11871,19.776717,29.221
11872,19.778367,29.212
11873,19.780033,29.212
11874,19.7817,29.213
11875,19.783367,29.213
11876,19.785033,29.22
11877,19.7867,29.225
11878,19.788367,29.225
11879,19.790033,29.225
11880,19.7917,29.224
11881,19.793433,29.223
11882,19.795033,29.224
11883,19.7967,29.224
11884,19.798367,29.228
11885,19.800033,29.234
11886,19.8017,29.229
11887,19.803367,29.229
11888,19.805033,29.23
11889,19.8067,29.227
11890,19.808367,29.227
11891,19.810033,29.221
11892,19.8117,29.221
11893,19.813367,29.224
11894,19.815033,29.224
11895,19.8167,29.228
11896,19.818367,29.228
11897,19.820033,29.228
11898,19.8217,29.228
11899,19.823367,29.224
11900,19.825033,29.219
11901,19.8267,29.225
11902,19.828367,29.225
11903,19.830017,29.233
11904,19.831683,29.239
11905,19.83335,29.239
11906,19.835017,29.243
11907,19.836683,29.241
11908,19.838367,29.238
11909,19.84,29.238
11910,19.841667,29.236
11911,19.843333,29.24
11912,19.845,29.244
11913,19.846667,29.244
11914,19.848333,29.24
11915,19.85,29.244
11916,19.851667,29.241
11917,19.853333,29.241
11918,19.855067,29.24
11919,19.856667,29.248
11920,19.858333,29.245
11921,19.86,29.245
11922,19.8617,29.242
11923,19.86335,29.241
11924,19.865017,29.241
11925,19.866667,29.233
11926,19.868333,29.234
11927,19.87,29.235
11928,19.87175,29.235
11929,19.873333,29.229
11930,19.875,29.224
11931,19.876667,29.22
11932,19.878333,29.22
11933,19.88,29.215
11934,19.881667,29.221
11935,19.883333,29.229
11936,19.885,29.229
11937,19.886667,29.227
11938,19.888433,29.226
11939,19.89,29.226
11940,19.891667,29.22
11941,19.893333,29.214
11942,19.895,29.216
11943,19.896667,29.216
11944,19.898317,29.217
11945,19.899983,29.218
11946,19.90165,29.219
11947,19.903317,29.219
11948,19.904983,29.218
11949,19.90665,29.225
11950,19.908317,29.229
11951,19.909983,29.229
11952,19.91165,29.235
11953,19.913317,29.241
11954,19.914983,29.241
11955,19.91665,29.24
11956,19.918317,29.244
11957,19.919983,29.243
11958,19.92165,29.243
11959,19.923317,29.245
11960,19.924983,29.242
11961,19.92665,29.233
11962,19.928317,29.233
11963,19.929983,29.227
11964,19.93165,29.217
11965,19.933317,29.211
11966,19.935033,29.211
11967,19.93665,29.215
11968,19.938367,29.21
11969,19.939983,29.209
11970,19.94165,29.209
11971,19.943317,29.203
11972,19.944983,29.198
11973,19.94665,29.198
11974,19.948317,29.197
11975,19.949983,29.196
11976,19.95165,29.205
11977,19.953317,29.205
11978,19.954983,29.208
11979,19.956667,29.211
11980,19.9583,29.213
11981,19.959967,29.213
11982,19.961633,29.211
11983,19.9633,29.215
11984,19.964967,29.216
11985,19.966633,29.216
11986,19.9683,29.219
11987,19.969967,29.226
11988,19.971633,29.226
11989,19.973317,29.228
11990,19.974967,29.23
11991,19.976633,29.228
11992,19.9783,29.228
11993,19.979967,29.228
11994,19.981633,29.221
11995,19.9833,29.219
11996,19.984967,29.219
11997,19.986633,29.224
11998,19.9883,29.216
11999,19.99,29.216
12000,19.991633,29.216
12001,19.9933,29.219
12002,19.994967,29.225
12003,19.996633,29.229
12004,19.9983,29.229
12005,19.999967,29.231
12006,20.001633,29.236
12007,20.0033,29.236
12008,20.004967,29.237
12009,20.00675,29.241
12010,20.0083,29.237
12011,20.009967,29.237
12012,20.011633,29.228
12013,20.0133,29.22
12014,20.014967,29.214
12015,20.016667,29.214
12016,20.018317,29.216
12017,20.01995,29.218
12018,20.021617,29.22
12019,20.023283,29.22
12020,20.02495,29.226
12021,20.026617,29.226
12022,20.028283,29.226
12023,20.02995,29.228
12024,20.031617,29.226
12025,20.033283,29.22
12026,20.03495,29.22
12027,20.036617,29.226
12028,20.038283,29.224
12029,20.03995,29.222
12030,20.041617,29.222
12031,20.043283,29.224
12032,20.04495,29.228
12033,20.046617,29.233
12034,20.048283,29.233
12035,20.04995,29.24
12036,20.051617,29.244
12037,20.053283,29.24
12038,20.05495,29.24
12039,20.056617,29.242
12040,20.058283,29.238
12041,20.05995,29.238
12042,20.061617,29.233
12043,20.063283,29.229
12044,20.06495,29.223
12045,20.066617,29.223
12046,20.068283,29.222
12047,20.06995,29.222
12048,20.071617,29.218
12049,20.073283,29.218
12050,20.07495,29.222
12051,20.076617,29.229
12052,20.078267,29.231
12053,20.079933,29.231
12054,20.0816,29.234
12055,20.083283,29.231
12056,20.084983,29.231
12057,20.0866,29.222
12058,20.088267,29.222
12059,20.089967,29.226
12060,20.091667,29.226
12061,20.093283,29.227
12062,20.094933,29.236
12063,20.0966,29.238
12064,20.098267,29.238
12065,20.099933,29.234
12066,20.1016,29.23
12067,20.103267,29.229
12068,20.104933,29.229
12069,20.1066,29.224
12070,20.108267,29.23
12071,20.109933,29.23
12072,20.1116,29.23
12073,20.113267,29.227
12074,20.114933,29.226
12075,20.1166,29.226
12076,20.118267,29.218
12077,20.119933,29.217
12078,20.121583,29.216
12079,20.12325,29.216
12080,20.125017,29.218
12081,20.126583,29.22
12082,20.12825,29.221
12083,20.129917,29.221
12084,20.131583,29.216
12085,20.13325,29.213
12086,20.134917,29.211
12087,20.136583,29.211
12088,20.138233,29.21
12089,20.1399,29.217
12090,20.141567,29.217
12091,20.143233,29.224
12092,20.1449,29.226
12093,20.146567,29.226
12094,20.148233,29.226
12095,20.1499,29.227
12096,20.151567,29.223
12097,20.153233,29.224
12098,20.1549,29.224
12099,20.156567,29.23
12100,20.158233,29.232
12101,20.159933,29.24
12102,20.161567,29.24
12103,20.163233,29.239
12104,20.1649,29.242
12105,20.166567,29.242
12106,20.168233,29.238
12107,20.1699,29.229
12108,20.171567,29.228
12109,20.173233,29.228
12110,20.1749,29.225
12111,20.176567,29.225
12112,20.178267,29.225
12113,20.1799,29.225
12114,20.181567,29.232
12115,20.183233,29.23
12116,20.1849,29.233
12117,20.186567,29.233
12118,20.188233,29.241
12119,20.1899,29.238
12120,20.191567,29.235
12121,20.193233,29.235
12122,20.1949,29.225
12123,20.196567,29.216
12124,20.198217,29.216
12125,20.199883,29.21
12126,20.20155,29.212
12127,20.203217,29.213
12128,20.204883,29.213
12129,20.20655,29.213
12130,20.208217,29.221
12131,20.209933,29.217
12132,20.21155,29.217
12133,20.213217,29.219
12134,20.214883,29.219
12135,20.21655,29.212
12136,20.218217,29.212
12137,20.219883,29.211
12138,20.22155,29.21
12139,20.223217,29.21
12140,20.224883,29.209
12141,20.22655,29.209
12142,20.228217,29.21
12143,20.229883,29.21
12144,20.23155,29.214
12145,20.233217,29.215
12146,20.234883,29.211
12147,20.23655,29.211
12148,20.238217,29.206
12149,20.239883,29.204
12150,20.24155,29.205
12151,20.243333,29.205
12152,20.244883,29.208
12153,20.24655,29.215
12154,20.248217,29.211
12155,20.249883,29.211
12156,20.25155,29.21
12157,20.253217,29.217
12158,20.254883,29.217
12159,20.25655,29.218
12160,20.2582,29.216
12161,20.259867,29.218
12162,20.261533,29.218
12163,20.2632,29.223
12164,20.264867,29.227
12165,20.266533,29.233
12166,20.268217,29.233
12167,20.269883,29.23
12168,20.271533,29.219
12169,20.2732,29.216
12170,20.274867,29.216
12171,20.276533,29.219
12172,20.2782,29.22
12173,20.279867,29.22
12174,20.281533,29.222
12175,20.2832,29.218
12176,20.284867,29.214
12177,20.286533,29.214
12178,20.2882,29.22
12179,20.289867,29.225
12180,20.291533,29.232
12181,20.2932,29.232
12182,20.294867,29.242
12183,20.296533,29.242
12184,20.2982,29.246
12185,20.299867,29.246
12186,20.301533,29.248
12187,20.3032,29.238
12188,20.304883,29.234
12189,20.306533,29.234
12190,20.3082,29.228
12191,20.309867,29.224
12192,20.311533,29.224
12193,20.3132,29.234
12194,20.314867,29.244
12195,20.316533,29.251
12196,20.318183,29.251
12197,20.31985,29.251
12198,20.321517,29.243
12199,20.323183,29.238
12200,20.32485,29.238
12201,20.326517,29.236
12202,20.328233,29.237
12203,20.32985,29.242
12204,20.331517,29.242
12205,20.333183,29.244
12206,20.33485,29.237
12207,20.336517,29.237
12208,20.338183,29.23
12209,20.33985,29.228
12210,20.341517,29.215
12211,20.343183,29.215
12212,20.34485,29.21
12213,20.346517,29.208
12214,20.3482,29.202
12215,20.34985,29.202
12216,20.351517,29.204
12217,20.353183,29.207
12218,20.35485,29.205
12219,20.356517,29.205
12220,20.358183,29.199
12221,20.35985,29.197
12222,20.361633,29.2
12223,20.363183,29.2
12224,20.36485,29.203
12225,20.366517,29.204
12226,20.368183,29.204
12227,20.36985,29.209
12228,20.371517,29.207
12229,20.373183,29.208
12230,20.37485,29.208
12231,20.3765,29.205
12232,20.378167,29.198
12233,20.379833,29.192
12234,20.3815,29.192
12235,20.383183,29.193
12236,20.384883,29.196
12237,20.3865,29.196
12238,20.388167,29.196
12239,20.389833,29.204
12240,20.3915,29.201
12241,20.393167,29.201
12242,20.394833,29.204
12243,20.3965,29.208
12244,20.398167,29.203
12245,20.399833,29.203
12246,20.4015,29.203
12247,20.403167,29.204
12248,20.404833,29.208
12249,20.4065,29.208
12250,20.408167,29.205
12251,20.409833,29.206
12252,20.411483,29.202
12253,20.41315,29.202
12254,20.414817,29.197
12255,20.416483,29.202
12256,20.41815,29.202
12257,20.419817,29.203
12258,20.421483,29.206
12259,20.42315,29.208
12260,20.424817,29.208
12261,20.426483,29.208
12262,20.428183,29.213
12263,20.429817,29.22
12264,20.431483,29.22
12265,20.43315,29.223
12266,20.434817,29.223
12267,20.436483,29.223
12268,20.438133,29.223
12269,20.4398,29.219
12270,20.441467,29.212
12271,20.44315,29.212
12272,20.4448,29.212
12273,20.44655,29.208
12274,20.448133,29.206
12275,20.449833,29.206
12276,20.451467,29.211
12277,20.453133,29.212
12278,20.4548,29.209
12279,20.456467,29.209
12280,20.458133,29.209
12281,20.4598,29.211
12282,20.461467,29.211
12283,20.463167,29.211
12284,20.4648,29.215
12285,20.466467,29.215
12286,20.468133,29.221
12287,20.4698,29.221
12288,20.471467,29.23
12289,20.473133,29.235
12290,20.4748,29.235
12291,20.476467,29.236
12292,20.478133,29.225
12293,20.4799,29.216
12294,20.481467,29.216
12295,20.483133,29.21
12296,20.4848,29.21
12297,20.486467,29.215
12298,20.488133,29.215
12299,20.4898,29.22
12300,20.491467,29.227
12301,20.493133,29.23
12302,20.4948,29.23
12303,20.496467,29.232
12304,20.498117,29.235
12305,20.499783,29.235
12306,20.50145,29.237
12307,20.503117,29.235
12308,20.504783,29.231
12309,20.50645,29.231
12310,20.508117,29.225
12311,20.509783,29.22
12312,20.51145,29.224
12313,20.513117,29.224
12314,20.514783,29.223
12315,20.51645,29.224
12316,20.518133,29.225
12317,20.519783,29.225
12318,20.52145,29.215
12319,20.523117,29.212
12320,20.524783,29.212
12321,20.526467,29.212
12322,20.528117,29.209
12323,20.529783,29.211
12324,20.53145,29.211
12325,20.533117,29.216
12326,20.534783,29.219
12327,20.53645,29.218
12328,20.538117,29.218
12329,20.539783,29.213
12330,20.54145,29.206
12331,20.543117,29.201
12332,20.544783,29.201
12333,20.54645,29.202
12334,20.548117,29.206
12335,20.549783,29.206
12336,20.55145,29.206
12337,20.553117,29.206
12338,20.554783,29.208
12339,20.55645,29.208
12340,20.5581,29.214
12341,20.559767,29.223
12342,20.561433,29.227
12343,20.5631,29.227
12344,20.564783,29.225
12345,20.566433,29.225
12346,20.5681,29.221
12347,20.569767,29.221
12348,20.571433,29.222
12349,20.5731,29.228
12350,20.574767,29.23
12351,20.576433,29.23
12352,20.5781,29.236
12353,20.579767,29.237
12354,20.581433,29.24
12355,20.5831,29.24
12356,20.584767,29.234
12357,20.586433,29.226
12358,20.5881,29.226
12359,20.589767,29.219
12360,20.591433,29.212
12361,20.5931,29.214
12362,20.594767,29.214
12363,20.596433,29.22
12364,20.598167,29.223
12365,20.599833,29.222
12366,20.601433,29.222
12367,20.6031,29.222
12368,20.604767,29.218
12369,20.606433,29.215
12370,20.6081,29.215
12371,20.609767,29.213
12372,20.611433,29.203
12373,20.6131,29.203
12374,20.614883,29.197
12375,20.616433,29.199
12376,20.6181,29.2
12377,20.61975,29.2
12378,20.621417,29.211
12379,20.623083,29.215
12380,20.62475,29.221
12381,20.626417,29.221
12382,20.628083,29.221
12383,20.62975,29.218
12384,20.631417,29.219
12385,20.633083,29.219
12386,20.63475,29.219
12387,20.636417,29.218
12388,20.638083,29.214
12389,20.63975,29.214
12390,20.641417,29.214
12391,20.643083,29.21
12392,20.64475,29.21
12393,20.646417,29.209
12394,20.648083,29.218
12395,20.64975,29.223
12396,20.651417,29.223
12397,20.653083,29.224
12398,20.65475,29.236
12399,20.656417,29.232
12400,20.658083,29.232
12401,20.65975,29.228
12402,20.661417,29.228
12403,20.663083,29.22
12404,20.66475,29.22
12405,20.666417,29.224
12406,20.668083,29.231
12407,20.66975,29.231
12408,20.67145,29.226
12409,20.673117,29.224
12410,20.67475,29.218
12411,20.676417,29.218
12412,20.678067,29.211
12413,20.679733,29.217
12414,20.6814,29.225
12415,20.683067,29.225
12416,20.684733,29.228
12417,20.6864,29.231
12418,20.688067,29.23
12419,20.689733,29.23
12420,20.6914,29.225
12421,20.693067,29.224
12422,20.694733,29.23
12423,20.6964,29.23
12424,20.698067,29.233
12425,20.699783,29.236
12426,20.7014,29.236
12427,20.70305,29.239
12428,20.704717,29.236
12429,20.706383,29.241
12430,20.70805,29.241
12431,20.709717,29.24
12432,20.711383,29.238
12433,20.71305,29.238
12434,20.714717,29.238
12435,20.71645,29.228
12436,20.71805,29.232
12437,20.719717,29.235
12438,20.721383,29.235
12439,20.72305,29.233
12440,20.724717,29.239
12441,20.726383,29.239
12442,20.72805,29.238
12443,20.729717,29.239
12444,20.731383,29.237
12445,20.73315,29.237
12446,20.734717,29.236
12447,20.736383,29.231
12448,20.738033,29.224
12449,20.7397,29.224
12450,20.741367,29.224
12451,20.743033,29.224
12452,20.7447,29.228
12453,20.746367,29.228
12454,20.748033,29.233
12455,20.7497,29.232
12456,20.751417,29.227
12457,20.753083,29.227
12458,20.7547,29.222
12459,20.756367,29.211
12460,20.758033,29.211
12461,20.7597,29.21
12462,20.761367,29.214
12463,20.763033,29.213
12464,20.7647,29.213
12465,20.766367,29.219
12466,20.768033,29.22
12467,20.7697,29.215
12468,20.771367,29.215
12469,20.773033,29.22
12470,20.7747,29.221
12471,20.776367,29.221
12472,20.778033,29.221
12473,20.7797,29.219
12474,20.781367,29.213
12475,20.783033,29.213
12476,20.7847,29.216
12477,20.786367,29.217
12478,20.788033,29.223
12479,20.7897,29.223
12480,20.791367,29.224
12481,20.793033,29.219
12482,20.7947,29.224
12483,20.79635,29.224
12484,20.798017,29.222
12485,20.799683,29.224
12486,20.80135,29.225
12487,20.803017,29.225
12488,20.804683,29.222
12489,20.80635,29.224
12490,20.808017,29.224
12491,20.809683,29.225
12492,20.81135,29.226
12493,20.813017,29.232
12494,20.814683,29.232
12495,20.816383,29.232
12496,20.8181,29.236
12497,20.819683,29.236
12498,20.82135,29.236
12499,20.823017,29.23
12500,20.824683,29.232
12501,20.82635,29.229
12502,20.828017,29.229
12503,20.829683,29.23
12504,20.83135,29.233
12505,20.833017,29.23
12506,20.834733,29.23
12507,20.83635,29.23
12508,20.838017,29.231
12509,20.839683,29.231
12510,20.84135,29.229
12511,20.843017,29.226
12512,20.844683,29.221
12513,20.84635,29.221
12514,20.848017,29.219
12515,20.849683,29.219
12516,20.85145,29.219
12517,20.853017,29.219
12518,20.854683,29.219
12519,20.85635,29.22
12520,20.858017,29.22
12521,20.859667,29.22
12522,20.861333,29.222
12523,20.863,29.223
12524,20.864667,29.223
12525,20.866333,29.229
12526,20.868,29.233
12527,20.869667,29.229
12528,20.871333,29.229
12529,20.873,29.226
12530,20.874667,29.22
12531,20.876333,29.211
12532,20.878,29.211
12533,20.879667,29.21
12534,20.881333,29.211
12535,20.883,29.211
12536,20.884667,29.211
12537,20.886333,29.214
12538,20.88805,29.21
12539,20.88975,29.206
12540,20.891333,29.206
12541,20.893,29.202
12542,20.894667,29.199
12543,20.896333,29.199
12544,20.898,29.208
12545,20.899683,29.212
12546,20.901333,29.217
12547,20.903,29.217
12548,20.904667,29.219
12549,20.906333,29.217
12550,20.908,29.217
12551,20.909667,29.217
12552,20.911333,29.215
12553,20.913,29.209
12554,20.914667,29.208
12555,20.916333,29.208
12556,20.917983,29.209
12557,20.91965,29.214
12558,20.921317,29.214
12559,20.922983,29.228
12560,20.92465,29.229
12561,20.926317,29.231
12562,20.927983,29.231
12563,20.92965,29.223
12564,20.931317,29.216
12565,20.932983,29.214
12566,20.93465,29.214
12567,20.936317,29.213
12568,20.937983,29.215
12569,20.93965,29.211
12570,20.941317,29.211
12571,20.942983,29.207
12572,20.94465,29.202
12573,20.946317,29.202
12574,20.947983,29.197
12575,20.94965,29.202
12576,20.951317,29.209
12577,20.95305,29.209
12578,20.95465,29.216
12579,20.956317,29.22
12580,20.957983,29.219
12581,20.95965,29.219
12582,20.961317,29.223
12583,20.963017,29.221
12584,20.964717,29.225
12585,20.966317,29.225
12586,20.967983,29.23
12587,20.969733,29.232
12588,20.971317,29.235
12589,20.972983,29.235
12590,20.97465,29.235
12591,20.976317,29.231
12592,20.977983,29.231
12593,20.979633,29.23
12594,20.9813,29.234
12595,20.982967,29.242
12596,20.984633,29.242
12597,20.9863,29.247
12598,20.987967,29.245
12599,20.989633,29.237
12600,20.9913,29.237
12601,20.992967,29.23
12602,20.994617,29.227
12603,20.996283,29.222
12604,20.99795,29.222
12605,20.999617,29.217
12606,21.001283,29.211
12607,21.00295,29.211
12608,21.004617,29.202
12609,21.006283,29.198
12610,21.00795,29.202
12611,21.009617,29.202
12612,21.011283,29.2
12613,21.01295,29.204
12614,21.014617,29.208
12615,21.016283,29.208
12616,21.01795,29.207
12617,21.019617,29.213
12618,21.021283,29.215
12619,21.02295,29.215
12620,21.024617,29.216
12621,21.026283,29.221
12622,21.02795,29.223
12623,21.029617,29.223
12624,21.031283,29.225
12625,21.03295,29.225
12626,21.034617,29.225
12627,21.0363,29.223
12628,21.037983,29.225
12629,21.0396,29.224
12630,21.041317,29.224
12631,21.042933,29.231
12632,21.0446,29.235
12633,21.046267,29.239
12634,21.047933,29.239
12635,21.0496,29.242
12636,21.051267,29.239
12637,21.052933,29.239
12638,21.05465,29.239
12639,21.056267,29.239
12640,21.057933,29.242
12641,21.0596,29.242
12642,21.061267,29.245
12643,21.062933,29.244
12644,21.0646,29.23
12645,21.066267,29.23
12646,21.067933,29.226
12647,21.0696,29.215
12648,21.071267,29.208
12649,21.072933,29.208
12650,21.074617,29.215
12651,21.076267,29.209
12652,21.077933,29.217
12653,21.0796,29.217
12654,21.081267,29.221
12655,21.082933,29.22
12656,21.0846,29.223
12657,21.086267,29.223
12658,21.088033,29.22
12659,21.0896,29.218
12660,21.091267,29.218
12661,21.092933,29.224
12662,21.0946,29.217
12663,21.096267,29.207
12664,21.097917,29.207
12665,21.099583,29.202
12666,21.10125,29.201
12667,21.102917,29.203
12668,21.104583,29.203
12669,21.10625,29.213
12670,21.107917,29.223
12671,21.109583,29.22
12672,21.11125,29.22
12673,21.112917,29.223
12674,21.114633,29.219
12675,21.11625,29.219
12676,21.117917,29.213
12677,21.119583,29.211
12678,21.12125,29.211
12679,21.122917,29.211
12680,21.124583,29.206
12681,21.12625,29.206
12682,21.127917,29.21
12683,21.129583,29.21
12684,21.131283,29.208
12685,21.132917,29.214
12686,21.134583,29.22
12687,21.13625,29.22
12688,21.137917,29.216
12689,21.139583,29.22
12690,21.14125,29.22
12691,21.142917,29.225
12692,21.144583,29.222
12693,21.14625,29.223
12694,21.147917,29.223
12695,21.149583,29.222
12696,21.15125,29.216
12697,21.152917,29.217
12698,21.154583,29.217
12699,21.15625,29.22
12700,21.1579,29.219
12701,21.159567,29.223
12702,21.161233,29.223
12703,21.1629,29.22
12704,21.164567,29.22
12705,21.166233,29.228
12706,21.1679,29.228
12707,21.169567,29.228
12708,21.171233,29.233
12709,21.172967,29.233
12710,21.174567,29.236
12711,21.176233,29.234
12712,21.1779,29.238
12713,21.179567,29.238
12714,21.181233,29.233
12715,21.1829,29.227
12716,21.1846,29.222
12717,21.186233,29.222
12718,21.1879,29.218
12719,21.189567,29.226
12720,21.191233,29.227
12721,21.1929,29.227
12722,21.194567,29.233
12723,21.196233,29.24
12724,21.1979,29.24
12725,21.199567,29.243
12726,21.201233,29.246
12727,21.2029,29.244
12728,21.204567,29.244
12729,21.20635,29.237
12730,21.2079,29.227
12731,21.209567,29.227
12732,21.211233,29.227
12733,21.2129,29.226
12734,21.214567,29.232
12735,21.216233,29.234
12736,21.217883,29.234
12737,21.21955,29.23
12738,21.221217,29.232
12739,21.2229,29.233
12740,21.224583,29.233
12741,21.226217,29.243
12742,21.227883,29.255
12743,21.22955,29.255
12744,21.231217,29.256
12745,21.232883,29.251
12746,21.23455,29.247
12747,21.236217,29.247
12748,21.237883,29.239
12749,21.23955,29.238
12750,21.241217,29.239
12751,21.242883,29.239
12752,21.24455,29.237
12753,21.246217,29.235
12754,21.247883,29.233
12755,21.24955,29.233
12756,21.251217,29.234
12757,21.252883,29.229
12758,21.25455,29.229
12759,21.256217,29.228
12760,21.257917,29.235
12761,21.25955,29.236
12762,21.261217,29.236
12763,21.262883,29.237
12764,21.26455,29.231
12765,21.266217,29.226
12766,21.267883,29.226
12767,21.26955,29.221
12768,21.271217,29.216
12769,21.272883,29.22
12770,21.27455,29.22
12771,21.276217,29.216
12772,21.277883,29.221
12773,21.279533,29.23
12774,21.2812,29.23
12775,21.282867,29.235
12776,21.284533,29.238
12777,21.286183,29.238
12778,21.28785,29.233
12779,21.289517,29.23
12780,21.291233,29.226
12781,21.29285,29.226
12782,21.294517,29.226
12783,21.296183,29.228
12784,21.29785,29.231
12785,21.299517,29.231
12786,21.301183,29.231
12787,21.30285,29.235
12788,21.304517,29.242
12789,21.3062,29.242
12790,21.30795,29.244
12791,21.309517,29.245
12792,21.311183,29.245
12793,21.31285,29.235
12794,21.314517,29.22
12795,21.316183,29.21
12796,21.31785,29.21
12797,21.319517,29.213
12798,21.321183,29.218
12799,21.32285,29.229
12800,21.3246,29.229
12801,21.326183,29.24
12802,21.32785,29.239
12803,21.329517,29.243
12804,21.331183,29.243
12805,21.33285,29.234
12806,21.334517,29.225
12807,21.336217,29.224
12808,21.337833,29.224
12809,21.3395,29.22
12810,21.341167,29.225
12811,21.342833,29.225
12812,21.3445,29.227
12813,21.346167,29.225
12814,21.347833,29.226
12815,21.3495,29.226
12816,21.351167,29.232
12817,21.352833,29.231
12818,21.3545,29.235
12819,21.356167,29.235
12820,21.357833,29.239
12821,21.3595,29.239
12822,21.361167,29.243
12823,21.362833,29.243
12824,21.3645,29.243
12825,21.366167,29.243
12826,21.367833,29.243
12827,21.3695,29.241
12828,21.371167,29.239
12829,21.372833,29.238
12830,21.3745,29.238
12831,21.376167,29.233
12832,21.377833,29.227
12833,21.3795,29.229
12834,21.381167,29.229
12835,21.382833,29.238
12836,21.3845,29.246
12837,21.386167,29.251
12838,21.38785,29.251
12839,21.3895,29.249
12840,21.391167,29.244
12841,21.392833,29.244
12842,21.3945,29.247
12843,21.396167,29.246
12844,21.397817,29.248
12845,21.399483,29.248
12846,21.401183,29.24
12847,21.402817,29.234
12848,21.404483,29.232
12849,21.40615,29.232
12850,21.407817,29.221
12851,21.4095,29.227
12852,21.41115,29.228
12853,21.412817,29.228
12854,21.414483,29.23
12855,21.41615,29.238
12856,21.417817,29.236
12857,21.419483,29.236
12858,21.42115,29.235
12859,21.422817,29.239
12860,21.424483,29.239
12861,21.42625,29.239
12862,21.427817,29.243
12863,21.429483,29.238
12864,21.43115,29.238
12865,21.432817,29.239
12866,21.434483,29.237
12867,21.43615,29.231
12868,21.437817,29.231
12869,21.439483,29.234
12870,21.44115,29.234
12871,21.442917,29.233
12872,21.444483,29.233
12873,21.44615,29.237
12874,21.447817,29.237
12875,21.449483,29.237
12876,21.45115,29.23
12877,21.452817,29.23
12878,21.454483,29.227
12879,21.45615,29.227
12880,21.4578,29.226
12881,21.45955,29.233
12882,21.461133,29.237
12883,21.4628,29.237
12884,21.464467,29.238
12885,21.466133,29.238
12886,21.4678,29.239
12887,21.469467,29.239
12888,21.471133,29.234
12889,21.4728,29.231
12890,21.474467,29.23
12891,21.476133,29.23
12892,21.477817,29.225
12893,21.479467,29.221
12894,21.481133,29.221
12895,21.4828,29.226
12896,21.484467,29.226
12897,21.486133,29.229
12898,21.4878,29.229
12899,21.489467,29.23
12900,21.491133,29.234
12901,21.4928,29.237
12902,21.494467,29.237
12903,21.496133,29.237
12904,21.4978,29.24
12905,21.499467,29.238
12906,21.501133,29.238
12907,21.5028,29.239
12908,21.504467,29.238
12909,21.506133,29.238
12910,21.5078,29.238
12911,21.509467,29.236
12912,21.511133,29.23
12913,21.5128,29.23
12914,21.514467,29.228
12915,21.516133,29.223
12916,21.5178,29.219
12917,21.51945,29.219
12918,21.521117,29.226
12919,21.522783,29.226
12920,21.52445,29.225
12921,21.526117,29.225
12922,21.5278,29.225
12923,21.52945,29.219
12924,21.531117,29.219
12925,21.532783,29.222
12926,21.53445,29.227
12927,21.536117,29.233
12928,21.537783,29.233
12929,21.53945,29.235
12930,21.541117,29.229
12931,21.542783,29.226
12932,21.54455,29.226
12933,21.546117,29.225
12934,21.547817,29.225
12935,21.54945,29.234
12936,21.55115,29.234
12937,21.552783,29.235
12938,21.55445,29.231
12939,21.556117,29.233
12940,21.557783,29.233
12941,21.55945,29.231
12942,21.561183,29.228
12943,21.562783,29.228
12944,21.56445,29.226
12945,21.566117,29.224
12946,21.567783,29.218
12947,21.56945,29.218
12948,21.571117,29.227
12949,21.572783,29.227
12950,21.57445,29.221
12951,21.576117,29.221
12952,21.577883,29.228
12953,21.579417,29.228
12954,21.581083,29.234
12955,21.58275,29.234
12956,21.584417,29.241
12957,21.586083,29.234
12958,21.58775,29.234
12959,21.589417,29.23
12960,21.591083,29.225
12961,21.59275,29.227
12962,21.594417,29.227
12963,21.596083,29.234
12964,21.59775,29.238
12965,21.599417,29.239
12966,21.601083,29.239
12967,21.60275,29.24
12968,21.604417,29.242
12969,21.606083,29.238
12970,21.60775,29.238
12971,21.609417,29.238
12972,21.611083,29.232
12973,21.61275,29.228
12974,21.614417,29.228
12975,21.616083,29.232
12976,21.61775,29.239
12977,21.619433,29.239
12978,21.621083,29.244
12979,21.622783,29.245
12980,21.624417,29.247
12981,21.626083,29.247
12982,21.62775,29.25
12983,21.629417,29.257
12984,21.631083,29.259
12985,21.63275,29.259
12986,21.634417,29.256
12987,21.636083,29.248
12988,21.637733,29.242
12989,21.6394,29.242
12990,21.641067,29.233
12991,21.642733,29.232
12992,21.6444,29.232
12993,21.646067,29.233
12994,21.647733,29.227
12995,21.6494,29.228
12996,21.651067,29.228
12997,21.65275,29.23
12998,21.6544,29.229
12999,21.656067,29.236
13000,21.657733,29.236
13001,21.6594,29.243
13002,21.661067,29.241
13003,21.662767,29.244
13004,21.6644,29.244
13005,21.666067,29.245
13006,21.667733,29.244
13007,21.6694,29.25
13008,21.671067,29.25
13009,21.672733,29.254
13010,21.6744,29.253
13011,21.676067,29.253
13012,21.677733,29.255
13013,21.679467,29.255
13014,21.681067,29.247
13015,21.682733,29.247
13016,21.6844,29.243
13017,21.686067,29.24
13018,21.687733,29.238
13019,21.6894,29.238
13020,21.691067,29.241
13021,21.692733,29.248
13022,21.6944,29.25
13023,21.696183,29.25
13024,21.697733,29.252
13025,21.6994,29.245
13026,21.701083,29.245
13027,21.702717,29.238
13028,21.704383,29.236
13029,21.70605,29.236
13030,21.707717,29.236
13031,21.709383,29.247
13032,21.71105,29.252
13033,21.712717,29.253
13034,21.714383,29.253
13035,21.71605,29.258
13036,21.717717,29.254
13037,21.719383,29.257
13038,21.72105,29.257
13039,21.722717,29.253
13040,21.724383,29.239
13041,21.72605,29.239
13042,21.727717,29.23
13043,21.729383,29.223
13044,21.73105,29.219
13045,21.732717,29.219
13046,21.734383,29.219
13047,21.73605,29.219
13048,21.737717,29.22
13049,21.739383,29.22
13050,21.74105,29.22
13051,21.742717,29.218
13052,21.744383,29.216
13053,21.74605,29.216
13054,21.747717,29.213
13055,21.749383,29.219
13056,21.75105,29.22
13057,21.752717,29.22
13058,21.754383,29.221
13059,21.75605,29.214
13060,21.7577,29.214
13061,21.759367,29.21
13062,21.761033,29.21
13063,21.7627,29.216
13064,21.764367,29.216
13065,21.766067,29.218
13066,21.7677,29.216
13067,21.7694,29.215
13068,21.771033,29.215
13069,21.7727,29.212
13070,21.774367,29.219
13071,21.776033,29.227
13072,21.7777,29.227
13073,21.779367,29.237
13074,21.78105,29.235
13075,21.7827,29.235
13076,21.784367,29.234
13077,21.786033,29.231
13078,21.7877,29.233
13079,21.789367,29.233
13080,21.791033,29.237
13081,21.7927,29.241
13082,21.794367,29.245
13083,21.796033,29.245
13084,21.7977,29.236
13085,21.799367,29.233
13086,21.801033,29.227
13087,21.8027,29.227
13088,21.804367,29.227
13089,21.806033,29.231
13090,21.8077,29.234
13091,21.809367,29.234
13092,21.811033,29.243
13093,21.8127,29.243
13094,21.814467,29.252
13095,21.816033,29.252
13096,21.817683,29.25
13097,21.81935,29.247
13098,21.821017,29.247
13099,21.822683,29.248
13100,21.82435,29.237
13101,21.826017,29.241
13102,21.827683,29.241
13103,21.82935,29.234
13104,21.831017,29.224
13105,21.832683,29.225
13106,21.83435,29.225
13107,21.836017,29.226
13108,21.837683,29.228
13109,21.839367,29.228
13110,21.841017,29.23
13111,21.842683,29.234
13112,21.84435,29.238
13113,21.846017,29.238
13114,21.847683,29.242
13115,21.84935,29.247
13116,21.851017,29.248
13117,21.852683,29.248
13118,21.85435,29.244
13119,21.856017,29.243
13120,21.857733,29.241
13121,21.85935,29.241
13122,21.861017,29.24
13123,21.862683,29.24
13124,21.86435,29.238
13125,21.866017,29.238
13126,21.867683,29.236
13127,21.869333,29.235
13128,21.871,29.235
13129,21.872667,29.232
13130,21.874333,29.231
13131,21.876,29.232
13132,21.877667,29.232
13133,21.879317,29.226
13134,21.880983,29.228
13135,21.88265,29.223
13136,21.884317,29.223
13137,21.885983,29.219
13138,21.88765,29.224
13139,21.889317,29.224
13140,21.890983,29.224
13141,21.89265,29.226
13142,21.894317,29.235
13143,21.895983,29.235
13144,21.89765,29.238
13145,21.89935,29.238
13146,21.900983,29.241
13147,21.90265,29.241
13148,21.904317,29.24
13149,21.905983,29.235
13150,21.90765,29.233
13151,21.909333,29.233
13152,21.910983,29.228
13153,21.91265,29.223
13154,21.914317,29.219
13155,21.915983,29.219
13156,21.91765,29.217
13157,21.919317,29.223
13158,21.920983,29.223
13159,21.92265,29.224
13160,21.924317,29.235
13161,21.925983,29.242
13162,21.92765,29.242
13163,21.929317,29.248
13164,21.930983,29.252
13165,21.932767,29.249
13166,21.934317,29.249
13167,21.935983,29.247
13168,21.937633,29.239
13169,21.9393,29.242
13170,21.940967,29.242
13171,21.942633,29.241
13172,21.9443,29.238
13173,21.945967,29.243
13174,21.947633,29.243
13175,21.949317,29.24
13176,21.950967,29.24
13177,21.952633,29.24
13178,21.9543,29.245
13179,21.955967,29.255
13180,21.957633,29.258
13181,21.9593,29.258
13182,21.960967,29.26
13183,21.962633,29.253
13184,21.9643,29.236
13185,21.965967,29.236
13186,21.967633,29.233
13187,21.9693,29.228
13188,21.970967,29.231
13189,21.972633,29.231
13190,21.9743,29.23
13191,21.975967,29.228
13192,21.977633,29.228
13193,21.9793,29.225
13194,21.980967,29.224
13195,21.98265,29.225
13196,21.9843,29.225
13197,21.985967,29.221
13198,21.987633,29.223
13199,21.9893,29.22
13200,21.990967,29.22
13201,21.992633,29.231
13202,21.9943,29.235
13203,21.99595,29.236
13204,21.997633,29.236
13205,21.999283,29.236
13206,22.00095,29.229
13207,22.002617,29.233
13208,22.004283,29.233
13209,22.00595,29.231
13210,22.007617,29.236
13211,22.009283,29.236
13212,22.01095,29.235
13213,22.012617,29.228
13214,22.014283,29.227
13215,22.01595,29.227
13216,22.017717,29.219
13217,22.019283,29.218
13218,22.02095,29.219
13219,22.022617,29.219
13220,22.024283,29.225
13221,22.02595,29.235
13222,22.027617,29.233
13223,22.029283,29.233
13224,22.030983,29.229
13225,22.032617,29.221
13226,22.034283,29.221
13227,22.03595,29.214
13228,22.037617,29.221
13229,22.039283,29.231
13230,22.04095,29.231
13231,22.042617,29.237
13232,22.044283,29.243
13233,22.04595,29.245
13234,22.047617,29.245
13235,22.049283,29.241
13236,22.051033,29.238
13237,22.052617,29.235
13238,22.054283,29.235
13239,22.05595,29.232
13240,22.057617,29.236
13241,22.0593,29.243
13242,22.060983,29.243
13243,22.0626,29.248
13244,22.064267,29.241
13245,22.065933,29.241
13246,22.0676,29.236
13247,22.069267,29.232
13248,22.070933,29.223
13249,22.0726,29.223
13250,22.074267,29.227
13251,22.075933,29.228
13252,22.0776,29.221
13253,22.079267,29.221
13254,22.080933,29.218
13255,22.0826,29.218
13256,22.084267,29.222
13257,22.085933,29.222
13258,22.0876,29.23
13259,22.089267,29.239
13260,22.090933,29.239
13261,22.0926,29.247
13262,22.094267,29.248
13263,22.095933,29.25
13264,22.0976,29.25
13265,22.099267,29.246
13266,22.100933,29.241
13267,22.1026,29.244
13268,22.104267,29.244
13269,22.105933,29.242
13270,22.1076,29.244
13271,22.109283,29.244
13272,22.110933,29.244
13273,22.1126,29.245
13274,22.114267,29.245
13275,22.115933,29.245
13276,22.1176,29.245
13277,22.11925,29.242
13278,22.120917,29.23
13279,22.122583,29.23
13280,22.12425,29.228
13281,22.12595,29.223
13282,22.127583,29.228
13283,22.12925,29.228
13284,22.130917,29.23
13285,22.132583,29.235
13286,22.13425,29.243
13287,22.135967,29.243
13288,22.137583,29.249
13289,22.13925,29.253
13290,22.140917,29.254
13291,22.142583,29.254
13292,22.14425,29.261
13293,22.145917,29.254
13294,22.147583,29.254
13295,22.14925,29.251
13296,22.150917,29.242
13297,22.152683,29.23
13298,22.15425,29.23
13299,22.155917,29.231
13300,22.157583,29.236
13301,22.159233,29.236
13302,22.1609,29.236
13303,22.162567,29.237
13304,22.164233,29.236
13305,22.1659,29.235
13306,22.167567,29.235
13307,22.169333,29.234
13308,22.1709,29.236
13309,22.172567,29.236
13310,22.174233,29.237
13311,22.1759,29.232
13312,22.177567,29.231
13313,22.179217,29.231
13314,22.180883,29.226
13315,22.18255,29.216
13316,22.184217,29.218
13317,22.185883,29.218
13318,22.18755,29.224
13319,22.189217,29.222
13320,22.190883,29.227
13321,22.19255,29.227
13322,22.194217,29.228
13323,22.195883,29.229
13324,22.19755,29.231
13325,22.199217,29.231
13326,22.200917,29.236
13327,22.202567,29.237
13328,22.204217,29.237
13329,22.205883,29.234
13330,22.20755,29.24
13331,22.209217,29.235
13332,22.210883,29.235
13333,22.21255,29.234
13334,22.214217,29.233
13335,22.215883,29.235
13336,22.21755,29.235
13337,22.219217,29.238
13338,22.220883,29.24
13339,22.22255,29.245
13340,22.224217,29.245
13341,22.225883,29.246
13342,22.22755,29.251
13343,22.229217,29.251
13344,22.230883,29.253
13345,22.23255,29.247
13346,22.234217,29.25
13347,22.235883,29.25
13348,22.237533,29.245
13349,22.2392,29.235
13350,22.240867,29.236
13351,22.242533,29.236
13352,22.2442,29.231
13353,22.245867,29.224
13354,22.247533,29.225
13355,22.2492,29.225
13356,22.250867,29.231
13357,22.252533,29.23
13358,22.25425,29.237
13359,22.255867,29.237
13360,22.257533,29.245
13361,22.2592,29.243
13362,22.260867,29.243
13363,22.262533,29.245
13364,22.2642,29.247
13365,22.265867,29.242
13366,22.267533,29.242
13367,22.2692,29.24
13368,22.270983,29.245
13369,22.272567,29.245
13370,22.2742,29.245
13371,22.275917,29.253
13372,22.277533,29.255
13373,22.2792,29.249
13374,22.280867,29.249
13375,22.282533,29.248
13376,22.284217,29.249
13377,22.285867,29.249
13378,22.287633,29.255
13379,22.2892,29.266
13380,22.290867,29.271
13381,22.292533,29.271
13382,22.2942,29.265
13383,22.295867,29.259
13384,22.297517,29.249
13385,22.299183,29.249
13386,22.30085,29.245
13387,22.302517,29.242
13388,22.304183,29.242
13389,22.30585,29.242
13390,22.307517,29.242
13391,22.309183,29.241
13392,22.31085,29.241
13393,22.312517,29.251
13394,22.314183,29.251
13395,22.31585,29.255
13396,22.317517,29.255
13397,22.319183,29.258
13398,22.32085,29.254
13399,22.322517,29.259
13400,22.324183,29.259
13401,22.32585,29.257
13402,22.327517,29.253
13403,22.329183,29.248
13404,22.33085,29.248
13405,22.332517,29.245
13406,22.334183,29.248
13407,22.33585,29.249
13408,22.337517,29.249
13409,22.339183,29.25
13410,22.34085,29.246
13411,22.342517,29.246
13412,22.344183,29.239
13413,22.345883,29.241
13414,22.347517,29.247
13415,22.349183,29.247
13416,22.35085,29.249
13417,22.352517,29.255
13418,22.354183,29.253
13419,22.35585,29.253
13420,22.357533,29.25
13421,22.359167,29.251
13422,22.360833,29.247
13423,22.3625,29.247
13424,22.364167,29.239
13425,22.365833,29.236
13426,22.3675,29.236
13427,22.369167,29.235
13428,22.370833,29.24
13429,22.3725,29.24
13430,22.374167,29.24
13431,22.375833,29.239
13432,22.3775,29.239
13433,22.379167,29.244
13434,22.380833,29.244
13435,22.3825,29.25
13436,22.384167,29.256
13437,22.385833,29.255
13438,22.3875,29.255
13439,22.38925,29.247
13440,22.390833,29.248
13441,22.3925,29.245
13442,22.394167,29.245
13443,22.395833,29.254
13444,22.3975,29.263
13445,22.399167,29.263
13446,22.400833,29.265
13447,22.4025,29.27
13448,22.404167,29.267
13449,22.405917,29.267
13450,22.4075,29.261
13451,22.409167,29.26
13452,22.410833,29.255
13453,22.4125,29.255
13454,22.414167,29.25
13455,22.415833,29.248
13456,22.4175,29.25
13457,22.41915,29.25
13458,22.420817,29.251
13459,22.4226,29.261
13460,22.424183,29.261
13461,22.425817,29.266
13462,22.427483,29.266
13463,22.42915,29.268
13464,22.430817,29.268
13465,22.432483,29.265
13466,22.43415,29.266
13467,22.435817,29.266
13468,22.437483,29.266
13469,22.43915,29.27
13470,22.440817,29.27
13471,22.442483,29.268
13472,22.44415,29.268
13473,22.445817,29.263
13474,22.447483,29.255
13475,22.449183,29.248
13476,22.4508,29.248
13477,22.452467,29.245
13478,22.454133,29.239
13479,22.4558,29.239
13480,22.457467,29.24
13481,22.45915,29.231
13482,22.4608,29.228
13483,22.462467,29.228
13484,22.464133,29.229
13485,22.4658,29.225
13486,22.467467,29.232
13487,22.469133,29.232
13488,22.4708,29.231
13489,22.472467,29.231
13490,22.474133,29.24
13491,22.4758,29.24
13492,22.477467,29.24
13493,22.479117,29.242
13494,22.480783,29.242
13495,22.48245,29.249
13496,22.484117,29.246
13497,22.485783,29.245
13498,22.48745,29.245
13499,22.489117,29.243
13500,22.490817,29.235
13501,22.49245,29.228
13502,22.494117,29.228
13503,22.495783,29.227
13504,22.49745,29.224
13505,22.499117,29.225
13506,22.500783,29.225
13507,22.50245,29.231
13508,22.504117,29.229
13509,22.505783,29.229
13510,22.507517,29.23
13511,22.509117,29.233
13512,22.510783,29.236
13513,22.51245,29.236
13514,22.514117,29.242
13515,22.515783,29.248
13516,22.51745,29.252
13517,22.519117,29.252
13518,22.520783,29.247
13519,22.52245,29.238
13520,22.524183,29.236
13521,22.525783,29.236
13522,22.52745,29.228
13523,22.529117,29.228
13524,22.530783,29.235
13525,22.532483,29.235
13526,22.534117,29.237
13527,22.535783,29.24
13528,22.53745,29.24
13529,22.5391,29.239
13530,22.5409,29.238
13531,22.542433,29.239
13532,22.5441,29.239
13533,22.545767,29.243
13534,22.547433,29.244
13535,22.5491,29.245
13536,22.550767,29.245
13537,22.552433,29.243
13538,22.5541,29.244
13539,22.555767,29.247
13540,22.557433,29.247
13541,22.5591,29.241
13542,22.560767,29.242
13543,22.562433,29.242
13544,22.5641,29.243
13545,22.565817,29.247
13546,22.567433,29.255
13547,22.5691,29.255
13548,22.570767,29.254
13549,22.572433,29.254
13550,22.5741,29.258
13551,22.575767,29.258
13552,22.577433,29.261
13553,22.5791,29.267
13554,22.580767,29.266
13555,22.582433,29.266
13556,22.5841,29.26
13557,22.585767,29.254
13558,22.587433,29.253
13559,22.5891,29.253
13560,22.590767,29.251
13561,22.592433,29.252
13562,22.5941,29.252
13563,22.595767,29.251
13564,22.597433,29.247
13565,22.599083,29.243
13566,22.60075,29.243
13567,22.602417,29.242
13568,22.604083,29.244
13569,22.60575,29.244
13570,22.607417,29.244
13571,22.609083,29.25
13572,22.610783,29.257
13573,22.612417,29.254
13574,22.614083,29.254
13575,22.61575,29.25
13576,22.617417,29.249
13577,22.619083,29.249
13578,22.62075,29.242
13579,22.622417,29.236
13580,22.624083,29.238
13581,22.62575,29.238
13582,22.627417,29.238
13583,22.629083,29.231
13584,22.63075,29.231
13585,22.632417,29.231
13586,22.634083,29.229
13587,22.635783,29.23
13588,22.637417,29.23
13589,22.639083,29.23
13590,22.64075,29.229
13591,22.642417,29.225
13592,22.644083,29.218
13593,22.64575,29.218
13594,22.647417,29.222
13595,22.649083,29.224
13596,22.65075,29.224
13597,22.652417,29.224
13598,22.654083,29.224
13599,22.65575,29.216
13600,22.657417,29.216
13601,22.659167,29.214
13602,22.660733,29.214
13603,22.6624,29.214
13604,22.664067,29.214
13605,22.665733,29.223
13606,22.6674,29.231
13607,22.669067,29.234
13608,22.670733,29.234
13609,22.6724,29.243
13610,22.674067,29.24
13611,22.675733,29.24
13612,22.6774,29.238
13613,22.679067,29.24
13614,22.680733,29.237
13615,22.6824,29.237
13616,22.684067,29.24
13617,22.685733,29.238
13618,22.687417,29.233
13619,22.689067,29.233
13620,22.690733,29.237
13621,22.6924,29.238
13622,22.694067,29.241
13623,22.695733,29.241
13624,22.6974,29.243
13625,22.699083,29.235
13626,22.700733,29.235
13627,22.7024,29.235
13628,22.704067,29.233
13629,22.705733,29.23
13630,22.707417,29.23
13631,22.709067,29.231
13632,22.710733,29.225
13633,22.7124,29.215
13634,22.714067,29.215
13635,22.715733,29.218
13636,22.717383,29.223
13637,22.71905,29.22
13638,22.720717,29.22
13639,22.722383,29.225
13640,22.72405,29.223
13641,22.725717,29.219
13642,22.727383,29.219
13643,22.72905,29.225
13644,22.730717,29.227
13645,22.732383,29.227
13646,22.73405,29.232
13647,22.735717,29.238
13648,22.737383,29.232
13649,22.73905,29.232
13650,22.740717,29.231
13651,22.742367,29.227
13652,22.744033,29.227
13653,22.7457,29.227
13654,22.747367,29.235
13655,22.749033,29.243
13656,22.7507,29.248
13657,22.752367,29.248
13658,22.754033,29.248
13659,22.7557,29.249
13660,22.757367,29.249
13661,22.759033,29.244
13662,22.7607,29.245
13663,22.762367,29.247
13664,22.764033,29.247
13665,22.7657,29.246
13666,22.767367,29.247
13667,22.769033,29.245
13668,22.7707,29.245
13669,22.772367,29.243
13670,22.774033,29.238
13671,22.7757,29.233
13672,22.777483,29.233
13673,22.779017,29.236
13674,22.780683,29.237
13675,22.782367,29.235
13676,22.78405,29.235
13677,22.785767,29.238
13678,22.78735,29.237
13679,22.789017,29.237
13680,22.790683,29.237
13681,22.79235,29.246
13682,22.794017,29.243
13683,22.795683,29.243
13684,22.79735,29.243
13685,22.799017,29.235
13686,22.800683,29.226
13687,22.80235,29.226
13688,22.804017,29.232
13689,22.805683,29.234
13690,22.80735,29.242
13691,22.809017,29.242
13692,22.810683,29.248
13693,22.81235,29.247
13694,22.814017,29.247
13695,22.815683,29.246
13696,22.81735,29.239
13697,22.819017,29.234
13698,22.820683,29.234
13699,22.82235,29.233
13700,22.824017,29.235
13701,22.825683,29.238
13702,22.82735,29.238
13703,22.829017,29.239
13704,22.830683,29.236
13705,22.83235,29.23
13706,22.834017,29.23
13707,22.835683,29.227
13708,22.83735,29.222
13709,22.839,29.223
13710,22.840667,29.223
13711,22.842333,29.226
13712,22.844,29.224
13713,22.845667,29.224
13714,22.847333,29.236
13715,22.84905,29.233
13716,22.850667,29.229
13717,22.852333,29.229
13718,22.854,29.234
13719,22.855667,29.228
13720,22.857333,29.23
13721,22.859033,29.23
13722,22.860667,29.228
13723,22.862383,29.223
13724,22.864,29.222
13725,22.865667,29.222
13726,22.867333,29.223
13727,22.869,29.224
13728,22.870667,29.224
13729,22.872333,29.228
13730,22.874,29.232
13731,22.875667,29.237
13732,22.877333,29.237
13733,22.879,29.241
13734,22.880667,29.243
13735,22.882333,29.244
13736,22.884,29.244
13737,22.885667,29.243
13738,22.887333,29.246
13739,22.889,29.247
13740,22.890667,29.247
13741,22.892333,29.248
13742,22.894,29.25
13743,22.895767,29.248
13744,22.897333,29.248
13745,22.898983,29.243
13746,22.90065,29.243
13747,22.902317,29.243
13748,22.903983,29.241
13749,22.90565,29.239
13750,22.907317,29.241
13751,22.908983,29.241
13752,22.91065,29.234
13753,22.912317,29.227
13754,22.913983,29.225
13755,22.91565,29.225
13756,22.917317,29.224
13757,22.918983,29.226
13758,22.92065,29.229
13759,22.922317,29.229
13760,22.924033,29.237
13761,22.92565,29.242
13762,22.927317,29.242
13763,22.928983,29.238
13764,22.93065,29.235
13765,22.932317,29.231
13766,22.933983,29.231
13767,22.93565,29.225
13768,22.937317,29.234
13769,22.938983,29.241
13770,22.94065,29.241
13771,22.942317,29.24
13772,22.944,29.237
13773,22.94565,29.232
13774,22.947317,29.232
13775,22.948983,29.227
13776,22.95065,29.218
13777,22.952317,29.218
13778,22.953983,29.218
13779,22.95565,29.211
13780,22.957317,29.217
13781,22.958967,29.217
13782,22.960633,29.227
13783,22.9623,29.232
13784,22.963967,29.24
13785,22.965633,29.24
13786,22.9673,29.237
13787,22.968967,29.236
13788,22.970633,29.241
13789,22.9723,29.241
13790,22.973967,29.24
13791,22.975633,29.245
13792,22.9773,29.247
13793,22.978967,29.247
13794,22.980683,29.239
13795,22.9823,29.235
13796,22.983967,29.235
13797,22.985633,29.229
13798,22.9873,29.226
13799,22.988967,29.229
13800,22.990633,29.229
13801,22.9923,29.232
13802,22.993967,29.24
13803,22.995683,29.243
13804,22.99735,29.243
13805,22.998967,29.251
13806,23.000633,29.25
13807,23.0023,29.247
13808,23.003967,29.247
13809,23.005633,29.249
13810,23.0073,29.245
13811,23.008967,29.245
13812,23.010633,29.249
13813,23.0123,29.25
13814,23.01405,29.245
13815,23.015633,29.245
13816,23.017283,29.241
13817,23.01895,29.242
13818,23.020617,29.243
13819,23.022283,29.243
13820,23.02395,29.247
13821,23.025617,29.25
13822,23.027283,29.249
13823,23.02895,29.249
13824,23.030617,29.249
13825,23.032283,29.251
13826,23.033933,29.244
13827,23.0356,29.244
13828,23.037317,29.244
13829,23.038933,29.243
13830,23.0406,29.243
13831,23.042267,29.238
13832,23.043933,29.245
13833,23.0456,29.239
13834,23.047267,29.239
13835,23.048933,29.235
13836,23.0506,29.236
13837,23.052267,29.234
13838,23.053933,29.234
13839,23.0556,29.237
13840,23.057267,29.235
13841,23.058933,29.237
13842,23.0606,29.237
13843,23.062267,29.236
13844,23.063933,29.242
13845,23.0656,29.242
13846,23.067267,29.247
13847,23.06895,29.239
13848,23.0706,29.24
13849,23.072267,29.24
13850,23.073933,29.235
13851,23.0756,29.234
13852,23.077267,29.236
13853,23.078917,29.236
13854,23.080583,29.231
13855,23.08225,29.229
13856,23.083917,29.23
13857,23.085583,29.23
13858,23.08725,29.235
13859,23.088917,29.24
13860,23.090583,29.24
13861,23.09225,29.244
13862,23.093917,29.241
13863,23.095583,29.238
13864,23.09725,29.238
13865,23.09895,29.238
13866,23.100583,29.236
13867,23.10225,29.237
13868,23.103917,29.237
13869,23.105583,29.232
13870,23.10725,29.232
13871,23.108917,29.229
13872,23.110583,29.229
13873,23.11225,29.226
13874,23.113917,29.234
13875,23.1157,29.227
13876,23.11725,29.227
13877,23.118917,29.222
13878,23.120583,29.224
13879,23.12225,29.224
13880,23.123917,29.218
13881,23.125583,29.228
13882,23.12725,29.239
13883,23.128917,29.239
13884,23.130583,29.246
13885,23.132367,29.254
13886,23.133917,29.257
13887,23.135583,29.257
13888,23.13725,29.258
13889,23.1389,29.256
13890,23.140567,29.249
13891,23.142233,29.249
13892,23.1439,29.239
13893,23.145567,29.234
13894,23.14725,29.234
13895,23.149,29.227
13896,23.150567,29.225
13897,23.152233,29.228
13898,23.1539,29.228
13899,23.155567,29.228
13900,23.157233,29.234
13901,23.1589,29.241
13902,23.160567,29.241
13903,23.162233,29.247
13904,23.1639,29.253
13905,23.165567,29.255
13906,23.167233,29.255
13907,23.1689,29.262
13908,23.170567,29.267
13909,23.172233,29.264
13910,23.1739,29.264
13911,23.175567,29.27
13912,23.177233,29.267
13913,23.1789,29.267
13914,23.180567,29.262
13915,23.182233,29.264
13916,23.1839,29.254
13917,23.185567,29.254
13918,23.187233,29.248
13919,23.1889,29.245
13920,23.190567,29.244
13921,23.192233,29.244
13922,23.1939,29.242
13923,23.195567,29.241
13924,23.197233,29.241
13925,23.198883,29.241
13926,23.20055,29.237
13927,23.20225,29.243
13928,23.203917,29.243
13929,23.20555,29.243
13930,23.207217,29.243
13931,23.208883,29.242
13932,23.21055,29.242
13933,23.212217,29.236
13934,23.213883,29.232
13935,23.215583,29.228
13936,23.217217,29.228
13937,23.218883,29.235
13938,23.22055,29.24
13939,23.222217,29.243
13940,23.223883,29.243
13941,23.22555,29.245
13942,23.227217,29.243
13943,23.228883,29.245
13944,23.23055,29.245
13945,23.232217,29.253
13946,23.23395,29.254
13947,23.23555,29.254
13948,23.237217,29.254
13949,23.238883,29.251
13950,23.24055,29.247
13951,23.242217,29.247
13952,23.243883,29.245
13953,23.24555,29.241
13954,23.247217,29.241
13955,23.248883,29.241
13956,23.250617,29.24
13957,23.252217,29.236
13958,23.253883,29.242
13959,23.25555,29.242
13960,23.257217,29.242
13961,23.258867,29.245
13962,23.260533,29.245
13963,23.2622,29.251
13964,23.263867,29.247
13965,23.26555,29.249
13966,23.267333,29.249
13967,23.268867,29.249
13968,23.270533,29.247
13969,23.2722,29.249
13970,23.273867,29.249
13971,23.275533,29.251
13972,23.2772,29.25
13973,23.278867,29.251
13974,23.280533,29.251
13975,23.2822,29.252
13976,23.283867,29.252
13977,23.285533,29.251
13978,23.2872,29.251
13979,23.288867,29.257
13980,23.290533,29.259
13981,23.292233,29.259
13982,23.293883,29.258
13983,23.295533,29.255
13984,23.2972,29.251
13985,23.298867,29.251
13986,23.300533,29.249
13987,23.3022,29.25
13988,23.303867,29.254
13989,23.305533,29.254
13990,23.3072,29.255
13991,23.308867,29.255
13992,23.310533,29.249
13993,23.3122,29.249
13994,23.313867,29.252
13995,23.315533,29.25
13996,23.3172,29.25
13997,23.31885,29.252
13998,23.320517,29.256
13999,23.322183,29.254
14000,23.32385,29.254
14001,23.3255,29.256
14002,23.327167,29.259
14003,23.328833,29.26
14004,23.3305,29.26
14005,23.332167,29.259
14006,23.333833,29.252
14007,23.3355,29.246
14008,23.337167,29.246
14009,23.338833,29.244
14010,23.3405,29.24
14011,23.342167,29.24
14012,23.343833,29.245
14013,23.3455,29.249
14014,23.347167,29.256
14015,23.348833,29.256
14016,23.3505,29.268
14017,23.352217,29.274
14018,23.353833,29.274
14019,23.3555,29.274
14020,23.357167,29.275
14021,23.358833,29.278
14022,23.3605,29.277
14023,23.362167,29.277
14024,23.363833,29.276
14025,23.365517,29.269
14026,23.367217,29.261
14027,23.36885,29.261
14028,23.3705,29.265
14029,23.372167,29.264
14030,23.373833,29.264
14031,23.3755,29.264
14032,23.377167,29.263
14033,23.378817,29.254
14034,23.380483,29.254
14035,23.38215,29.254
14036,23.383817,29.255
14037,23.3856,29.254
14038,23.38715,29.254
14039,23.388817,29.256
14040,23.390483,29.256
14041,23.39215,29.262
14042,23.393817,29.262
14043,23.395483,29.266
14044,23.39715,29.269
14045,23.398817,29.269
14046,23.400483,29.274
14047,23.40215,29.273
14048,23.403817,29.271
14049,23.405483,29.271
14050,23.40715,29.269
14051,23.408817,29.265
14052,23.410483,29.259
14053,23.41215,29.259
14054,23.413817,29.266
14055,23.415483,29.271
14056,23.41715,29.274
14057,23.418817,29.274
14058,23.420483,29.273
14059,23.42215,29.264
14060,23.423817,29.264
14061,23.425483,29.264
14062,23.42715,29.264
14063,23.428817,29.267
14064,23.430483,29.267
14065,23.43215,29.265
14066,23.433817,29.258
14067,23.435483,29.254
14068,23.43715,29.254
14069,23.43885,29.253
14070,23.440483,29.255
14071,23.442133,29.261
14072,23.4438,29.261
14073,23.445467,29.265
14074,23.447133,29.271
14075,23.4488,29.276
14076,23.450483,29.276
14077,23.452133,29.279
14078,23.4538,29.286
14079,23.455467,29.286
14080,23.457133,29.287
14081,23.4588,29.282
14082,23.460467,29.277
14083,23.462133,29.277
14084,23.4638,29.269
14085,23.465467,29.268
14086,23.467133,29.268
14087,23.4688,29.268
14088,23.470483,29.269
14089,23.472133,29.263
14090,23.4738,29.254
14091,23.475467,29.254
14092,23.477133,29.259
14093,23.4788,29.264
14094,23.480467,29.268
14095,23.482133,29.268
14096,23.4838,29.271
14097,23.485467,29.267
14098,23.48715,29.267
14099,23.4888,29.268
14100,23.490467,29.271
14101,23.492133,29.276
14102,23.4938,29.276
14103,23.495467,29.283
14104,23.497117,29.28
14105,23.498783,29.28
14106,23.50045,29.28
14107,23.502117,29.28
14108,23.503883,29.279
14109,23.50545,29.286
14110,23.507117,29.286
14111,23.508783,29.284
14112,23.51045,29.283
14113,23.512117,29.283
14114,23.513783,29.275
14115,23.5155,29.269
14116,23.517117,29.269
14117,23.518783,29.269
14118,23.52045,29.265
14119,23.522117,29.269
14120,23.523783,29.268
14121,23.52545,29.268
14122,23.527117,29.267
14123,23.528783,29.273
14124,23.53045,29.27
14125,23.532117,29.27
14126,23.533783,29.269
14127,23.53545,29.266
14128,23.537117,29.266
14129,23.538783,29.254
14130,23.540467,29.251
14131,23.542117,29.246
14132,23.543783,29.246
14133,23.54545,29.238
14134,23.547117,29.243
14135,23.548783,29.244
14136,23.55045,29.244
14137,23.552117,29.24
14138,23.553783,29.245
14139,23.55545,29.243
14140,23.557117,29.243
14141,23.558767,29.237
14142,23.560433,29.247
14143,23.5621,29.249
14144,23.563767,29.249
14145,23.565433,29.254
14146,23.5671,29.266
14147,23.568767,29.266
14148,23.570433,29.271
14149,23.5721,29.276
14150,23.573767,29.279
14151,23.575467,29.279
14152,23.5771,29.28
14153,23.578767,29.271
14154,23.580433,29.272
14155,23.5821,29.272
14156,23.583767,29.274
14157,23.585433,29.27
14158,23.5871,29.278
14159,23.588817,29.278
14160,23.590433,29.28
14161,23.5921,29.28
14162,23.593767,29.28
14163,23.595433,29.295
14164,23.5971,29.294
14165,23.598767,29.291
14166,23.600433,29.291
14167,23.6021,29.294
14168,23.603767,29.283
14169,23.605433,29.287
14170,23.6071,29.287
14171,23.608767,29.29
14172,23.610433,29.288
14173,23.6121,29.29
14174,23.613767,29.29
14175,23.615433,29.288
14176,23.617083,29.29
14177,23.618733,29.286
14178,23.6204,29.286
14179,23.6222,29.284
14180,23.623733,29.288
14181,23.6254,29.288
14182,23.627067,29.282
14183,23.628733,29.286
14184,23.630417,29.29
14185,23.632067,29.29
14186,23.633733,29.289
14187,23.6354,29.289
14188,23.637067,29.293
14189,23.638733,29.293
14190,23.6404,29.288
14191,23.642067,29.287
14192,23.643733,29.288
14193,23.6454,29.288
14194,23.647067,29.293
14195,23.648733,29.297
14196,23.650433,29.297
14197,23.652067,29.301
14198,23.653733,29.305
14199,23.6554,29.298
14200,23.657067,29.298
14201,23.658733,29.291
14202,23.6604,29.287
14203,23.662067,29.285
14204,23.663733,29.285
14205,23.6654,29.292
14206,23.667067,29.296
14207,23.66875,29.298
14208,23.6704,29.298
14209,23.672067,29.3
14210,23.673733,29.297
14211,23.6754,29.297
14212,23.677067,29.3
14213,23.678717,29.296
14214,23.680383,29.294
14215,23.68205,29.294
14216,23.683717,29.29
14217,23.685383,29.28
14218,23.68705,29.279
14219,23.688717,29.279
14220,23.690383,29.282
14221,23.69205,29.28
14222,23.693717,29.289
14223,23.695383,29.289
14224,23.69705,29.288
14225,23.698717,29.285
14226,23.700383,29.284
14227,23.70205,29.284
14228,23.70375,29.276
14229,23.705383,29.276
14230,23.7071,29.276
14231,23.708717,29.274
14232,23.710383,29.271
14233,23.71205,29.282
14234,23.713717,29.282
14235,23.715383,29.286
14236,23.71705,29.288
14237,23.718717,29.292
14238,23.720383,29.292
14239,23.72205,29.292
14240,23.723733,29.297
14241,23.725383,29.296
14242,23.72705,29.296
14243,23.728717,29.293
14244,23.730383,29.287
14245,23.73205,29.287
14246,23.733717,29.28
14247,23.735383,29.285
14248,23.737033,29.291
14249,23.7387,29.291
14250,23.7405,29.293
14251,23.742033,29.303
14252,23.7437,29.3
14253,23.745367,29.3
14254,23.747033,29.301
14255,23.7487,29.307
14256,23.750367,29.307
14257,23.752033,29.307
14258,23.7537,29.305
14259,23.755367,29.303
14260,23.757033,29.298
14261,23.7587,29.298
14262,23.760367,29.297
14263,23.762033,29.297
14264,23.7637,29.297
14265,23.765367,29.298
14266,23.767033,29.303
14267,23.7687,29.303
14268,23.770367,29.303
14269,23.772033,29.304
14270,23.7737,29.303
14271,23.775367,29.298
14272,23.777033,29.298
14273,23.7787,29.296
14274,23.780367,29.296
14275,23.782033,29.296
14276,23.7837,29.296
14277,23.785367,29.297
14278,23.787033,29.291
14279,23.7887,29.291
14280,23.790417,29.29
14281,23.792033,29.288
14282,23.7937,29.286
14283,23.795367,29.286
14284,23.797033,29.287
14285,23.798683,29.287
14286,23.800383,29.284
14287,23.802017,29.284
14288,23.803683,29.279
14289,23.80535,29.281
14290,23.807017,29.272
14291,23.808683,29.272
14292,23.81035,29.267
14293,23.812017,29.267
14294,23.813683,29.261
14295,23.81535,29.261
14296,23.817017,29.265
14297,23.818683,29.271
14298,23.82035,29.271
14299,23.822017,29.272
14300,23.823683,29.278
14301,23.825417,29.274
14302,23.827017,29.274
14303,23.828683,29.274
14304,23.83035,29.277
14305,23.832017,29.277
14306,23.833683,29.277
14307,23.83535,29.284
14308,23.837017,29.287
14309,23.838683,29.294
14310,23.84035,29.294
14311,23.842067,29.296
14312,23.843683,29.299
14313,23.84535,29.299
14314,23.847017,29.298
14315,23.848683,29.289
14316,23.85035,29.285
14317,23.852017,29.285
14318,23.853683,29.283
14319,23.85535,29.286
14320,23.857017,29.293
14321,23.858783,29.293
14322,23.860333,29.296
14323,23.862,29.299
14324,23.863667,29.304
14325,23.865333,29.304
14326,23.867,29.305
14327,23.868667,29.309
14328,23.870333,29.307
14329,23.872,29.307
14330,23.873667,29.297
14331,23.875333,29.288
14332,23.87705,29.288
14333,23.87875,29.276
14334,23.880333,29.274
14335,23.882,29.283
14336,23.883667,29.283
14337,23.885333,29.293
14338,23.887,29.297
14339,23.888667,29.306
14340,23.890333,29.306
14341,23.892,29.303
14342,23.893667,29.3
14343,23.895333,29.307
14344,23.897017,29.307
14345,23.898667,29.304
14346,23.900333,29.3
14347,23.902,29.3
14348,23.903667,29.302
14349,23.905333,29.299
14350,23.906983,29.296
14351,23.90865,29.296
14352,23.910317,29.293
14353,23.911983,29.285
14354,23.91365,29.281
14355,23.915317,29.281
14356,23.916983,29.273
14357,23.918633,29.268
14358,23.9203,29.271
14359,23.921967,29.271
14360,23.923633,29.266
14361,23.9253,29.266
14362,23.926967,29.266
14363,23.928633,29.272
14364,23.9303,29.267
14365,23.931967,29.268
14366,23.933633,29.268
14367,23.9353,29.276
14368,23.936967,29.278
14369,23.93865,29.281
14370,23.9403,29.281
14371,23.941967,29.28
14372,23.943683,29.276
14373,23.9453,29.273
14374,23.946967,29.273
14375,23.948633,29.275
14376,23.95035,29.286
14377,23.951967,29.291
14378,23.953633,29.291
14379,23.9553,29.292
14380,23.956967,29.297
14381,23.958633,29.297
14382,23.960383,29.295
14383,23.961967,29.296
14384,23.963633,29.299
14385,23.9653,29.299
14386,23.966967,29.294
14387,23.968633,29.3
14388,23.9703,29.3
14389,23.971967,29.3
14390,23.973633,29.303
14391,23.9753,29.304
14392,23.977083,29.295
14393,23.978617,29.295
14394,23.980283,29.295
14395,23.98195,29.293
14396,23.983617,29.293
14397,23.985283,29.291
14398,23.98695,29.3
14399,23.988617,29.299
14400,23.990283,29.299
14401,23.99195,29.297
14402,23.993617,29.296
14403,23.995283,29.291
14404,23.99695,29.291
14405,23.998617,29.29
14406,24.000283,29.291
14407,24.00195,29.297
14408,24.003617,29.297
14409,24.005283,29.297
14410,24.00695,29.299
14411,24.008617,29.308
14412,24.010283,29.308
14413,24.01195,29.31
14414,24.013617,29.314
14415,24.015333,29.314
14416,24.01695,29.321
14417,24.018617,29.312
14418,24.020283,29.312
14419,24.02195,29.312
14420,24.023617,29.311
14421,24.025283,29.304
14422,24.02695,29.302
14423,24.028617,29.302
14424,24.030283,29.29
14425,24.03195,29.278
14426,24.033617,29.275
14427,24.035283,29.275
14428,24.036967,29.274
14429,24.0386,29.274
14430,24.040267,29.274
14431,24.041933,29.278
14432,24.0436,29.278
14433,24.045267,29.272
14434,24.046933,29.272
14435,24.0486,29.274
14436,24.050267,29.272
14437,24.051933,29.272
14438,24.0536,29.272
14439,24.055267,29.275
14440,24.056933,29.27
14441,24.0586,29.272
14442,24.060267,29.272
14443,24.061933,29.265
14444,24.0636,29.266
14445,24.065267,29.271
14446,24.066933,29.271
14447,24.0686,29.265
14448,24.070267,29.265
14449,24.07195,29.265
14450,24.0736,29.265
14451,24.075267,29.265
14452,24.076933,29.269
14453,24.078683,29.269
14454,24.080267,29.277
14455,24.081933,29.279
14456,24.083617,29.286
14457,24.085267,29.286
14458,24.086933,29.287
14459,24.0886,29.289
14460,24.090267,29.283
14461,24.091933,29.283
14462,24.0936,29.271
14463,24.095333,29.272
14464,24.096933,29.272
14465,24.098583,29.268
14466,24.10025,29.275
14467,24.101917,29.285
14468,24.103583,29.285
14469,24.10525,29.281
14470,24.106917,29.285
14471,24.108583,29.285
14472,24.11025,29.285
14473,24.112033,29.277
14474,24.113583,29.277
14475,24.11525,29.27
14476,24.116917,29.27
14477,24.118583,29.262
14478,24.12025,29.268
14479,24.121917,29.268
14480,24.123583,29.274
14481,24.12525,29.279
14482,24.126917,29.285
14483,24.128583,29.285
14484,24.130283,29.283
14485,24.131917,29.283
14486,24.133583,29.283
14487,24.13525,29.283
14488,24.136917,29.281
14489,24.138583,29.286
14490,24.14025,29.287
14491,24.141917,29.287
14492,24.143583,29.282
14493,24.14525,29.292
14494,24.146917,29.29
14495,24.148583,29.29
14496,24.15025,29.291
14497,24.151917,29.295
14498,24.153583,29.295
14499,24.15525,29.294
14500,24.156917,29.3
14501,24.1586,29.302
14502,24.160283,29.302
14503,24.1619,29.311
14504,24.163567,29.306
14505,24.165233,29.3
14506,24.1669,29.3
14507,24.168567,29.297
14508,24.170233,29.289
14509,24.1719,29.295
14510,24.173567,29.295
14511,24.175233,29.304
14512,24.1769,29.308
14513,24.178567,29.308
14514,24.180233,29.31
14515,24.1819,29.3
14516,24.183567,29.292
14517,24.185233,29.292
14518,24.1869,29.288
14519,24.188567,29.292
14520,24.190233,29.3
14521,24.1919,29.3
14522,24.193567,29.305
14523,24.195233,29.305
14524,24.196917,29.301
14525,24.19855,29.301
14526,24.200217,29.294
14527,24.201883,29.288
14528,24.20355,29.288
14529,24.205217,29.288
14530,24.206883,29.285
14531,24.20855,29.289
14532,24.210217,29.289
14533,24.2119,29.29
14534,24.213633,29.288
14535,24.215217,29.292
14536,24.216883,29.292
14537,24.218533,29.289
14538,24.2202,29.29
14539,24.221867,29.29
14540,24.223533,29.29
14541,24.2252,29.288
14542,24.226867,29.292
14543,24.228533,29.3
14544,24.2303,29.3
14545,24.231867,29.302
14546,24.23355,29.302
14547,24.23525,29.302
14548,24.236867,29.299
14549,24.238533,29.297
14550,24.2402,29.3
14551,24.241867,29.3
14552,24.243533,29.299
14553,24.2452,29.301
14554,24.246883,29.295
14555,24.248533,29.295
14556,24.2502,29.294
14557,24.251867,29.295
14558,24.253533,29.293
14559,24.2552,29.293
14560,24.256867,29.298
14561,24.258533,29.299
14562,24.2602,29.299
14563,24.261867,29.299
14564,24.263533,29.302
14565,24.2652,29.294
14566,24.266867,29.294
14567,24.268533,29.294
14568,24.2702,29.3
14569,24.271867,29.298
14570,24.273533,29.298
14571,24.2752,29.308
14572,24.27685,29.31
14573,24.278517,29.303
14574,24.280183,29.303
14575,24.28185,29.309
14576,24.283517,29.301
14577,24.285183,29.294
14578,24.28685,29.294
14579,24.288517,29.298
14580,24.290183,29.293
14581,24.29185,29.293
14582,24.293517,29.295
14583,24.295183,29.302
14584,24.29685,29.303
14585,24.29855,29.303
14586,24.300217,29.301
14587,24.30185,29.306
14588,24.303517,29.309
14589,24.305183,29.309
14590,24.30685,29.308
14591,24.308517,29.31
14592,24.310183,29.304
14593,24.31185,29.304
14594,24.313517,29.294
14595,24.315217,29.288
14596,24.31685,29.288
14597,24.318517,29.29
14598,24.320183,29.287
14599,24.32185,29.29
14600,24.323517,29.29
14601,24.325183,29.296
14602,24.32685,29.295
14603,24.328517,29.292
14604,24.330183,29.292
14605,24.331867,29.291
14606,24.333517,29.286
14607,24.335183,29.28
14608,24.33685,29.28
14609,24.3385,29.277
14610,24.340167,29.269
14611,24.341833,29.265
14612,24.3435,29.265
14613,24.345167,29.27
14614,24.346833,29.276
14615,24.3486,29.276
14616,24.350167,29.276
14617,24.351833,29.283
14618,24.3535,29.281
14619,24.355167,29.281
14620,24.356833,29.277
14621,24.3585,29.278
14622,24.360167,29.276
14623,24.361833,29.276
14624,24.3635,29.269
14625,24.365167,29.274
14626,24.366833,29.28
14627,24.3685,29.28
14628,24.370167,29.28
14629,24.371833,29.292
14630,24.3735,29.292
14631,24.375167,29.289
14632,24.376833,29.284
14633,24.378517,29.289
14634,24.380233,29.289
14635,24.381833,29.286
14636,24.3835,29.289
14637,24.385167,29.301
14638,24.386833,29.301
14639,24.3885,29.296
14640,24.390167,29.299
14641,24.391833,29.302
14642,24.3935,29.302
14643,24.395167,29.296
14644,24.396833,29.294
14645,24.398483,29.291
14646,24.40015,29.291
14647,24.401817,29.282
14648,24.403483,29.279
14649,24.40515,29.279
14650,24.406817,29.278
14651,24.408483,29.281
14652,24.41015,29.289
14653,24.411817,29.289
14654,24.413483,29.291
14655,24.41515,29.294
14656,24.416817,29.295
14657,24.418483,29.295
14658,24.42015,29.3
14659,24.421817,29.302
14660,24.423483,29.303
14661,24.42515,29.303
14662,24.426817,29.301
14663,24.428483,29.299
14664,24.43015,29.299
14665,24.431817,29.294
14666,24.4335,29.294
14667,24.43515,29.292
14668,24.436817,29.292
14669,24.438483,29.288
14670,24.44015,29.291
14671,24.441817,29.29
14672,24.443483,29.29
14673,24.44515,29.291
14674,24.446817,29.29
14675,24.448483,29.289
14676,24.450217,29.289
14677,24.451817,29.288
14678,24.453483,29.289
14679,24.45515,29.295
14680,24.456817,29.295
14681,24.458467,29.296
14682,24.460133,29.301
14683,24.4618,29.301
14684,24.463467,29.301
14685,24.465133,29.302
14686,24.466933,29.302
14687,24.468467,29.302
14688,24.470133,29.307
14689,24.4718,29.316
14690,24.473467,29.316
14691,24.47515,29.316
14692,24.4768,29.315
14693,24.478467,29.311
14694,24.480133,29.309
14695,24.4818,29.309
14696,24.483467,29.31
14697,24.485133,29.313
14698,24.4868,29.313
14699,24.488467,29.308
14700,24.490117,29.301
14701,24.491783,29.296
14702,24.49345,29.296
14703,24.495117,29.294
14704,24.496783,29.302
14705,24.49845,29.31
14706,24.500117,29.31
14707,24.501783,29.318
14708,24.50345,29.325
14709,24.505117,29.326
14710,24.506783,29.326
14711,24.50845,29.317
14712,24.510117,29.317
14713,24.511783,29.317
14714,24.51345,29.318
14715,24.515117,29.316
14716,24.516767,29.323
14717,24.518433,29.323
14718,24.5201,29.323
14719,24.521783,29.32
14720,24.5235,29.32
14721,24.525183,29.32
14722,24.526767,29.324
14723,24.528433,29.324
14724,24.5301,29.326
14725,24.531767,29.326
14726,24.533433,29.333
14727,24.5351,29.329
14728,24.536767,29.331
14729,24.538433,29.331
14730,24.5401,29.328
14731,24.541767,29.319
14732,24.543433,29.319
14733,24.5451,29.311
14734,24.546767,29.306
14735,24.548433,29.304
14736,24.5501,29.304
14737,24.551817,29.3
14738,24.553433,29.306
14739,24.5551,29.304
14740,24.556767,29.304
14741,24.558433,29.301
14742,24.5601,29.303
14743,24.561767,29.304
14744,24.563433,29.304
14745,24.5651,29.303
14746,24.566767,29.31
14747,24.568433,29.31
14748,24.5701,29.309
14749,24.571767,29.305
14750,24.573433,29.302
14751,24.5751,29.302
14752,24.576767,29.301
14753,24.578417,29.305
14754,24.580083,29.31
14755,24.58175,29.31
14756,24.583417,29.318
14757,24.5852,29.31
14758,24.58675,29.307
14759,24.588417,29.307
14760,24.590083,29.3
14761,24.59175,29.288
14762,24.593417,29.286
14763,24.595083,29.286
14764,24.59675,29.282
14765,24.59845,29.28
14766,24.60015,29.28
14767,24.60175,29.284
14768,24.603417,29.285
14769,24.605083,29.288
14770,24.60675,29.288
14771,24.608417,29.291
14772,24.610083,29.294
14773,24.61175,29.296
14774,24.613417,29.296
14775,24.615083,29.298
14776,24.61675,29.297
14777,24.618417,29.301
14778,24.620083,29.301
14779,24.62175,29.301
14780,24.623417,29.304
14781,24.625083,29.304
14782,24.62675,29.308
14783,24.628417,29.307
14784,24.630083,29.306
14785,24.63175,29.306
14786,24.633417,29.303
14787,24.635083,29.301
14788,24.63675,29.3
14789,24.6384,29.3
14790,24.640067,29.3
14791,24.641733,29.299
14792,24.6434,29.3
14793,24.645067,29.3
14794,24.646733,29.302
14795,24.6484,29.307
14796,24.650083,29.305
14797,24.651733,29.305
14798,24.6534,29.306
14799,24.655067,29.305
14800,24.656733,29.305
14801,24.6584,29.301
14802,24.660067,29.308
14803,24.661733,29.314
14804,24.6634,29.314
14805,24.665083,29.315
14806,24.666767,29.319
14807,24.668417,29.314
14808,24.670117,29.314
14809,24.671733,29.309
14810,24.6734,29.303
14811,24.675067,29.301
14812,24.676733,29.301
14813,24.6784,29.3
14814,24.680067,29.298
14815,24.681733,29.298
14816,24.6834,29.306
14817,24.685067,29.305
14818,24.686733,29.304
14819,24.6884,29.304
14820,24.690067,29.302
14821,24.691733,29.294
14822,24.6934,29.288
14823,24.695067,29.288
14824,24.696733,29.285
14825,24.698383,29.281
14826,24.70005,29.281
14827,24.701717,29.281
14828,24.703483,29.282
14829,24.70505,29.286
14830,24.706717,29.286
14831,24.708383,29.289
14832,24.71005,29.288
14833,24.711717,29.29
14834,24.713383,29.29
14835,24.71505,29.29
14836,24.716717,29.293
14837,24.718383,29.299
14838,24.72005,29.299
14839,24.721717,29.304
14840,24.723383,29.304
14841,24.72505,29.308
14842,24.726717,29.308
14843,24.728383,29.303
14844,24.73005,29.299
14845,24.731717,29.301
14846,24.733383,29.301
14847,24.73505,29.297
14848,24.736717,29.297
14849,24.738383,29.297
14850,24.74005,29.295
14851,24.741717,29.302
14852,24.743383,29.308
14853,24.745083,29.308
14854,24.7468,29.31
14855,24.748383,29.311
14856,24.75005,29.305
14857,24.751717,29.305
14858,24.753383,29.301
14859,24.75505,29.304
14860,24.756717,29.308
14861,24.758367,29.308
14862,24.760033,29.306
14863,24.7617,29.306
14864,24.763367,29.306
14865,24.765033,29.307
14866,24.7667,29.308
14867,24.768367,29.313
14868,24.770033,29.313
14869,24.7717,29.31
14870,24.773367,29.3
14871,24.775033,29.301
14872,24.7767,29.301
14873,24.778367,29.298
14874,24.780033,29.305
14875,24.781683,29.31
14876,24.78335,29.31
14877,24.785017,29.303
14878,24.786683,29.305
14879,24.788417,29.303
14880,24.790017,29.303
14881,24.791683,29.302
14882,24.79335,29.304
14883,24.795017,29.304
14884,24.796683,29.306
14885,24.79835,29.308
14886,24.800017,29.311
14887,24.801683,29.311
14888,24.80335,29.311
14889,24.805017,29.311
14890,24.806683,29.309
14891,24.80835,29.309
14892,24.810017,29.312
14893,24.811683,29.319
14894,24.81335,29.318
14895,24.815017,29.318
14896,24.816683,29.318
14897,24.818333,29.315
14898,24.82,29.315
14899,24.821817,29.313
14900,24.823333,29.313
14901,24.825017,29.313
14902,24.826667,29.313
14903,24.828333,29.315
14904,24.83,29.309
14905,24.831667,29.302
14906,24.833333,29.302
14907,24.835,29.297
14908,24.836667,29.295
14909,24.838333,29.296
14910,24.84,29.296
14911,24.841667,29.304
14912,24.843333,29.313
14913,24.845,29.324
14914,24.846667,29.324
14915,24.848333,29.337
14916,24.85,29.342
14917,24.851667,29.342
14918,24.853333,29.339
14919,24.855,29.329
14920,24.856667,29.318
14921,24.858333,29.318
14922,24.86,29.314
14923,24.861667,29.315
14924,24.863333,29.322
14925,24.865,29.322
14926,24.866667,29.323
14927,24.868333,29.322
14928,24.87,29.317
14929,24.871667,29.317
14930,24.873333,29.308
14931,24.875,29.305
14932,24.876667,29.305
14933,24.878317,29.305
14934,24.879983,29.309
14935,24.88165,29.314
14936,24.883317,29.314
14937,24.884983,29.32
14938,24.88665,29.318
14939,24.888317,29.316
14940,24.889983,29.316
14941,24.8917,29.317
14942,24.893317,29.317
14943,24.894983,29.314
14944,24.89665,29.314
14945,24.898333,29.315
14946,24.899983,29.314
14947,24.90165,29.314
14948,24.903317,29.316
14949,24.904983,29.318
14950,24.906683,29.321
14951,24.908317,29.321
14952,24.909983,29.32
14953,24.91165,29.318
14954,24.913317,29.316
14955,24.914983,29.316
14956,24.91665,29.313
14957,24.918317,29.314
14958,24.919983,29.313
14959,24.92165,29.313
14960,24.923417,29.307
14961,24.924983,29.311
14962,24.92665,29.304
14963,24.928317,29.304
14964,24.929983,29.307
14965,24.93165,29.313
14966,24.933317,29.313
14967,24.934983,29.307
14968,24.936633,29.314
14969,24.938317,29.311
14970,24.940083,29.311
14971,24.941633,29.313
14972,24.9433,29.321
14973,24.944967,29.319
14974,24.946633,29.319
14975,24.9483,29.317
14976,24.949967,29.309
14977,24.951633,29.304
14978,24.9533,29.304
14979,24.954967,29.298
14980,24.95675,29.296
14981,24.9583,29.296
14982,24.959967,29.301
14983,24.961633,29.304
14984,24.9633,29.307
14985,24.964983,29.307
14986,24.966633,29.308
14987,24.9683,29.31
14988,24.969967,29.314
14989,24.971633,29.314
14990,24.9733,29.316
14991,24.974967,29.319
14992,24.976633,29.316
14993,24.9783,29.316
14994,24.979967,29.311
14995,24.981633,29.31
14996,24.9833,29.313
14997,24.984967,29.313
14998,24.98665,29.312
14999,24.9883,29.314
15000,24.989967,29.314
15001,24.991633,29.318
15002,24.9933,29.319
15003,24.994967,29.324
15004,24.996633,29.324
15005,24.998283,29.321
15006,24.99995,29.323
15007,25.001617,29.323
15008,25.003283,29.323
15009,25.00495,29.325
15010,25.006617,29.326
15011,25.008283,29.324
15012,25.00995,29.324
15013,25.011617,29.325
15014,25.013283,29.329
15015,25.01495,29.329
15016,25.016617,29.334
15017,25.018283,29.332
15018,25.01995,29.324
15019,25.021617,29.324
15020,25.023283,29.312
15021,25.024983,29.3
15022,25.026617,29.296
15023,25.028283,29.296
15024,25.02995,29.294
15025,25.03165,29.289
15026,25.033283,29.289
15027,25.03495,29.289
15028,25.036617,29.286
15029,25.038283,29.283
15030,25.03995,29.286
15031,25.041683,29.286
15032,25.043283,29.278
15033,25.04495,29.276
15034,25.046617,29.276
15035,25.048283,29.279
15036,25.04995,29.287
15037,25.051617,29.295
15038,25.053283,29.295
15039,25.05495,29.299
15040,25.0566,29.3
15041,25.058333,29.3
15042,25.059933,29.3
15043,25.0616,29.304
15044,25.063267,29.309
15045,25.064933,29.315
15046,25.0666,29.315
15047,25.068267,29.316
15048,25.069933,29.317
15049,25.0716,29.317
15050,25.07325,29.316
15051,25.075017,29.315
15052,25.076583,29.31
15053,25.07825,29.31
15054,25.07995,29.306
15055,25.081583,29.301
15056,25.08325,29.298
15057,25.084917,29.298
15058,25.086583,29.298
15059,25.08825,29.304
15060,25.089917,29.311
15061,25.091583,29.311
15062,25.09325,29.317
15063,25.094917,29.316
15064,25.096583,29.316
15065,25.09825,29.31
15066,25.099917,29.309
15067,25.101583,29.314
15068,25.10325,29.314
15069,25.104917,29.313
15070,25.106583,29.31
15071,25.108283,29.307
15072,25.109917,29.307
15073,25.111583,29.297
15074,25.11325,29.304
15075,25.114917,29.31
15076,25.116583,29.31
15077,25.118233,29.308
15078,25.1199,29.308
15079,25.121567,29.303
15080,25.123233,29.303
15081,25.1249,29.304
15082,25.126567,29.306
15083,25.128233,29.306
15084,25.1299,29.308
15085,25.131567,29.306
15086,25.133233,29.3
15087,25.1349,29.3
15088,25.136567,29.294
15089,25.138233,29.295
15090,25.1399,29.3
15091,25.141567,29.3
15092,25.143233,29.3
15093,25.1449,29.3
15094,25.146567,29.293
15095,25.148233,29.293
15096,25.1499,29.287
15097,25.151567,29.28
15098,25.153267,29.28
15099,25.1549,29.282
15100,25.156567,29.281
15101,25.158233,29.279
15102,25.159983,29.279
15103,25.161567,29.285
15104,25.163233,29.285
15105,25.1649,29.292
15106,25.166567,29.292
15107,25.168233,29.293
15108,25.1699,29.291
15109,25.171567,29.292
15110,25.173233,29.292
15111,25.1749,29.284
15112,25.176633,29.286
15113,25.178217,29.297
15114,25.179917,29.297
15115,25.18155,29.306
15116,25.183217,29.318
15117,25.184883,29.318
15118,25.18655,29.324
15119,25.188217,29.317
15120,25.189883,29.31
15121,25.19155,29.31
15122,25.193333,29.3
15123,25.194883,29.295
15124,25.19655,29.294
15125,25.198217,29.294
15126,25.199883,29.292
15127,25.20155,29.301
15128,25.203217,29.299
15129,25.204883,29.299
15130,25.20655,29.304
15131,25.208217,29.306
15132,25.209883,29.306
15133,25.21155,29.298
15134,25.213217,29.295
15135,25.214883,29.292
15136,25.21655,29.292
15137,25.218217,29.291
15138,25.219883,29.3
15139,25.22155,29.309
15140,25.223217,29.309
15141,25.224883,29.309
15142,25.22655,29.309
15143,25.228217,29.304
15144,25.229883,29.304
15145,25.23155,29.296
15146,25.233217,29.296
15147,25.234883,29.295
15148,25.236567,29.295
15149,25.2382,29.298
15150,25.239867,29.302
15151,25.241533,29.302
15152,25.2432,29.304
15153,25.244867,29.311
15154,25.246533,29.314
15155,25.2482,29.314
15156,25.249867,29.315
15157,25.25155,29.311
15158,25.25325,29.308
15159,25.254867,29.308
15160,25.256533,29.302
15161,25.2582,29.294
15162,25.259867,29.294
15163,25.261533,29.294
15164,25.2632,29.285
15165,25.264867,29.279
15166,25.266533,29.279
15167,25.2682,29.277
15168,25.269867,29.278
15169,25.271533,29.289
15170,25.2732,29.289
15171,25.274867,29.296
15172,25.276533,29.306
15173,25.2782,29.307
15174,25.279867,29.307
15175,25.28155,29.306
15176,25.2832,29.305
15177,25.284867,29.306
15178,25.286533,29.306
15179,25.2882,29.311
15180,25.289867,29.314
15181,25.291533,29.314
15182,25.2932,29.32
15183,25.294883,29.322
15184,25.296533,29.315
15185,25.298183,29.315
15186,25.29985,29.308
15187,25.301517,29.306
15188,25.303183,29.311
15189,25.30485,29.311
15190,25.306517,29.316
15191,25.308183,29.324
15192,25.30985,29.323
15193,25.311617,29.323
15194,25.313183,29.32
15195,25.31485,29.314
15196,25.316517,29.311
15197,25.318183,29.311
15198,25.31985,29.307
15199,25.321517,29.302
15200,25.323183,29.302
15201,25.32485,29.307
15202,25.326533,29.301
15203,25.328183,29.298
15204,25.329883,29.298
15205,25.331517,29.297
15206,25.333183,29.292
15207,25.33485,29.293
15208,25.336517,29.293
15209,25.338183,29.293
15210,25.33985,29.285
15211,25.341517,29.282
15212,25.343183,29.282
15213,25.34485,29.278
15214,25.346517,29.284
15215,25.348183,29.284
15216,25.34985,29.289
15217,25.351517,29.289
15218,25.353183,29.294
15219,25.35485,29.294
15220,25.3565,29.291
15221,25.358167,29.294
15222,25.359833,29.296
15223,25.3615,29.296
15224,25.363167,29.295
15225,25.364817,29.292
15226,25.366483,29.289
15227,25.36815,29.289
15228,25.369817,29.284
15229,25.371483,29.279
15230,25.37315,29.278
15231,25.374817,29.278
15232,25.376483,29.279
15233,25.37815,29.283
15234,25.379817,29.283
15235,25.381483,29.277
15236,25.38315,29.278
15237,25.384817,29.282
15238,25.386483,29.282
15239,25.38815,29.281
15240,25.389817,29.29
15241,25.391483,29.292
15242,25.39315,29.292
15243,25.394817,29.287
15244,25.396533,29.289
15245,25.39815,29.288
15246,25.399817,29.288
15247,25.401483,29.296
15248,25.403183,29.303
15249,25.404817,29.303
15250,25.406483,29.302
15251,25.40815,29.31
15252,25.409817,29.301
15253,25.411483,29.301
15254,25.41315,29.296
15255,25.414817,29.294
15256,25.416483,29.282
15257,25.418133,29.282
15258,25.4198,29.28
15259,25.421467,29.273
15260,25.423133,29.277
15261,25.4248,29.277
15262,25.426467,29.282
15263,25.428133,29.283
15264,25.4299,29.29
15265,25.431467,29.29
15266,25.433133,29.286
15267,25.4348,29.285
15268,25.436467,29.285
15269,25.438133,29.288
15270,25.4398,29.293
15271,25.441467,29.302
15272,25.443133,29.302
15273,25.4448,29.305
15274,25.446467,29.302
15275,25.448133,29.291
15276,25.4498,29.291
15277,25.451467,29.28
15278,25.453133,29.281
15279,25.4548,29.285
15280,25.456483,29.285
15281,25.458133,29.296
15282,25.4598,29.299
15283,25.461467,29.299
15284,25.463133,29.295
15285,25.4648,29.286
15286,25.466467,29.28
15287,25.468133,29.28
15288,25.4698,29.277
15289,25.471467,29.278
15290,25.473133,29.292
15291,25.4748,29.292
15292,25.476483,29.301
15293,25.478167,29.305
15294,25.479817,29.305
15295,25.48145,29.305
15296,25.483117,29.305
15297,25.484783,29.303
15298,25.48645,29.303
15299,25.488117,29.308
15300,25.489783,29.307
15301,25.49145,29.306
15302,25.493117,29.306
15303,25.494783,29.302
15304,25.49645,29.304
15305,25.498117,29.309
15306,25.499783,29.309
15307,25.50145,29.309
15308,25.503117,29.315
15309,25.504783,29.309
15310,25.50645,29.309
15311,25.508117,29.312
15312,25.509783,29.313
15313,25.51145,29.309
15314,25.513117,29.309
15315,25.51485,29.309
15316,25.51645,29.302
15317,25.518117,29.302
15318,25.519783,29.297
15319,25.52145,29.301
15320,25.523117,29.307
15321,25.524783,29.307
15322,25.52645,29.314
15323,25.528117,29.311
15324,25.529783,29.309
15325,25.53145,29.309
15326,25.533117,29.302
15327,25.534767,29.297
15328,25.53645,29.298
15329,25.5381,29.298
15330,25.539767,29.296
15331,25.541433,29.296
15332,25.5431,29.296
15333,25.544767,29.299
15334,25.546433,29.305
15335,25.548217,29.304
15336,25.549767,29.304
15337,25.551433,29.303
15338,25.5531,29.299
15339,25.554767,29.3
15340,25.556467,29.3
15341,25.558183,29.305
15342,25.559767,29.311
15343,25.561433,29.315
15344,25.5631,29.315
15345,25.564767,29.317
15346,25.566433,29.321
15347,25.5681,29.317
15348,25.569767,29.317
15349,25.571433,29.312
15350,25.5731,29.306
15351,25.574767,29.306
15352,25.576433,29.3
15353,25.5781,29.297
15354,25.579767,29.305
15355,25.581433,29.305
15356,25.5831,29.305
15357,25.584767,29.302
15358,25.586433,29.299
15359,25.5881,29.299
15360,25.589767,29.289
15361,25.591433,29.289
15362,25.5931,29.29
15363,25.594767,29.29
15364,25.596433,29.298
15365,25.598083,29.304
15366,25.59975,29.304
15367,25.601417,29.301
15368,25.603083,29.299
15369,25.60475,29.295
15370,25.606417,29.295
15371,25.608083,29.289
15372,25.60975,29.288
15373,25.611417,29.291
15374,25.613083,29.291
15375,25.61475,29.291
15376,25.616417,29.292
15377,25.618083,29.298
15378,25.619767,29.298
15379,25.621417,29.299
15380,25.623083,29.302
15381,25.62475,29.304
15382,25.62645,29.304
15383,25.628083,29.306
15384,25.62975,29.305
15385,25.631417,29.305
15386,25.633117,29.311
15387,25.63475,29.311
15388,25.636417,29.311
15389,25.638083,29.311
15390,25.63975,29.316
15391,25.641417,29.314
15392,25.643083,29.313
15393,25.64475,29.313
15394,25.646417,29.308
15395,25.648083,29.306
15396,25.649867,29.307
15397,25.651417,29.307
15398,25.653083,29.311
15399,25.654733,29.315
15400,25.6564,29.315
15401,25.65805,29.316
15402,25.659717,29.314
15403,25.661383,29.31
15404,25.66305,29.31
15405,25.664717,29.312
15406,25.666517,29.306
15407,25.66805,29.301
15408,25.669717,29.301
15409,25.671383,29.298
15410,25.67305,29.292
15411,25.674717,29.294
15412,25.676383,29.294
15413,25.67805,29.302
15414,25.679717,29.306
15415,25.681383,29.306
15416,25.68305,29.306
15417,25.684717,29.305
15418,25.686383,29.296
15419,25.68805,29.296
15420,25.689717,29.29
15421,25.691383,29.29
15422,25.69305,29.289
15423,25.694717,29.289
15424,25.696383,29.293
15425,25.698067,29.3
15426,25.699717,29.308
15427,25.701383,29.308
15428,25.70305,29.314
15429,25.704717,29.317
15430,25.706383,29.313
15431,25.70805,29.313
15432,25.709717,29.309
15433,25.711383,29.311
15434,25.713067,29.311
15435,25.714717,29.311
15436,25.716383,29.311
15437,25.718033,29.303
15438,25.7197,29.303
15439,25.721367,29.293
15440,25.723033,29.292
15441,25.7247,29.298
15442,25.726367,29.298
15443,25.728033,29.303
15444,25.7297,29.305
15445,25.731367,29.306
15446,25.733033,29.306
15447,25.7347,29.309
15448,25.736367,29.316
15449,25.738033,29.316
15450,25.7397,29.329
15451,25.741367,29.337
15452,25.743033,29.334
15453,25.7447,29.334
15454,25.746367,29.333
15455,25.748033,29.33
15456,25.7497,29.32
15457,25.751383,29.32
15458,25.753033,29.315
15459,25.7547,29.316
15460,25.756367,29.314
15461,25.758033,29.314
15462,25.7597,29.32
15463,25.761367,29.324
15464,25.763033,29.322
15465,25.7647,29.322
15466,25.766383,29.322
15467,25.768133,29.32
15468,25.7697,29.32
15469,25.771367,29.319
15470,25.773033,29.318
15471,25.7747,29.32
15472,25.776367,29.32
15473,25.778017,29.33
15474,25.779683,29.338
15475,25.78135,29.344
15476,25.783017,29.344
15477,25.784783,29.352
15478,25.78635,29.345
15479,25.788017,29.343
15480,25.789683,29.343
15481,25.79135,29.334
15482,25.793017,29.325
15483,25.794683,29.325
15484,25.79635,29.319
15485,25.798017,29.312
15486,25.799683,29.309
15487,25.80145,29.309
15488,25.803033,29.308
15489,25.804683,29.307
15490,25.80635,29.305
15491,25.808017,29.305
15492,25.809683,29.308
15493,25.81135,29.306
15494,25.813017,29.307
15495,25.814683,29.307
15496,25.81635,29.309
15497,25.818017,29.307
15498,25.819683,29.3
15499,25.82135,29.3
15500,25.823017,29.303
15501,25.824683,29.303
15502,25.82635,29.303
15503,25.828017,29.302
15504,25.829683,29.303
15505,25.83135,29.305
15506,25.833017,29.305
15507,25.834683,29.303
15508,25.836333,29.301
15509,25.838,29.304
15510,25.839683,29.304
15511,25.841383,29.299
15512,25.843,29.291
15513,25.844667,29.29
15514,25.846333,29.29
15515,25.848,29.283
15516,25.849667,29.282
15517,25.851333,29.282
15518,25.853,29.284
15519,25.854667,29.286
15520,25.856333,29.285
15521,25.858,29.285
15522,25.859683,29.28
15523,25.861333,29.275
15524,25.863,29.279
15525,25.864667,29.279
15526,25.866333,29.287
15527,25.868,29.294
15528,25.869667,29.306
15529,25.871333,29.306
15530,25.873,29.308
15531,25.874667,29.299
15532,25.876333,29.296
15533,25.878,29.296
15534,25.879683,29.289
15535,25.881333,29.287
15536,25.883,29.287
15537,25.884667,29.299
15538,25.886383,29.304
15539,25.888,29.305
15540,25.889667,29.305
15541,25.891333,29.304
15542,25.893,29.305
15543,25.894667,29.296
15544,25.896333,29.296
15545,25.897983,29.296
15546,25.89965,29.291
15547,25.901317,29.282
15548,25.903033,29.282
15549,25.90465,29.28
15550,25.906317,29.28
15551,25.907983,29.28
15552,25.90965,29.28
15553,25.911317,29.284
15554,25.912983,29.286
15555,25.91465,29.286
15556,25.916317,29.288
15557,25.918,29.281
15558,25.919667,29.281
15559,25.921317,29.281
15560,25.922983,29.279
15561,25.92465,29.274
15562,25.926317,29.278
15563,25.927983,29.278
15564,25.92965,29.277
15565,25.931317,29.282
15566,25.932983,29.282
15567,25.93465,29.28
15568,25.936317,29.276
15569,25.937983,29.272
15570,25.93965,29.272
15571,25.941317,29.278
15572,25.942983,29.282
15573,25.94465,29.291
15574,25.9463,29.291
15575,25.947967,29.293
15576,25.949633,29.29
15577,25.9513,29.286
15578,25.952967,29.286
15579,25.954633,29.278
15580,25.9563,29.283
15581,25.95795,29.281
15582,25.959617,29.281
15583,25.961283,29.295
15584,25.96295,29.306
15585,25.964617,29.306
15586,25.966283,29.305
15587,25.967967,29.312
15588,25.969617,29.307
15589,25.971283,29.307
15590,25.97295,29.294
15591,25.974617,29.282
15592,25.976283,29.274
15593,25.97795,29.274
15594,25.979617,29.272
15595,25.981283,29.275
15596,25.98295,29.289
15597,25.984617,29.289
15598,25.9863,29.293
15599,25.98795,29.291
15600,25.989617,29.291
15601,25.991283,29.295
15602,25.99295,29.287
15603,25.994617,29.278
15604,25.996283,29.278
15605,25.99795,29.277
15606,25.999617,29.273
15607,26.001283,29.279
15608,26.00295,29.279
15609,26.00465,29.28
15610,26.006283,29.28
15611,26.00795,29.286
15612,26.009617,29.286
15613,26.011283,29.282
15614,26.01295,29.279
15615,26.014617,29.273
15616,26.016283,29.273
15617,26.017933,29.268
15618,26.0196,29.272
15619,26.021317,29.272
15620,26.022933,29.273
15621,26.0246,29.278
15622,26.026267,29.275
15623,26.027933,29.275
15624,26.0296,29.268
15625,26.031267,29.276
15626,26.032933,29.278
15627,26.034617,29.278
15628,26.036267,29.286
15629,26.038033,29.294
15630,26.0396,29.3
15631,26.041267,29.3
15632,26.042933,29.305
15633,26.0446,29.309
15634,26.046267,29.309
15635,26.047933,29.312
15636,26.0496,29.311
15637,26.051267,29.308
15638,26.052933,29.308
15639,26.0546,29.304
15640,26.056267,29.305
15641,26.057967,29.301
15642,26.0596,29.301
15643,26.061267,29.3
15644,26.06295,29.295
15645,26.0646,29.291
15646,26.066267,29.291
15647,26.067933,29.294
15648,26.0696,29.295
15649,26.071267,29.295
15650,26.072933,29.296
15651,26.0746,29.294
15652,26.07625,29.291
15653,26.077917,29.291
15654,26.079583,29.282
15655,26.08125,29.285
15656,26.082917,29.287
15657,26.084583,29.287
15658,26.08625,29.291
15659,26.087917,29.299
15660,26.089583,29.298
15661,26.09125,29.298
15662,26.092917,29.296
15663,26.094583,29.296
15664,26.09625,29.298
15665,26.097917,29.298
15666,26.099583,29.304
15667,26.10125,29.304
15668,26.102917,29.304
15669,26.104583,29.3
15670,26.10625,29.302
15671,26.107917,29.302
15672,26.109583,29.302
15673,26.11125,29.305
15674,26.112917,29.304
15675,26.114583,29.297
15676,26.11625,29.297
15677,26.117917,29.288
15678,26.119583,29.29
15679,26.12125,29.293
15680,26.122917,29.293
15681,26.124583,29.293
15682,26.12625,29.294
15683,26.127917,29.294
15684,26.129583,29.282
15685,26.131267,29.281
15686,26.13295,29.28
15687,26.134617,29.28
15688,26.13625,29.286
15689,26.1379,29.296
15690,26.139567,29.293
15691,26.141233,29.293
15692,26.1429,29.302
15693,26.144567,29.3
15694,26.146233,29.298
15695,26.1479,29.298
15696,26.149567,29.296
15697,26.151233,29.285
15698,26.1529,29.283
15699,26.154567,29.283
15700,26.156317,29.287
15701,26.1579,29.292
15702,26.159567,29.292
15703,26.161233,29.303
15704,26.1629,29.31
15705,26.164567,29.306
15706,26.166233,29.306
15707,26.1679,29.309
15708,26.169567,29.304
15709,26.171233,29.305
15710,26.1729,29.305
15711,26.174567,29.311
15712,26.176233,29.307
15713,26.1779,29.301
15714,26.179567,29.301
15715,26.181233,29.3
15716,26.1829,29.297
15717,26.184567,29.297
15718,26.186233,29.298
15719,26.1879,29.31
15720,26.189567,29.304
15721,26.191233,29.304
15722,26.1929,29.302
15723,26.194567,29.299
15724,26.196233,29.29
15725,26.197883,29.29
15726,26.19955,29.29
15727,26.201217,29.291
15728,26.202883,29.294
15729,26.20455,29.294
15730,26.20625,29.301
15731,26.207883,29.3
15732,26.20955,29.29
15733,26.211217,29.29
15734,26.212883,29.286
15735,26.21455,29.277
15736,26.216233,29.277
15737,26.217883,29.279
15738,26.21955,29.279
15739,26.221217,29.277
15740,26.222883,29.277
15741,26.22455,29.277
15742,26.226217,29.279
15743,26.227883,29.285
15744,26.22955,29.285
15745,26.231217,29.292
15746,26.232883,29.295
15747,26.23455,29.289
15748,26.236217,29.289
15749,26.237867,29.288
15750,26.239533,29.286
15751,26.24125,29.286
15752,26.242867,29.289
15753,26.244533,29.295
15754,26.2462,29.292
15755,26.247867,29.292
15756,26.249533,29.294
15757,26.2512,29.293
15758,26.252867,29.291
15759,26.254533,29.291
15760,26.2562,29.299
15761,26.25785,29.296
15762,26.259517,29.297
15763,26.261183,29.297
15764,26.26285,29.297
15765,26.264517,29.297
15766,26.266183,29.297
15767,26.26785,29.302
15768,26.269517,29.297
15769,26.271183,29.291
15770,26.27285,29.291
15771,26.274617,29.291
15772,26.276183,29.278
15773,26.27785,29.277
15774,26.279517,29.277
15775,26.281217,29.278
15776,26.28285,29.27
15777,26.284517,29.278
15778,26.286183,29.278
15779,26.28785,29.286
15780,26.289517,29.295
15781,26.291183,29.295
15782,26.29285,29.295
15783,26.294517,29.292
15784,26.296183,29.284
15785,26.29785,29.284
15786,26.299517,29.285
15787,26.301183,29.295
15788,26.30285,29.3
15789,26.30455,29.3
15790,26.306183,29.301
15791,26.30785,29.291
15792,26.309517,29.289
15793,26.311183,29.289
15794,26.31285,29.29
15795,26.314517,29.298
15796,26.316183,29.305
15797,26.317833,29.305
15798,26.3195,29.31
15799,26.321167,29.306
15800,26.322833,29.306
15801,26.3245,29.31
15802,26.326167,29.315
15803,26.327833,29.316
15804,26.3295,29.316
15805,26.331167,29.324
15806,26.332833,29.327
15807,26.3345,29.324
15808,26.336167,29.324
15809,26.337833,29.322
15810,26.3395,29.322
15811,26.341167,29.313
15812,26.342833,29.313
15813,26.3445,29.312
15814,26.346167,29.31
15815,26.347833,29.306
15816,26.349533,29.306
15817,26.351167,29.309
15818,26.352833,29.307
15819,26.3545,29.307
15820,26.356167,29.306
15821,26.357833,29.307
15822,26.359517,29.308
15823,26.361167,29.308
15824,26.362833,29.307
15825,26.3645,29.308
15826,26.366167,29.31
15827,26.367833,29.31
15828,26.3695,29.301
15829,26.371167,29.299
15830,26.372833,29.297
15831,26.3745,29.297
15832,26.37615,29.29
15833,26.377817,29.294
15834,26.379483,29.294
15835,26.38115,29.296
15836,26.382817,29.299
15837,26.384483,29.309
15838,26.38615,29.309
15839,26.387817,29.318
15840,26.3895,29.32
15841,26.39115,29.316
15842,26.392817,29.316
15843,26.394483,29.315
15844,26.39615,29.303
15845,26.397817,29.299
15846,26.399483,29.299
15847,26.40115,29.297
15848,26.402817,29.279
15849,26.404483,29.273
15850,26.40615,29.273
15851,26.407817,29.278
15852,26.409483,29.282
15853,26.41115,29.282
15854,26.412817,29.29
15855,26.414483,29.3
15856,26.41615,29.294
15857,26.417817,29.294
15858,26.419483,29.295
15859,26.42115,29.304
15860,26.422817,29.306
15861,26.424483,29.306
15862,26.42615,29.32
15863,26.427817,29.322
15864,26.429517,29.316
15865,26.43115,29.316
15866,26.432817,29.316
15867,26.434483,29.304
15868,26.43615,29.304
15869,26.437817,29.306
15870,26.439467,29.306
15871,26.441133,29.298
15872,26.4428,29.298
15873,26.444467,29.302
15874,26.446133,29.299
15875,26.4478,29.299
15876,26.449467,29.299
15877,26.451133,29.3
15878,26.4528,29.299
15879,26.454467,29.291
15880,26.456133,29.291
15881,26.4578,29.289
15882,26.459467,29.294
15883,26.461133,29.294
15884,26.4628,29.294
15885,26.4645,29.299
15886,26.466133,29.297
15887,26.4678,29.297
15888,26.469467,29.29
15889,26.471133,29.293
15890,26.4728,29.295
15891,26.474467,29.295
15892,26.476133,29.304
15893,26.477833,29.31
15894,26.479467,29.302
15895,26.481133,29.302
15896,26.4828,29.301
15897,26.484467,29.296
15898,26.486133,29.293
15899,26.4878,29.293
15900,26.489467,29.295
15901,26.491133,29.298
15902,26.4928,29.298
15903,26.494533,29.287
15904,26.496133,29.29
15905,26.4978,29.294
15906,26.4995,29.294
15907,26.501117,29.293
15908,26.502783,29.306
15909,26.50445,29.303
15910,26.506117,29.303
15911,26.507783,29.3
15912,26.50945,29.304
15913,26.511233,29.309
15914,26.512783,29.309
15915,26.51445,29.309
15916,26.516117,29.311
15917,26.517783,29.311
15918,26.51945,29.304
15919,26.521117,29.297
15920,26.522783,29.306
15921,26.52445,29.306
15922,26.526117,29.308
15923,26.527783,29.307
15924,26.529433,29.311
15925,26.5311,29.311
15926,26.532767,29.304
15927,26.534433,29.3
15928,26.5361,29.299
15929,26.537767,29.299
15930,26.539433,29.287
15931,26.5411,29.285
15932,26.542767,29.284
15933,26.544433,29.284
15934,26.5461,29.29
15935,26.547767,29.302
15936,26.54945,29.302
15937,26.5511,29.299
15938,26.552767,29.299
15939,26.554433,29.286
15940,26.5561,29.286
15941,26.55775,29.279
15942,26.559417,29.281
15943,26.561083,29.279
15944,26.56275,29.279
15945,26.564417,29.288
15946,26.566083,29.299
15947,26.56775,29.303
15948,26.56945,29.303
15949,26.571083,29.309
15950,26.57275,29.306
15951,26.574417,29.306
15952,26.576083,29.3
15953,26.57775,29.293
15954,26.579417,29.288
15955,26.581083,29.288
15956,26.58275,29.29
15957,26.584417,29.29
15958,26.586083,29.286
15959,26.58775,29.286
15960,26.589417,29.286
15961,26.591083,29.289
15962,26.59275,29.287
15963,26.594417,29.287
15964,26.596133,29.291
15965,26.59775,29.292
15966,26.599417,29.285
15967,26.601083,29.285
15968,26.60275,29.285
15969,26.604417,29.281
15970,26.606083,29.281
15971,26.60775,29.281
15972,26.609417,29.283
15973,26.611083,29.282
15974,26.61285,29.282
15975,26.614417,29.287
15976,26.616067,29.287
15977,26.617733,29.29
15978,26.6194,29.29
15979,26.621067,29.288
15980,26.622733,29.286
15981,26.6244,29.281
15982,26.626067,29.281
15983,26.627733,29.274
15984,26.6295,29.274
15985,26.631067,29.274
15986,26.632733,29.276
15987,26.6344,29.286
15988,26.636067,29.29
15989,26.637733,29.29
15990,26.6394,29.294
15991,26.641067,29.29
15992,26.642733,29.28
15993,26.644417,29.28
15994,26.646067,29.276
15995,26.647733,29.277
15996,26.6494,29.278
15997,26.651067,29.278
15998,26.652733,29.286
15999,26.6544,29.294
16000,26.656067,29.299
16001,26.657733,29.299
16002,26.6594,29.301
16003,26.661067,29.299
16004,26.662733,29.299
16005,26.6644,29.293
16006,26.666083,29.292
16007,26.667733,29.29
16008,26.6694,29.29
16009,26.671067,29.289
16010,26.672733,29.288
16011,26.6744,29.279
16012,26.676067,29.279
16013,26.677717,29.279
16014,26.679383,29.281
16015,26.68105,29.279
16016,26.682717,29.279
16017,26.684383,29.283
16018,26.68605,29.29
16019,26.687717,29.29
16020,26.689383,29.301
16021,26.69105,29.312
16022,26.692717,29.311
16023,26.694383,29.311
16024,26.69605,29.307
16025,26.697717,29.303
16026,26.699383,29.304
16027,26.70105,29.304
16028,26.702717,29.306
16029,26.704383,29.31
16030,26.70605,29.295
16031,26.707717,29.295
16032,26.709383,29.29
16033,26.711083,29.287
16034,26.712717,29.287
16035,26.7144,29.275
16036,26.71605,29.283
16037,26.717717,29.277
16038,26.719383,29.277
16039,26.72105,29.275
16040,26.722717,29.28
16041,26.724383,29.278
16042,26.72605,29.278
16043,26.727717,29.287
16044,26.729383,29.288
16045,26.731117,29.288
16046,26.732717,29.288
16047,26.734383,29.293
16048,26.73605,29.281
16049,26.7377,29.289
16050,26.739367,29.289
16051,26.741033,29.292
16052,26.7427,29.293
16053,26.744367,29.293
16054,26.746033,29.299
16055,26.747767,29.292
16056,26.749367,29.292
16057,26.751033,29.292
16058,26.7527,29.293
16059,26.754367,29.292
16060,26.756033,29.291
16061,26.7577,29.291
16062,26.759367,29.295
16063,26.761033,29.293
16064,26.7627,29.296
16065,26.764467,29.296
16066,26.766033,29.296
16067,26.7677,29.29
16068,26.769367,29.29
16069,26.771033,29.294
16070,26.7727,29.297
16071,26.774367,29.296
16072,26.776033,29.296
16073,26.7777,29.3
16074,26.779367,29.302
16075,26.781033,29.296
16076,26.7827,29.296
16077,26.784367,29.298
16078,26.786033,29.29
16079,26.7877,29.278
16080,26.789367,29.278
16081,26.79105,29.275
16082,26.7927,29.274
16083,26.794383,29.273
16084,26.796033,29.273
16085,26.797683,29.272
16086,26.79935,29.276
16087,26.801017,29.276
16088,26.802683,29.273
16089,26.80435,29.275
16090,26.806017,29.279
16091,26.807683,29.279
16092,26.80935,29.277
16093,26.811017,29.282
16094,26.812683,29.278
16095,26.81435,29.278
16096,26.816017,29.282
16097,26.817683,29.282
16098,26.81935,29.282
16099,26.821,29.282
16100,26.822667,29.288
16101,26.824333,29.281
16102,26.826,29.281
16103,26.827667,29.277
16104,26.829333,29.271
16105,26.831,29.269
16106,26.832667,29.269
16107,26.834333,29.268
16108,26.836,29.273
16109,26.837667,29.281
16110,26.839333,29.281
16111,26.841017,29.276
16112,26.842667,29.273
16113,26.844333,29.274
16114,26.846,29.274
16115,26.847667,29.271
16116,26.849383,29.278
16117,26.851,29.278
16118,26.852667,29.281
16119,26.854333,29.278
16120,26.855983,29.271
16121,26.85765,29.271
16122,26.859317,29.264
16123,26.860983,29.261
16124,26.86265,29.262
16125,26.864317,29.262
16126,26.866033,29.268
16127,26.86765,29.271
16128,26.869317,29.276
16129,26.870983,29.276
16130,26.87265,29.269
16131,26.874317,29.268
16132,26.875983,29.273
16133,26.87765,29.273
16134,26.879317,29.277
16135,26.880983,29.291
16136,26.882767,29.297
16137,26.884317,29.297
16138,26.885983,29.302
16139,26.88765,29.307
16140,26.889317,29.307
16141,26.890983,29.302
16142,26.89265,29.304
16143,26.894317,29.306
16144,26.895983,29.306
16145,26.89765,29.307
16146,26.899317,29.313
16147,26.900983,29.316
16148,26.90265,29.316
16149,26.904317,29.319
16150,26.905983,29.322
16151,26.90765,29.322
16152,26.909317,29.317
16153,26.910983,29.313
16154,26.91265,29.311
16155,26.914317,29.311
16156,26.915983,29.307
16157,26.917633,29.313
16158,26.9193,29.314
16159,26.920967,29.314
16160,26.922633,29.31
16161,26.9243,29.31
16162,26.925967,29.301
16163,26.927633,29.301
16164,26.9293,29.296
16165,26.930967,29.292
16166,26.932633,29.289
16167,26.934317,29.289
16168,26.935967,29.292
16169,26.937633,29.297
16170,26.9393,29.297
16171,26.940967,29.305
16172,26.942633,29.305
16173,26.9443,29.303
16174,26.945967,29.303
16175,26.947633,29.305
16176,26.9493,29.304
16177,26.950967,29.304
16178,26.952633,29.304
16179,26.9543,29.301
16180,26.955967,29.294
16181,26.957633,29.294
16182,26.9593,29.294
16183,26.960967,29.293
16184,26.962633,29.295
16185,26.9643,29.295
16186,26.965967,29.301
16187,26.967667,29.305
16188,26.9693,29.307
16189,26.970967,29.307
16190,26.972633,29.314
16191,26.9743,29.307
16192,26.975967,29.303
16193,26.977617,29.303
16194,26.979283,29.303
16195,26.98095,29.296
16196,26.982617,29.297
16197,26.9843,29.297
16198,26.98595,29.298
16199,26.987617,29.297
16200,26.989283,29.296
16201,26.99095,29.296
16202,26.992617,29.299
16203,26.994283,29.296
16204,26.99595,29.296
16205,26.997617,29.294
16206,26.999283,29.297
16207,27.00105,29.294
16208,27.002617,29.294
16209,27.004283,29.293
16210,27.00595,29.295
16211,27.007617,29.3
16212,27.009317,29.3
16213,27.010983,29.31
16214,27.012617,29.316
16215,27.014283,29.32
16216,27.01595,29.32
16217,27.017617,29.32
16218,27.019283,29.32
16219,27.02095,29.32
16220,27.022617,29.327
16221,27.024283,29.327
16222,27.02595,29.327
16223,27.027617,29.327
16224,27.029283,29.325
16225,27.03095,29.318
16226,27.032617,29.324
16227,27.034283,29.324
16228,27.03595,29.327
16229,27.0376,29.33
16230,27.039267,29.329
16231,27.040933,29.329
16232,27.0426,29.327
16233,27.044267,29.32
16234,27.045933,29.319
16235,27.0476,29.319
16236,27.049267,29.32
16237,27.050933,29.313
16238,27.0526,29.313
16239,27.054267,29.318
16240,27.055933,29.312
16241,27.0576,29.308
16242,27.059267,29.308
16243,27.060933,29.313
16244,27.0626,29.306
16245,27.064267,29.311
16246,27.065933,29.311
16247,27.0676,29.315
16248,27.069283,29.314
16249,27.07095,29.316
16250,27.0726,29.316
16251,27.074267,29.31
16252,27.075933,29.313
16253,27.0776,29.313
16254,27.079267,29.313
16255,27.080933,29.313
16256,27.0826,29.315
16257,27.084267,29.315
16258,27.08595,29.311
16259,27.0876,29.311
16260,27.089267,29.31
16261,27.090933,29.31
16262,27.0926,29.309
16263,27.094267,29.302
16264,27.095933,29.301
16265,27.097583,29.301
16266,27.09925,29.306
16267,27.100917,29.306
16268,27.102583,29.306
16269,27.10425,29.307
16270,27.105917,29.31
16271,27.107583,29.307
16272,27.10925,29.307
16273,27.110917,29.311
16274,27.112567,29.317
16275,27.114233,29.317
16276,27.1159,29.317
16277,27.117567,29.32
16278,27.119333,29.316
16279,27.1209,29.319
16280,27.122567,29.319
16281,27.124233,29.323
16282,27.1259,29.325
16283,27.127567,29.335
16284,27.129233,29.335
16285,27.1309,29.335
16286,27.132567,29.336
16287,27.134233,29.336
16288,27.1359,29.334
16289,27.137567,29.324
16290,27.139233,29.321
16291,27.1409,29.321
16292,27.142567,29.317
16293,27.144233,29.317
16294,27.1459,29.323
16295,27.147567,29.323
16296,27.14925,29.323
16297,27.1509,29.322
16298,27.152567,29.322
16299,27.154233,29.322
16300,27.1559,29.324
16301,27.15755,29.324
16302,27.159217,29.324
16303,27.160883,29.323
16304,27.16255,29.324
16305,27.164217,29.32
16306,27.165883,29.32
16307,27.16755,29.321
16308,27.169217,29.323
16309,27.170883,29.318
16310,27.17255,29.318
16311,27.17425,29.314
16312,27.175883,29.311
16313,27.17755,29.309
16314,27.179217,29.309
16315,27.180883,29.317
16316,27.18255,29.318
16317,27.184217,29.321
16318,27.185883,29.321
16319,27.18755,29.316
16320,27.189217,29.314
16321,27.190883,29.314
16322,27.19255,29.319
16323,27.194217,29.321
16324,27.195883,29.327
16325,27.19755,29.327
16326,27.199217,29.323
16327,27.200883,29.323
16328,27.20255,29.319
16329,27.204283,29.319
16330,27.205883,29.313
16331,27.20755,29.316
16332,27.209217,29.309
16333,27.210883,29.309
16334,27.21255,29.299
16335,27.214217,29.299
16336,27.215867,29.299
16337,27.217533,29.289
16338,27.2192,29.288
16339,27.220867,29.294
16340,27.222567,29.294
16341,27.2242,29.297
16342,27.225867,29.299
16343,27.227533,29.303
16344,27.2292,29.303
16345,27.230867,29.307
16346,27.232533,29.31
16347,27.2342,29.317
16348,27.235867,29.317
16349,27.237633,29.315
16350,27.2392,29.314
16351,27.240867,29.315
16352,27.242533,29.315
16353,27.244217,29.312
16354,27.245867,29.316
16355,27.247533,29.316
16356,27.2492,29.318
16357,27.250867,29.321
16358,27.252533,29.321
16359,27.2542,29.321
16360,27.255867,29.316
16361,27.257533,29.315
16362,27.2592,29.305
16363,27.260867,29.305
16364,27.26255,29.3
16365,27.2642,29.303
16366,27.265867,29.299
16367,27.267533,29.299
16368,27.2692,29.304
16369,27.270867,29.31
16370,27.272533,29.31
16371,27.2742,29.308
16372,27.275867,29.314
16373,27.277517,29.312
16374,27.279183,29.312
16375,27.28085,29.31
16376,27.282517,29.314
16377,27.284183,29.308
16378,27.28585,29.308
16379,27.287517,29.302
16380,27.289183,29.311
16381,27.29085,29.308
16382,27.292517,29.308
16383,27.294233,29.304
16384,27.29585,29.308
16385,27.297517,29.308
16386,27.299183,29.301
16387,27.30085,29.3
16388,27.302517,29.306
16389,27.304183,29.306
16390,27.30585,29.307
16391,27.307517,29.309
16392,27.309183,29.319
16393,27.31085,29.319
16394,27.312517,29.322
16395,27.314183,29.33
16396,27.31585,29.332
16397,27.317517,29.332
16398,27.319183,29.328
16399,27.32085,29.324
16400,27.32255,29.314
16401,27.324183,29.314
16402,27.32585,29.304
16403,27.327517,29.301
16404,27.329183,29.301
16405,27.33085,29.304
16406,27.332517,29.314
16407,27.334183,29.321
16408,27.33585,29.321
16409,27.3375,29.323
16410,27.339167,29.324
16411,27.340833,29.323
16412,27.3425,29.323
16413,27.344167,29.325
16414,27.345833,29.323
16415,27.347517,29.315
16416,27.3492,29.315
16417,27.350833,29.312
16418,27.3525,29.312
16419,27.354167,29.312
16420,27.355933,29.306
16421,27.3575,29.307
16422,27.359167,29.307
16423,27.360833,29.307
16424,27.3625,29.307
16425,27.364167,29.314
16426,27.365833,29.311
16427,27.3675,29.311
16428,27.3692,29.303
16429,27.370833,29.291
16430,27.3725,29.281
16431,27.374167,29.281
16432,27.375833,29.281
16433,27.3775,29.282
16434,27.379167,29.294
16435,27.380833,29.294
16436,27.3825,29.301
16437,27.384167,29.306
16438,27.385833,29.306
16439,27.3875,29.306
16440,27.389167,29.305
16441,27.390833,29.312
16442,27.3925,29.312
16443,27.394167,29.31
16444,27.395817,29.309
16445,27.397483,29.31
16446,27.39915,29.31
16447,27.400817,29.312
16448,27.402467,29.313
16449,27.404133,29.318
16450,27.4058,29.318
16451,27.407467,29.309
16452,27.409133,29.303
16453,27.4108,29.303
16454,27.412467,29.302
16455,27.414133,29.303
16456,27.4158,29.303
16457,27.417467,29.303
16458,27.41915,29.298
16459,27.4208,29.303
16460,27.422467,29.301
16461,27.424133,29.301
16462,27.4258,29.308
16463,27.427467,29.314
16464,27.429167,29.306
16465,27.4308,29.306
16466,27.4325,29.304
16467,27.434133,29.299
16468,27.4358,29.297
16469,27.437467,29.297
16470,27.439133,29.296
16471,27.440817,29.29
16472,27.442467,29.29
16473,27.444133,29.289
16474,27.4458,29.283
16475,27.447467,29.283
16476,27.449133,29.283
16477,27.4508,29.29
16478,27.452467,29.295
16479,27.454133,29.298
16480,27.4558,29.298
16481,27.45755,29.293
16482,27.459117,29.288
16483,27.460783,29.277
16484,27.46245,29.277
16485,27.464117,29.275
16486,27.465783,29.28
16487,27.46745,29.28
16488,27.469117,29.28
16489,27.470783,29.292
16490,27.47245,29.293
16491,27.474217,29.293
16492,27.475783,29.3
16493,27.47745,29.304
16494,27.479117,29.3
16495,27.480783,29.3
16496,27.48245,29.292
16497,27.484117,29.283
16498,27.485783,29.275
16499,27.48745,29.275
16500,27.489117,29.272
16501,27.490883,29.284
16502,27.49245,29.284
16503,27.494117,29.289
16504,27.495783,29.294
16505,27.49745,29.297
16506,27.499117,29.297
16507,27.500783,29.295
16508,27.50245,29.3
16509,27.504117,29.3
16510,27.505783,29.3
16511,27.50745,29.303
16512,27.509117,29.308
16513,27.510817,29.303
16514,27.51245,29.303
16515,27.514117,29.303
16516,27.515783,29.297
16517,27.517433,29.29
16518,27.519133,29.29
16519,27.520817,29.293
16520,27.522433,29.292
16521,27.5241,29.292
16522,27.525767,29.296
16523,27.527433,29.294
16524,27.5291,29.286
16525,27.530767,29.286
16526,27.532433,29.285
16527,27.5341,29.276
16528,27.535767,29.271
16529,27.537433,29.271
16530,27.5391,29.266
16531,27.540767,29.266
16532,27.542433,29.271
16533,27.5441,29.271
16534,27.545767,29.271
16535,27.547433,29.272
16536,27.5491,29.272
16537,27.550767,29.265
16538,27.552433,29.26
16539,27.5541,29.263
16540,27.555767,29.263
16541,27.557433,29.268
16542,27.55915,29.274
16543,27.560767,29.279
16544,27.562433,29.279
16545,27.5641,29.281
16546,27.565767,29.283
16547,27.567433,29.285
16548,27.5691,29.285
16549,27.570767,29.28
16550,27.572433,29.278
16551,27.5741,29.275
16552,27.575833,29.275
16553,27.577417,29.276
16554,27.579083,29.284
16555,27.58075,29.284
16556,27.582467,29.28
16557,27.584083,29.283
16558,27.58575,29.283
16559,27.587417,29.283
16560,27.589083,29.278
16561,27.59075,29.284
16562,27.592417,29.278
16563,27.594083,29.278
16564,27.59575,29.273
16565,27.597417,29.275
16566,27.599083,29.277
16567,27.60075,29.277
16568,27.602417,29.283
16569,27.604083,29.288
16570,27.60575,29.288
16571,27.607417,29.29
16572,27.6092,29.292
16573,27.61075,29.292
16574,27.61245,29.292
16575,27.614083,29.29
16576,27.61575,29.292
16577,27.617417,29.291
16578,27.619083,29.291
16579,27.62075,29.292
16580,27.622417,29.294
16581,27.624083,29.292
16582,27.62575,29.292
16583,27.627417,29.286
16584,27.629083,29.281
16585,27.63075,29.282
16586,27.632417,29.282
16587,27.634083,29.286
16588,27.635733,29.289
16589,27.6374,29.289
16590,27.639067,29.294
16591,27.640733,29.291
16592,27.6424,29.286
16593,27.644067,29.286
16594,27.645733,29.286
16595,27.647417,29.293
16596,27.649067,29.296
16597,27.650733,29.296
16598,27.6524,29.295
16599,27.6541,29.3
16600,27.655733,29.3
16601,27.6574,29.3
16602,27.659067,29.297
16603,27.660733,29.296
16604,27.6624,29.296
16605,27.664067,29.286
16606,27.665733,29.278
16607,27.6674,29.281
16608,27.669067,29.281
16609,27.670733,29.289
16610,27.6724,29.3
16611,27.674067,29.308
16612,27.675733,29.308
16613,27.6774,29.306
16614,27.679067,29.301
16615,27.680733,29.294
16616,27.6824,29.294
16617,27.684067,29.289
16618,27.685733,29.292
16619,27.687417,29.298
16620,27.689067,29.298
16621,27.690733,29.298
16622,27.6924,29.299
16623,27.6941,29.299
16624,27.695717,29.296
16625,27.697367,29.293
16626,27.699033,29.298
16627,27.7007,29.298
16628,27.702367,29.3
16629,27.704033,29.302
16630,27.7057,29.301
16631,27.707367,29.301
16632,27.709033,29.301
16633,27.710767,29.297
16634,27.712367,29.299
16635,27.714033,29.299
16636,27.7157,29.295
16637,27.717367,29.294
16638,27.719033,29.294
16639,27.7207,29.294
16640,27.722367,29.294
16641,27.724033,29.298
16642,27.7257,29.298
16643,27.727467,29.293
16644,27.729033,29.292
16645,27.73075,29.294
16646,27.732367,29.294
16647,27.734033,29.29
16648,27.7357,29.295
16649,27.737367,29.304
16650,27.739033,29.304
16651,27.7407,29.308
16652,27.742367,29.311
16653,27.744033,29.311
16654,27.7457,29.313
16655,27.747367,29.314
16656,27.749033,29.314
16657,27.7507,29.314
16658,27.752367,29.31
16659,27.754033,29.305
16660,27.7557,29.294
16661,27.75735,29.294
16662,27.759017,29.29
16663,27.760683,29.294
16664,27.76235,29.296
16665,27.764017,29.296
16666,27.765683,29.293
16667,27.76735,29.297
16668,27.769017,29.301
16669,27.770683,29.301
16670,27.77235,29.309
16671,27.774017,29.314
16672,27.775683,29.314
16673,27.777367,29.311
16674,27.779017,29.307
16675,27.780683,29.301
16676,27.78235,29.301
16677,27.784017,29.301
16678,27.785683,29.304
16679,27.78735,29.308
16680,27.789017,29.308
16681,27.790683,29.315
16682,27.79235,29.318
16683,27.794017,29.315
16684,27.795683,29.315
16685,27.79735,29.315
16686,27.79905,29.313
16687,27.800683,29.313
16688,27.80235,29.317
16689,27.804017,29.321
16690,27.805683,29.323
16691,27.80735,29.323
16692,27.809017,29.323
16693,27.810683,29.319
16694,27.81235,29.316
16695,27.814017,29.316
16696,27.815683,29.314
16697,27.817333,29.314
16698,27.819,29.311
16699,27.820667,29.311
16700,27.82235,29.31
16701,27.824,29.308
16702,27.825667,29.306
16703,27.827333,29.306
16704,27.829017,29.311
16705,27.830667,29.313
16706,27.832333,29.313
16707,27.834,29.315
16708,27.835667,29.316
16709,27.837333,29.308
16710,27.839,29.308
16711,27.840667,29.3
16712,27.842333,29.289
16713,27.844,29.279
16714,27.845767,29.279
16715,27.847333,29.275
16716,27.849,29.281
16717,27.850667,29.29
16718,27.852333,29.29
16719,27.854,29.296
16720,27.855667,29.305
16721,27.857333,29.305
16722,27.859,29.304
16723,27.860667,29.298
16724,27.862333,29.301
16725,27.864,29.301
16726,27.865683,29.296
16727,27.867333,29.297
16728,27.869,29.298
16729,27.870667,29.298
16730,27.872333,29.289
16731,27.874,29.292
16732,27.875667,29.289
16733,27.877317,29.289
16734,27.879017,29.293
16735,27.88065,29.299
16736,27.882317,29.299
16737,27.883983,29.3
16738,27.88565,29.3
16739,27.887317,29.293
16740,27.888983,29.293
16741,27.89065,29.288
16742,27.892317,29.29
16743,27.893983,29.29
16744,27.89565,29.29
16745,27.897317,29.289
16746,27.898983,29.293
16747,27.90065,29.294
16748,27.902317,29.294
16749,27.903983,29.293
16750,27.90565,29.295
16751,27.907317,29.292
16752,27.908983,29.292
16753,27.91065,29.288
16754,27.912317,29.294
16755,27.913983,29.294
16756,27.91565,29.292
16757,27.917317,29.292
16758,27.918983,29.289
16759,27.92065,29.289
16760,27.922317,29.28
16761,27.923983,29.286
16762,27.92565,29.293
16763,27.927317,29.293
16764,27.928983,29.298
16765,27.93065,29.304
16766,27.932317,29.301
16767,27.933983,29.301
16768,27.93565,29.301
16769,27.9373,29.305
16770,27.938967,29.305
16771,27.940633,29.305
16772,27.9423,29.309
16773,27.943967,29.304
16774,27.945633,29.304
16775,27.947333,29.3
16776,27.948967,29.299
16777,27.950633,29.292
16778,27.9523,29.292
16779,27.953967,29.294
16780,27.955633,29.292
16781,27.9573,29.288
16782,27.958967,29.288
16783,27.960633,29.289
16784,27.9623,29.289
16785,27.964083,29.288
16786,27.965633,29.288
16787,27.9673,29.297
16788,27.968967,29.306
16789,27.970633,29.306
16790,27.9723,29.306
16791,27.973967,29.308
16792,27.975633,29.299
16793,27.9773,29.299
16794,27.978967,29.291
16795,27.980633,29.284
16796,27.9823,29.286
16797,27.983967,29.286
16798,27.985617,29.287
16799,27.987283,29.28
16800,27.98895,29.28
16801,27.990617,29.28
16802,27.992283,29.271
16803,27.99395,29.271
16804,27.995617,29.271
16805,27.997283,29.277
16806,27.998933,29.285
16807,28.0006,29.289
16808,28.002267,29.289
16809,28.003933,29.289
16810,28.0056,29.283
16811,28.007267,29.277
16812,28.008933,29.277
16813,28.0106,29.283
16814,28.012267,29.291
16815,28.013933,29.3
16816,28.0156,29.3
16817,28.017267,29.31
16818,28.019,29.314
16819,28.020633,29.313
16820,28.022267,29.313
16821,28.023933,29.314
16822,28.0256,29.313
16823,28.027267,29.313
16824,28.028933,29.31
16825,28.0306,29.303
16826,28.032267,29.304
16827,28.033933,29.304
16828,28.0356,29.294
16829,28.037267,29.292
16830,28.038933,29.301
16831,28.0406,29.301
16832,28.042267,29.3
16833,28.043933,29.304
16834,28.0456,29.299
16835,28.047267,29.299
16836,28.048933,29.292
16837,28.0506,29.291
16838,28.052267,29.291
16839,28.053933,29.294
16840,28.0556,29.294
16841,28.05725,29.296
16842,28.058917,29.296
16843,28.060583,29.291
16844,28.06225,29.291
16845,28.063917,29.293
16846,28.065583,29.293
16847,28.06725,29.294
16848,28.068917,29.301
16849,28.070583,29.298
16850,28.07225,29.298
16851,28.073917,29.298
16852,28.075583,29.296
16853,28.07725,29.296
16854,28.078917,29.289
16855,28.080583,29.287
16856,28.082367,29.284
16857,28.083917,29.284
16858,28.085583,29.283
16859,28.08725,29.289
16860,28.088917,29.29
16861,28.090583,29.29
16862,28.09225,29.293
16863,28.093917,29.299
16864,28.095583,29.302
16865,28.09725,29.302
16866,28.098967,29.305
16867,28.100617,29.309
16868,28.10225,29.302
16869,28.103917,29.302
16870,28.105583,29.3
16871,28.10725,29.306
16872,28.108917,29.306
16873,28.110583,29.309
16874,28.11225,29.313
16875,28.113917,29.305
16876,28.115583,29.305
16877,28.11725,29.302
16878,28.1189,29.297
16879,28.120567,29.295
16880,28.122233,29.295
16881,28.1239,29.301
16882,28.125567,29.307
16883,28.127233,29.312
16884,28.1289,29.312
16885,28.130567,29.315
16886,28.132233,29.316
16887,28.1339,29.316
16888,28.135567,29.3
16889,28.137233,29.293
16890,28.1389,29.283
16891,28.140567,29.283
16892,28.142233,29.284
16893,28.1439,29.288
16894,28.145567,29.287
16895,28.147233,29.287
16896,28.1489,29.292
16897,28.150567,29.293
16898,28.152233,29.295
16899,28.1539,29.295
16900,28.155567,29.296
16901,28.157233,29.296
16902,28.1589,29.293
16903,28.160567,29.293
16904,28.162233,29.29
16905,28.163917,29.297
16906,28.165567,29.297
16907,28.1673,29.296
16908,28.1689,29.293
16909,28.170567,29.297
16910,28.172267,29.297
16911,28.1739,29.298
16912,28.17555,29.311
16913,28.177217,29.318
16914,28.178883,29.318
16915,28.18055,29.319
16916,28.182217,29.314
16917,28.1839,29.305
16918,28.18555,29.305
16919,28.187217,29.299
16920,28.188883,29.298
16921,28.19055,29.298
16922,28.192217,29.301
16923,28.193883,29.305
16924,28.19555,29.302
16925,28.197217,29.302
16926,28.198883,29.303
16927,28.200583,29.293
16928,28.202217,29.29
16929,28.203883,29.29
16930,28.20555,29.298
16931,28.207217,29.291
16932,28.208883,29.301
16933,28.21055,29.301
16934,28.212217,29.306
16935,28.213883,29.297
16936,28.21555,29.301
16937,28.217217,29.301
16938,28.218883,29.3
16939,28.22055,29.301
16940,28.222217,29.301
16941,28.223883,29.308
16942,28.22555,29.308
16943,28.227217,29.301
16944,28.228883,29.301
16945,28.23055,29.298
16946,28.232217,29.298
16947,28.233883,29.298
16948,28.23555,29.298
16949,28.2372,29.299
16950,28.238867,29.297
16951,28.24055,29.294
16952,28.24225,29.294
16953,28.243867,29.293
16954,28.245533,29.292
16955,28.2472,29.292
16956,28.248867,29.291
16957,28.250533,29.291
16958,28.2522,29.293
16959,28.253867,29.293
16960,28.255533,29.287
16961,28.2572,29.28
16962,28.258883,29.28
16963,28.260533,29.28
16964,28.2622,29.281
16965,28.263867,29.287
16966,28.265533,29.289
16967,28.2672,29.289
16968,28.268867,29.288
16969,28.270533,29.286
16970,28.2722,29.29
16971,28.273867,29.29
16972,28.275533,29.297
16973,28.277183,29.297
16974,28.27885,29.297
16975,28.280517,29.297
16976,28.282183,29.292
16977,28.28385,29.287
16978,28.285567,29.287
16979,28.287183,29.291
16980,28.28885,29.288
16981,28.290517,29.294
16982,28.292183,29.294
16983,28.29385,29.296
16984,28.295517,29.294
16985,28.297167,29.299
16986,28.298833,29.299
16987,28.3005,29.298
16988,28.302267,29.295
16989,28.303833,29.295
16990,28.305517,29.294
16991,28.307233,29.289
16992,28.308833,29.286
16993,28.3105,29.286
16994,28.312167,29.291
16995,28.313833,29.29
16996,28.3155,29.296
16997,28.317167,29.296
16998,28.31895,29.298
16999,28.3205,29.293
17000,28.322167,29.297
17001,28.323833,29.297
17002,28.3255,29.293
17003,28.327167,29.29
17004,28.328833,29.29
17005,28.3305,29.291
17006,28.332167,29.296
17007,28.333833,29.304
17008,28.3355,29.304
17009,28.337167,29.309
17010,28.338833,29.312
17011,28.3405,29.313
17012,28.342167,29.313
17013,28.343833,29.312
17014,28.345517,29.316
17015,28.347167,29.313
17016,28.348833,29.313
17017,28.3505,29.3
17018,28.352167,29.293
17019,28.353833,29.284
17020,28.3555,29.284
17021,28.35715,29.281
17022,28.358817,29.286
17023,28.360483,29.286
17024,28.36215,29.283
17025,28.363817,29.282
17026,28.365483,29.284
17027,28.36715,29.284
17028,28.368817,29.283
17029,28.370483,29.283
17030,28.37215,29.278
17031,28.373817,29.278
17032,28.375483,29.274
17033,28.37715,29.272
17034,28.37885,29.274
17035,28.380483,29.274
17036,28.38215,29.28
17037,28.383817,29.28
17038,28.385483,29.28
17039,28.38715,29.282
17040,28.388817,29.278
17041,28.390483,29.272
17042,28.39215,29.272
17043,28.393817,29.269
17044,28.395483,29.266
17045,28.39715,29.266
17046,28.398817,29.266
17047,28.400483,29.274
17048,28.40215,29.275
17049,28.403833,29.286
17050,28.405483,29.286
17051,28.40715,29.288
17052,28.408817,29.283
17053,28.410483,29.281
17054,28.41215,29.281
17055,28.413817,29.267
17056,28.415483,29.259
17057,28.417133,29.259
17058,28.4188,29.262
17059,28.420533,29.272
17060,28.422133,29.286
17061,28.4238,29.286
17062,28.425467,29.301
17063,28.427133,29.31
17064,28.4288,29.31
17065,28.430483,29.31
17066,28.432133,29.305
17067,28.4338,29.304
17068,28.435467,29.294
17069,28.4372,29.294
17070,28.4388,29.292
17071,28.440467,29.291
17072,28.442133,29.291
17073,28.4438,29.288
17074,28.445467,29.292
17075,28.447133,29.295
17076,28.4488,29.295
17077,28.450467,29.297
17078,28.452133,29.294
17079,28.453917,29.29
17080,28.455467,29.29
17081,28.457133,29.285
17082,28.458817,29.279
17083,28.460467,29.284
17084,28.462133,29.284
17085,28.4638,29.286
17086,28.465467,29.289
17087,28.467133,29.294
17088,28.4688,29.294
17089,28.470467,29.291
17090,28.472133,29.294
17091,28.4738,29.294
17092,28.47545,29.291
17093,28.477117,29.286
17094,28.478783,29.28
17095,28.48045,29.28
17096,28.482117,29.271
17097,28.483783,29.267
17098,28.48545,29.27
17099,28.487117,29.27
17100,28.488783,29.272
17101,28.49045,29.276
17102,28.492117,29.282
17103,28.493783,29.282
17104,28.49545,29.283
17105,28.497117,29.286
17106,28.498783,29.286
17107,28.50045,29.279
17108,28.502117,29.271
17109,28.503783,29.268
17110,28.50545,29.268
17111,28.507117,29.264
17112,28.508783,29.273
17113,28.510483,29.28
17114,28.512117,29.28
17115,28.513783,29.282
17116,28.51545,29.285
17117,28.517117,29.285
17118,28.518783,29.285
17119,28.52045,29.286
17120,28.522117,29.281
17121,28.523817,29.271
17122,28.52545,29.271
17123,28.527117,29.265
17124,28.528783,29.268
17125,28.53045,29.268
17126,28.532117,29.269
17127,28.533783,29.279
17128,28.53545,29.283
17129,28.5371,29.283
17130,28.538817,29.273
17131,28.540433,29.273
17132,28.5421,29.269
17133,28.543767,29.269
17134,28.545433,29.267
17135,28.5471,29.271
17136,28.548767,29.271
17137,28.550433,29.271
17138,28.5521,29.274
17139,28.553767,29.277
17140,28.555467,29.277
17141,28.5571,29.28
17142,28.558767,29.278
17143,28.560433,29.28
17144,28.5621,29.28
17145,28.563767,29.273
17146,28.565433,29.27
17147,28.5671,29.278
17148,28.56875,29.278
17149,28.570417,29.271
17150,28.5722,29.277
17151,28.57375,29.278
17152,28.575417,29.278
17153,28.577083,29.271
17154,28.57875,29.266
17155,28.580417,29.266
17156,28.582083,29.256
17157,28.58375,29.255
17158,28.585417,29.258
17159,28.587083,29.258
17160,28.58875,29.265
17161,28.590417,29.278
17162,28.592083,29.274
17163,28.59375,29.274
17164,28.595417,29.271
17165,28.597067,29.272
17166,28.598767,29.269
17167,28.6004,29.269
17168,28.602083,29.276
17169,28.603783,29.274
17170,28.6054,29.273
17171,28.607067,29.273
17172,28.608733,29.273
17173,28.6104,29.268
17174,28.612067,29.268
17175,28.613733,29.271
17176,28.6154,29.279
17177,28.617067,29.281
17178,28.618733,29.281
17179,28.6204,29.285
17180,28.622067,29.288
17181,28.623733,29.282
17182,28.6254,29.282
17183,28.627067,29.288
17184,28.62875,29.286
17185,28.6304,29.283
17186,28.632067,29.283
17187,28.633733,29.287
17188,28.6354,29.276
17189,28.637067,29.276
17190,28.638733,29.273
17191,28.6404,29.273
17192,28.642067,29.267
17193,28.643733,29.267
17194,28.6454,29.276
17195,28.647067,29.277
17196,28.648733,29.277
17197,28.6504,29.277
17198,28.652067,29.275
17199,28.653733,29.268
17200,28.6554,29.272
17201,28.657117,29.272
17202,28.658717,29.264
17203,28.660383,29.258
17204,28.66205,29.258
17205,28.663717,29.263
17206,28.665383,29.26
17207,28.66705,29.271
17208,28.668717,29.271
17209,28.670383,29.279
17210,28.6721,29.275
17211,28.67375,29.272
17212,28.675383,29.272
17213,28.67705,29.273
17214,28.678717,29.278
17215,28.680383,29.286
17216,28.68205,29.286
17217,28.683717,29.302
17218,28.685383,29.304
17219,28.68705,29.302
17220,28.688717,29.302
17221,28.6905,29.297
17222,28.69205,29.292
17223,28.693717,29.292
17224,28.695383,29.29
17225,28.69705,29.295
17226,28.698717,29.297
17227,28.700383,29.297
17228,28.70205,29.301
17229,28.703717,29.304
17230,28.705383,29.301
17231,28.70705,29.301
17232,28.708717,29.301
17233,28.710383,29.296
17234,28.71205,29.293
17235,28.713717,29.293
17236,28.715367,29.293
17237,28.717033,29.292
17238,28.7187,29.292
17239,28.720367,29.298
17240,28.722033,29.3
17241,28.7237,29.299
17242,28.725367,29.299
17243,28.727033,29.298
17244,28.7287,29.289
17245,28.730367,29.287
17246,28.732033,29.287
17247,28.7337,29.281
17248,28.735367,29.283
17249,28.737033,29.279
17250,28.7387,29.279
17251,28.740367,29.277
17252,28.742067,29.282
17253,28.7437,29.28
17254,28.745367,29.28
17255,28.747033,29.283
17256,28.7487,29.284
17257,28.750367,29.284
17258,28.752033,29.283
17259,28.7537,29.279
17260,28.755383,29.287
17261,28.757033,29.287
17262,28.7587,29.289
17263,28.760367,29.284
17264,28.762033,29.276
17265,28.7637,29.276
17266,28.765367,29.269
17267,28.767033,29.269
17268,28.7687,29.276
17269,28.770367,29.276
17270,28.772033,29.294
17271,28.7737,29.294
17272,28.775417,29.29
17273,28.777017,29.29
17274,28.778683,29.291
17275,28.78035,29.286
17276,28.782017,29.286
17277,28.783683,29.289
17278,28.78535,29.29
17279,28.787017,29.285
17280,28.788683,29.285
17281,28.79035,29.282
17282,28.792017,29.279
17283,28.793683,29.28
17284,28.79535,29.28
17285,28.797017,29.284
17286,28.798683,29.288
17287,28.80035,29.295
17288,28.802017,29.295
17289,28.803683,29.298
17290,28.80535,29.295
17291,28.807017,29.295
17292,28.808783,29.296
17293,28.81035,29.294
17294,28.812017,29.294
17295,28.813683,29.294
17296,28.81535,29.3
17297,28.817017,29.294
17298,28.818683,29.293
17299,28.820383,29.293
17300,28.822017,29.288
17301,28.823683,29.285
17302,28.82535,29.29
17303,28.827017,29.29
17304,28.828683,29.295
17305,28.83035,29.294
17306,28.832017,29.294
17307,28.833683,29.288
17308,28.835333,29.286
17309,28.837,29.275
17310,28.838667,29.275
17311,28.840333,29.277
17312,28.842,29.284
17313,28.843667,29.283
17314,28.845333,29.283
17315,28.847017,29.289
17316,28.8487,29.286
17317,28.850333,29.279
17318,28.852,29.279
17319,28.853667,29.282
17320,28.855333,29.282
17321,28.857017,29.295
17322,28.858667,29.295
17323,28.860317,29.3
17324,28.861983,29.302
17325,28.86365,29.302
17326,28.865317,29.303
17327,28.866983,29.303
17328,28.86865,29.3
17329,28.870317,29.3
17330,28.871983,29.297
17331,28.87365,29.292
17332,28.875317,29.278
17333,28.876983,29.278
17334,28.87865,29.287
17335,28.880317,29.286
17336,28.881983,29.287
17337,28.88365,29.287
17338,28.885317,29.293
17339,28.886983,29.284
17340,28.88865,29.284
17341,28.89035,29.282
17342,28.891983,29.283
17343,28.893683,29.282
17344,28.895317,29.282
17345,28.896967,29.282
17346,28.898633,29.284
17347,28.9003,29.29
17348,28.901967,29.29
17349,28.903633,29.286
17350,28.9053,29.284
17351,28.906967,29.28
17352,28.908633,29.28
17353,28.9103,29.278
17354,28.911967,29.278
17355,28.913633,29.278
17356,28.9153,29.277
17357,28.916967,29.27
17358,28.918633,29.271
17359,28.9203,29.271
17360,28.921967,29.273
17361,28.923633,29.279
17362,28.9253,29.288
17363,28.927067,29.288
17364,28.928633,29.284
17365,28.9303,29.288
17366,28.931967,29.285
17367,28.933633,29.285
17368,28.935317,29.285
17369,28.936967,29.294
17370,28.938633,29.295
17371,28.9403,29.295
17372,28.941967,29.301
17373,28.943633,29.297
17374,28.9453,29.297
17375,28.946967,29.288
17376,28.948633,29.28
17377,28.9503,29.275
17378,28.951967,29.275
17379,28.953633,29.274
17380,28.955283,29.27
17381,28.95695,29.271
17382,28.958617,29.271
17383,28.960283,29.272
17384,28.96195,29.275
17385,28.963617,29.282
17386,28.965317,29.282
17387,28.96695,29.283
17388,28.968617,29.278
17389,28.970283,29.278
17390,28.97195,29.282
17391,28.973617,29.285
17392,28.975283,29.288
17393,28.97695,29.288
17394,28.978617,29.294
17395,28.980283,29.291
17396,28.98195,29.282
17397,28.983617,29.282
17398,28.985283,29.281
17399,28.98695,29.288
17400,28.988617,29.293
17401,28.990283,29.293
17402,28.99195,29.3
17403,28.993617,29.302
17404,28.995283,29.289
17405,28.99695,29.289
17406,28.998617,29.286
17407,29.000283,29.281
17408,29.00195,29.281
17409,29.003617,29.276
17410,29.005283,29.28
17411,29.00695,29.269
17412,29.008617,29.269
17413,29.0103,29.269
17414,29.012017,29.265
17415,29.013617,29.262
17416,29.015267,29.262
17417,29.016933,29.277
17418,29.0186,29.282
17419,29.020267,29.294
17420,29.021933,29.294
17421,29.0236,29.307
17422,29.025267,29.304
17423,29.026933,29.304
17424,29.0286,29.306
17425,29.030267,29.307
17426,29.03195,29.311
17427,29.0336,29.311
17428,29.035267,29.314
17429,29.036983,29.322
17430,29.0386,29.323
17431,29.040267,29.323
17432,29.041933,29.314
17433,29.0436,29.311
17434,29.045383,29.309
17435,29.046933,29.309
17436,29.0486,29.309
17437,29.050267,29.318
17438,29.051933,29.332
17439,29.0536,29.332
17440,29.055267,29.332
17441,29.056933,29.333
17442,29.0586,29.333
17443,29.060267,29.329
17444,29.061933,29.317
17445,29.0636,29.313
17446,29.065267,29.313
17447,29.066933,29.311
17448,29.0686,29.308
17449,29.070267,29.315
17450,29.071933,29.315
17451,29.0736,29.317
17452,29.07525,29.313
17453,29.076917,29.309
17454,29.078583,29.309
17455,29.08025,29.305
17456,29.081917,29.309
17457,29.083583,29.309
17458,29.08525,29.311
17459,29.086917,29.318
17460,29.088583,29.32
17461,29.09025,29.32
17462,29.091917,29.327
17463,29.093583,29.329
17464,29.09525,29.329
17465,29.096917,29.329
17466,29.0986,29.329
17467,29.10025,29.315
17468,29.101917,29.316
17469,29.103583,29.316
17470,29.10525,29.313
17471,29.106917,29.315
17472,29.108617,29.317
17473,29.11025,29.317
17474,29.111917,29.319
17475,29.113583,29.321
17476,29.11525,29.321
17477,29.116917,29.316
17478,29.118583,29.315
17479,29.12025,29.31
17480,29.121917,29.31
17481,29.123583,29.307
17482,29.12525,29.302
17483,29.126917,29.307
17484,29.128583,29.307
17485,29.1303,29.302
17486,29.1319,29.302
17487,29.133583,29.307
17488,29.13525,29.307
17489,29.1369,29.306
17490,29.138567,29.31
17491,29.140233,29.31
17492,29.1419,29.307
17493,29.143567,29.303
17494,29.145233,29.297
17495,29.146983,29.297
17496,29.148567,29.302
17497,29.150217,29.304
17498,29.151883,29.309
17499,29.15355,29.309
17500,29.155217,29.309
17501,29.156883,29.306
17502,29.15855,29.305
17503,29.160217,29.305
17504,29.161883,29.305
17505,29.163667,29.304
17506,29.165217,29.304
17507,29.166883,29.298
17508,29.16855,29.305
17509,29.170217,29.3
17510,29.171883,29.3
17511,29.17355,29.304
17512,29.175217,29.308
17513,29.176883,29.31
17514,29.17855,29.31
17515,29.180217,29.318
17516,29.181883,29.32
17517,29.183567,29.318
17518,29.185217,29.318
17519,29.186917,29.316
17520,29.18855,29.312
17521,29.190217,29.314
17522,29.191883,29.314
17523,29.19355,29.319
17524,29.195217,29.314
17525,29.196867,29.314
17526,29.198533,29.308
17527,29.2002,29.297
17528,29.201867,29.291
17529,29.203533,29.291
17530,29.2052,29.286
17531,29.206883,29.289
17532,29.208533,29.294
17533,29.2102,29.294
17534,29.211867,29.292
17535,29.213533,29.296
17536,29.2152,29.292
17537,29.216867,29.292
17538,29.218533,29.291
17539,29.2202,29.301
17540,29.221867,29.301
17541,29.223533,29.308
17542,29.2252,29.313
17543,29.226867,29.313
17544,29.228533,29.313
17545,29.2302,29.311
17546,29.231867,29.308
17547,29.233533,29.304
17548,29.2352,29.304
17549,29.236867,29.303
17550,29.238533,29.3
17551,29.2402,29.303
17552,29.241867,29.303
17553,29.243533,29.306
17554,29.2452,29.304
17555,29.246867,29.297
17556,29.248583,29.297
17557,29.2502,29.296
17558,29.251867,29.293
17559,29.253567,29.293
17560,29.255183,29.296
17561,29.25685,29.294
17562,29.258517,29.29
17563,29.260233,29.29
17564,29.26185,29.287
17565,29.263517,29.296
17566,29.26525,29.297
17567,29.26685,29.297
17568,29.268517,29.292
17569,29.270183,29.293
17570,29.27185,29.284
17571,29.273517,29.284
17572,29.275183,29.285
17573,29.27685,29.288
17574,29.278517,29.288
17575,29.280183,29.283
17576,29.281867,29.281
17577,29.283517,29.279
17578,29.285183,29.279
17579,29.28685,29.272
17580,29.288517,29.276
17581,29.290183,29.276
17582,29.29185,29.276
17583,29.293517,29.276
17584,29.295183,29.278
17585,29.29685,29.278
17586,29.298617,29.278
17587,29.300183,29.279
17588,29.30185,29.277
17589,29.303517,29.277
17590,29.305183,29.275
17591,29.30685,29.271
17592,29.308517,29.271
17593,29.310183,29.271
17594,29.31185,29.278
17595,29.313517,29.284
17596,29.315183,29.289
17597,29.316833,29.289
17598,29.3185,29.291
17599,29.320167,29.294
17600,29.321833,29.295
17601,29.3235,29.295
17602,29.325167,29.292
17603,29.326833,29.292
17604,29.3285,29.292
17605,29.330167,29.292
17606,29.331833,29.298
17607,29.3335,29.298
17608,29.33525,29.298
17609,29.336833,29.298
17610,29.3385,29.291
17611,29.340167,29.286
17612,29.341833,29.286
17613,29.3435,29.286
17614,29.345167,29.284
17615,29.346833,29.29
17616,29.3485,29.29
17617,29.350167,29.289
17618,29.351833,29.297
17619,29.3535,29.3
17620,29.355167,29.3
17621,29.356833,29.3
17622,29.3585,29.291
17623,29.360167,29.291
17624,29.361833,29.289
17625,29.3635,29.286
17626,29.365167,29.285
17627,29.366833,29.285
17628,29.3685,29.292
17629,29.370167,29.297
17630,29.371833,29.307
17631,29.3735,29.307
17632,29.375167,29.309
17633,29.376817,29.315
17634,29.378483,29.311
17635,29.38015,29.311
17636,29.381817,29.301
17637,29.383483,29.299
17638,29.38515,29.297
17639,29.386817,29.297
17640,29.388483,29.3
17641,29.39015,29.304
17642,29.391817,29.304
17643,29.393483,29.303
17644,29.39515,29.298
17645,29.396817,29.291
17646,29.398483,29.291
17647,29.400267,29.292
17648,29.401817,29.295
17649,29.403483,29.305
17650,29.40515,29.305
17651,29.406817,29.315
17652,29.408483,29.314
17653,29.41015,29.312
17654,29.411867,29.312
17655,29.4135,29.298
17656,29.41515,29.289
17657,29.416917,29.285
17658,29.418483,29.285
17659,29.42015,29.282
17660,29.421817,29.286
17661,29.423483,29.286
17662,29.42515,29.289
17663,29.426817,29.293
17664,29.428483,29.296
17665,29.43015,29.296
17666,29.431817,29.301
17667,29.433483,29.304
17668,29.43515,29.302
17669,29.4368,29.302
17670,29.438467,29.3
17671,29.440133,29.299
17672,29.441783,29.299
17673,29.44345,29.301
17674,29.445117,29.303
17675,29.446783,29.303
17676,29.44845,29.303
17677,29.450117,29.304
17678,29.451783,29.292
17679,29.45345,29.291
17680,29.455117,29.291
17681,29.456783,29.29
17682,29.45845,29.289
17683,29.460117,29.296
17684,29.461783,29.296
17685,29.46345,29.295
17686,29.465117,29.294
17687,29.466783,29.293
17688,29.46845,29.293
17689,29.470117,29.302
17690,29.471783,29.306
17691,29.47345,29.306
17692,29.475117,29.305
17693,29.476783,29.305
17694,29.47845,29.295
17695,29.48015,29.295
17696,29.48185,29.293
17697,29.48345,29.298
17698,29.485117,29.296
17699,29.486783,29.296
17700,29.48845,29.296
17701,29.490117,29.296
17702,29.491783,29.292
17703,29.49345,29.292
17704,29.495117,29.292
17705,29.496767,29.294
17706,29.498433,29.294
17707,29.5001,29.288
17708,29.501817,29.281
17709,29.503433,29.277
17710,29.5051,29.277
17711,29.506767,29.275
17712,29.508433,29.277
17713,29.5101,29.282
17714,29.511767,29.282
17715,29.513433,29.29
17716,29.5151,29.292
17717,29.516767,29.294
17718,29.51845,29.294
17719,29.5201,29.295
17720,29.521767,29.294
17721,29.523433,29.293
17722,29.5251,29.293
17723,29.526767,29.292
17724,29.528433,29.29
17725,29.5301,29.29
17726,29.531767,29.287
17727,29.533433,29.288
17728,29.535217,29.286
17729,29.536767,29.286
17730,29.538433,29.293
17731,29.5401,29.294
17732,29.541767,29.298
17733,29.543433,29.298
17734,29.5451,29.307
17735,29.546767,29.308
17736,29.548433,29.308
17737,29.5501,29.308
17738,29.551767,29.311
17739,29.553433,29.308
17740,29.555083,29.308
17741,29.55675,29.305
17742,29.55845,29.309
17743,29.560133,29.31
17744,29.561817,29.31
17745,29.563417,29.315
17746,29.565083,29.32
17747,29.56675,29.316
17748,29.568417,29.316
17749,29.570083,29.315
17750,29.57175,29.309
17751,29.573417,29.299
17752,29.575083,29.299
17753,29.57675,29.287
17754,29.578417,29.275
17755,29.580083,29.269
17756,29.58175,29.269
17757,29.583417,29.263
17758,29.585083,29.271
17759,29.58675,29.271
17760,29.588417,29.276
17761,29.590083,29.279
17762,29.59175,29.281
17763,29.593417,29.281
17764,29.595083,29.279
17765,29.59675,29.271
17766,29.598417,29.267
17767,29.600083,29.267
17768,29.60175,29.273
17769,29.603417,29.275
17770,29.605083,29.286
17771,29.60675,29.286
17772,29.608417,29.292
17773,29.610083,29.284
17774,29.61175,29.284
17775,29.613417,29.28
17776,29.615083,29.272
17777,29.616733,29.266
17778,29.6184,29.266
17779,29.620133,29.267
17780,29.621733,29.271
17781,29.6234,29.267
17782,29.625067,29.267
17783,29.626733,29.27
17784,29.6284,29.278
17785,29.63015,29.273
17786,29.631733,29.273
17787,29.6334,29.279
17788,29.635067,29.28
17789,29.636733,29.277
17790,29.6384,29.277
17791,29.640067,29.28
17792,29.641733,29.274
17793,29.6434,29.274
17794,29.645067,29.27
17795,29.646733,29.265
17796,29.6484,29.262
17797,29.650067,29.262
17798,29.651733,29.269
17799,29.653517,29.277
17800,29.655067,29.279
17801,29.656733,29.279
17802,29.6584,29.293
17803,29.660067,29.299
17804,29.661733,29.298
17805,29.663417,29.298
17806,29.665067,29.3
17807,29.666733,29.286
17808,29.6684,29.286
17809,29.670067,29.277
17810,29.671733,29.27
17811,29.6734,29.27
17812,29.675067,29.27
17813,29.676717,29.276
17814,29.678383,29.278
17815,29.68005,29.285
17816,29.681717,29.285
17817,29.683383,29.286
17818,29.68505,29.286
17819,29.686717,29.293
17820,29.688383,29.293
17821,29.69005,29.291
17822,29.691717,29.293
17823,29.693383,29.293
17824,29.69505,29.293
17825,29.696717,29.283
17826,29.698383,29.283
17827,29.70005,29.283
17828,29.70175,29.28
17829,29.703417,29.279
17830,29.70505,29.275
17831,29.706717,29.275
17832,29.708383,29.275
17833,29.71005,29.272
17834,29.711717,29.266
17835,29.713383,29.266
17836,29.71505,29.269
17837,29.716717,29.27
17838,29.718383,29.277
17839,29.72005,29.277
17840,29.721717,29.29
17841,29.723383,29.296
17842,29.72505,29.296
17843,29.726717,29.292
17844,29.728383,29.29
17845,29.73005,29.286
17846,29.731717,29.286
17847,29.733367,29.28
17848,29.735017,29.283
17849,29.736683,29.282
17850,29.738433,29.282
17851,29.740017,29.278
17852,29.741683,29.282
17853,29.74335,29.277
17854,29.745017,29.277
17855,29.746683,29.272
17856,29.74835,29.273
17857,29.750017,29.273
17858,29.751683,29.272
17859,29.75335,29.28
17860,29.755017,29.283
17861,29.756683,29.283
17862,29.75835,29.28
17863,29.760017,29.281
17864,29.761683,29.282
17865,29.76335,29.282
17866,29.765017,29.282
17867,29.766683,29.284
17868,29.76835,29.277
17869,29.770017,29.277
17870,29.771683,29.271
17871,29.773383,29.265
17872,29.775017,29.266
17873,29.776683,29.266
17874,29.77835,29.272
17875,29.780017,29.269
17876,29.781717,29.269
17877,29.78335,29.275
17878,29.785017,29.277
17879,29.786683,29.278
17880,29.78835,29.278
17881,29.790017,29.29
17882,29.791683,29.297
17883,29.79335,29.29
17884,29.795017,29.29
17885,29.796667,29.284
17886,29.798333,29.281
17887,29.8,29.275
17888,29.801667,29.275
17889,29.803333,29.282
17890,29.805,29.286
17891,29.806667,29.286
17892,29.808333,29.279
17893,29.81,29.274
17894,29.811667,29.266
17895,29.813333,29.266
17896,29.815,29.267
17897,29.816667,29.269
17898,29.818333,29.272
17899,29.82,29.272
17900,29.821667,29.277
17901,29.823333,29.273
17902,29.825,29.27
17903,29.826667,29.27
17904,29.828333,29.271
17905,29.83,29.272
17906,29.831667,29.281
17907,29.833333,29.281
17908,29.835,29.288
17909,29.836667,29.292
17910,29.83835,29.292
17911,29.84,29.299
17912,29.841667,29.301
17913,29.843333,29.308
17914,29.845017,29.308
17915,29.846667,29.307
17916,29.848333,29.301
17917,29.85,29.294
17918,29.851667,29.294
17919,29.853333,29.284
17920,29.855,29.283
17921,29.856733,29.286
17922,29.858317,29.286
17923,29.859983,29.295
17924,29.86165,29.307
17925,29.863317,29.307
17926,29.864983,29.308
17927,29.86665,29.31
17928,29.868317,29.3
17929,29.869983,29.3
17930,29.87165,29.287
17931,29.873317,29.283
17932,29.874983,29.278
17933,29.87665,29.278
17934,29.878317,29.28
17935,29.879983,29.284
17936,29.88165,29.286
17937,29.883317,29.286
17938,29.884983,29.284
17939,29.88665,29.275
17940,29.888317,29.275
17941,29.890083,29.266
17942,29.89165,29.266
17943,29.893317,29.266
17944,29.894983,29.266
17945,29.89665,29.276
17946,29.898317,29.28
17947,29.899983,29.27
17948,29.90165,29.27
17949,29.903317,29.266
17950,29.904983,29.256
17951,29.90665,29.256
17952,29.908317,29.256
17953,29.909983,29.266
17954,29.91165,29.271
17955,29.913317,29.281
17956,29.914983,29.281
17957,29.916633,29.278
17958,29.9183,29.277
17959,29.919967,29.277
17960,29.921633,29.268
17961,29.9233,29.266
17962,29.924983,29.272
17963,29.926683,29.272
17964,29.9283,29.276
17965,29.929967,29.28
17966,29.931633,29.276
17967,29.9333,29.276
17968,29.934967,29.271
17969,29.936633,29.266
17970,29.9383,29.27
17971,29.939967,29.27
17972,29.941633,29.267
17973,29.9433,29.266
17974,29.944983,29.266
17975,29.946633,29.261
17976,29.9483,29.253
17977,29.949967,29.251
17978,29.951633,29.251
17979,29.9533,29.256
17980,29.954967,29.258
17981,29.956633,29.256
17982,29.9583,29.256
17983,29.959967,29.259
17984,29.961633,29.258
17985,29.9633,29.266
17986,29.964967,29.266
17987,29.966633,29.275
17988,29.9683,29.286
17989,29.969967,29.296
17990,29.971633,29.296
17991,29.9733,29.3
17992,29.975017,29.298
17993,29.976617,29.298
17994,29.978283,29.297
17995,29.97995,29.293
17996,29.981617,29.29
17997,29.983283,29.29
17998,29.98495,29.297
17999,29.986617,29.295
18000,29.988283,29.286
18001,29.98995,29.286
18002,29.991733,29.278
18003,29.993283,29.262
18004,29.994967,29.256
18005,29.996617,29.256
18006,29.998283,29.25
18007,29.99995,29.251
18008,30.001617,29.251
18009,30.003283,29.262
18010,30.00495,29.271
18011,30.006617,29.291
18012,30.0084,29.291
18013,30.00995,29.297
18014,30.011617,29.292
18015,30.013283,29.293
18016,30.01495,29.293
18017,30.016617,29.286
18018,30.018283,29.283
18019,30.01995,29.293
18020,30.021617,29.293
18021,30.023283,29.28
18022,30.024933,29.281
18023,30.0266,29.279
18024,30.028267,29.279
18025,30.029933,29.273
18026,30.0316,29.281
18027,30.033267,29.281
18028,30.03495,29.278
18029,30.036617,29.284
18030,30.03825,29.287
18031,30.039917,29.287
18032,30.041583,29.287
18033,30.04325,29.296
18034,30.044917,29.293
18035,30.046583,29.293
18036,30.04825,29.291
18037,30.049917,29.283
18038,30.051583,29.269
18039,30.05325,29.269
18040,30.054917,29.267
18041,30.056583,29.273
18042,30.05825,29.273
18043,30.059917,29.273
18044,30.061583,29.279
18045,30.06325,29.284
18046,30.064933,29.284
18047,30.066583,29.281
18048,30.06825,29.283
18049,30.069917,29.281
18050,30.071583,29.281
18051,30.07325,29.276
18052,30.074917,29.266
18053,30.076583,29.261
18054,30.07825,29.261
18055,30.079917,29.254
18056,30.081583,29.256
18057,30.08325,29.256
18058,30.084917,29.261
18059,30.086583,29.266
18060,30.08825,29.279
18061,30.089917,29.279
18062,30.091583,29.281
18063,30.093267,29.283
18064,30.094917,29.297
18065,30.096567,29.297
18066,30.098233,29.295
18067,30.0999,29.292
18068,30.101567,29.296
18069,30.103233,29.296
18070,30.1049,29.286
18071,30.106567,29.281
18072,30.108233,29.283
18073,30.109967,29.283
18074,30.111567,29.285
18075,30.113233,29.282
18076,30.1149,29.282
18077,30.1166,29.285
18078,30.118233,29.28
18079,30.1199,29.267
18080,30.121567,29.267
18081,30.123233,29.272
18082,30.1249,29.272
18083,30.12665,29.278
18084,30.128233,29.278
18085,30.1299,29.281
18086,30.131567,29.278
18087,30.133233,29.273
18088,30.1349,29.273
18089,30.136567,29.27
18090,30.138233,29.269
18091,30.1399,29.269
18092,30.141567,29.26
18093,30.143333,29.256
18094,30.144917,29.254
18095,30.146567,29.254
18096,30.148233,29.253
18097,30.1499,29.259
18098,30.151567,29.262
18099,30.153233,29.262
18100,30.1549,29.267
18101,30.15655,29.272
18102,30.158217,29.278
18103,30.159883,29.278
18104,30.16155,29.279
18105,30.163217,29.271
18106,30.164883,29.276
18107,30.16655,29.276
18108,30.168217,29.27
18109,30.169883,29.262
18110,30.17155,29.262
18111,30.173217,29.266
18112,30.174883,29.26
18113,30.17655,29.264
18114,30.178217,29.264
18115,30.179883,29.276
18116,30.18155,29.272
18117,30.183217,29.269
18118,30.184883,29.269
18119,30.18655,29.267
18120,30.188217,29.266
18121,30.189883,29.266
18122,30.19155,29.266
18123,30.193217,29.262
18124,30.194883,29.26
18125,30.19655,29.26
18126,30.198233,29.254
18127,30.199883,29.261
18128,30.20155,29.275
18129,30.203217,29.275
18130,30.204883,29.276
18131,30.20655,29.282
18132,30.208217,29.276
18133,30.209883,29.276
18134,30.211583,29.266
18135,30.213217,29.266
18136,30.214883,29.255
18137,30.216533,29.255
18138,30.2182,29.255
18139,30.219867,29.261
18140,30.221533,29.261
18141,30.2232,29.261
18142,30.224867,29.271
18143,30.226533,29.281
18144,30.22825,29.281
18145,30.229867,29.279
18146,30.231533,29.284
18147,30.2332,29.282
18148,30.234867,29.282
18149,30.236533,29.275
18150,30.2382,29.274
18151,30.239867,29.273
18152,30.24155,29.273
18153,30.2432,29.269
18154,30.244933,29.265
18155,30.246533,29.262
18156,30.2482,29.262
18157,30.249867,29.257
18158,30.251533,29.258
18159,30.2532,29.258
18160,30.254867,29.258
18161,30.256533,29.258
18162,30.2582,29.262
18163,30.259867,29.262
18164,30.26165,29.261
18165,30.2632,29.264
18166,30.264867,29.264
18167,30.266533,29.264
18168,30.2682,29.267
18169,30.269867,29.271
18170,30.271533,29.277
18171,30.2732,29.277
18172,30.274867,29.279
18173,30.276517,29.276
18174,30.278183,29.276
18175,30.27985,29.283
18176,30.281517,29.287
18177,30.283183,29.291
18178,30.28485,29.291
18179,30.286517,29.293
18180,30.2882,29.285
18181,30.289883,29.272
18182,30.291517,29.272
18183,30.293183,29.266
18184,30.29485,29.261
18185,30.296517,29.259
18186,30.298183,29.259
18187,30.29985,29.264
18188,30.301517,29.27
18189,30.303183,29.268
18190,30.30485,29.268
18191,30.306517,29.27
18192,30.308183,29.272
18193,30.30985,29.272
18194,30.311517,29.269
18195,30.313183,29.27
18196,30.31485,29.271
18197,30.3165,29.271
18198,30.318167,29.262
18199,30.319833,29.256
18200,30.3215,29.251
18201,30.323167,29.251
18202,30.324833,29.247
18203,30.3265,29.249
18204,30.328167,29.252
18205,30.329833,29.252
18206,30.3315,29.254
18207,30.333167,29.255
18208,30.334833,29.255
18209,30.336483,29.251
18210,30.33815,29.25
18211,30.339817,29.253
18212,30.341483,29.253
18213,30.34315,29.253
18214,30.344817,29.257
18215,30.34655,29.262
18216,30.34815,29.262
18217,30.349817,29.269
18218,30.351483,29.269
18219,30.35315,29.27
18220,30.354817,29.27
18221,30.356483,29.269
18222,30.358167,29.267
18223,30.359817,29.268
18224,30.361483,29.268
18225,30.363217,29.265
18226,30.36485,29.268
18227,30.366483,29.268
18228,30.36815,29.263
18229,30.369817,29.271
18230,30.371483,29.275
18231,30.37315,29.275
18232,30.374817,29.27
18233,30.376483,29.275
18234,30.37815,29.276
18235,30.379933,29.276
18236,30.381483,29.278
18237,30.38315,29.278
18238,30.384817,29.272
18239,30.386483,29.272
18240,30.38815,29.263
18241,30.389817,29.261
18242,30.391483,29.261
18243,30.39315,29.258
18244,30.394817,29.258
18245,30.396467,29.256
18246,30.398133,29.256
18247,30.3998,29.252
18248,30.401467,29.251
18249,30.403133,29.248
18250,30.4048,29.248
18251,30.406467,29.247
18252,30.408133,29.246
18253,30.4098,29.246
18254,30.411467,29.246
18255,30.413133,29.248
18256,30.4148,29.248
18257,30.416483,29.251
18258,30.418133,29.251
18259,30.4198,29.254
18260,30.421467,29.251
18261,30.423133,29.251
18262,30.4248,29.252
18263,30.426467,29.245
18264,30.428167,29.245
18265,30.4298,29.245
18266,30.431467,29.245
18267,30.433133,29.248
18268,30.4348,29.261
18269,30.436467,29.261
18270,30.438133,29.268
18271,30.4398,29.28
18272,30.441467,29.29
18273,30.443133,29.29
18274,30.4448,29.295
18275,30.4465,29.296
18276,30.448133,29.296
18277,30.449817,29.294
18278,30.451467,29.291
18279,30.453133,29.288
18280,30.4548,29.288
18281,30.45645,29.284
18282,30.458117,29.282
18283,30.459783,29.279
18284,30.46145,29.279
18285,30.463117,29.274
18286,30.464783,29.271
18287,30.46645,29.27
18288,30.468117,29.27
18289,30.469783,29.266
18290,30.47145,29.265
18291,30.473117,29.265
18292,30.474783,29.262
18293,30.47645,29.256
18294,30.478117,29.252
18295,30.479783,29.252
18296,30.48145,29.249
18297,30.483117,29.252
18298,30.484783,29.256
18299,30.48645,29.256
18300,30.488117,29.258
18301,30.489783,29.258
18302,30.49145,29.255
18303,30.493117,29.255
18304,30.494783,29.249
18305,30.49645,29.249
18306,30.498233,29.252
18307,30.499783,29.252
18308,30.50145,29.253
18309,30.503117,29.255
18310,30.504783,29.255
18311,30.506483,29.255
18312,30.508117,29.26
18313,30.509783,29.265
18314,30.51145,29.265
18315,30.513117,29.271
18316,30.514783,29.27
18317,30.516433,29.267
18318,30.5181,29.267
18319,30.519767,29.267
18320,30.521433,29.267
18321,30.5231,29.273
18322,30.524767,29.273
18323,30.526433,29.271
18324,30.5281,29.265
18325,30.529767,29.265
18326,30.531433,29.259
18327,30.5331,29.253
18328,30.534767,29.253
18329,30.53645,29.253
18330,30.5381,29.255
18331,30.539767,29.257
18332,30.541433,29.257
18333,30.5431,29.257
18334,30.544767,29.257
18335,30.546433,29.261
18336,30.5481,29.263
18337,30.549767,29.263
18338,30.551433,29.267
18339,30.5531,29.264
18340,30.554767,29.259
18341,30.556433,29.259
18342,30.5581,29.255
18343,30.559767,29.249
18344,30.561433,29.249
18345,30.5631,29.251
18346,30.564767,29.259
18347,30.566433,29.264
18348,30.5681,29.264
18349,30.569767,29.278
18350,30.57145,29.286
18351,30.5731,29.288
18352,30.574767,29.288
18353,30.576417,29.289
18354,30.578083,29.287
18355,30.57975,29.282
18356,30.581417,29.282
18357,30.58315,29.28
18358,30.58475,29.29
18359,30.586417,29.29
18360,30.588083,29.29
18361,30.58975,29.296
18362,30.591417,29.297
18363,30.593083,29.297
18364,30.59475,29.297
18365,30.596417,29.301
18366,30.598083,29.301
18367,30.59975,29.301
18368,30.601417,29.3
18369,30.603083,29.293
18370,30.60475,29.29
18371,30.606417,29.29
18372,30.608067,29.29
18373,30.609733,29.293
18374,30.6114,29.291
18375,30.613067,29.291
18376,30.614733,29.283
18377,30.616517,29.281
18378,30.618067,29.281
18379,30.619733,29.27
18380,30.6214,29.271
18381,30.623067,29.275
18382,30.62475,29.275
18383,30.6264,29.277
18384,30.628067,29.282
18385,30.629733,29.282
18386,30.6314,29.282
18387,30.633067,29.279
18388,30.634733,29.279
18389,30.636383,29.281
18390,30.63805,29.281
18391,30.639717,29.282
18392,30.641383,29.28
18393,30.64305,29.28
18394,30.644717,29.276
18395,30.646383,29.275
18396,30.648067,29.268
18397,30.649717,29.268
18398,30.651383,29.269
18399,30.65305,29.265
18400,30.654717,29.26
18401,30.656383,29.26
18402,30.65805,29.258
18403,30.659717,29.254
18404,30.661383,29.258
18405,30.66305,29.258
18406,30.664717,29.259
18407,30.666383,29.261
18408,30.66805,29.261
18409,30.669717,29.259
18410,30.671383,29.256
18411,30.67305,29.262
18412,30.674717,29.262
18413,30.676383,29.264
18414,30.67805,29.272
18415,30.679717,29.275
18416,30.681383,29.275
18417,30.68305,29.272
18418,30.684717,29.269
18419,30.686383,29.261
18420,30.68805,29.261
18421,30.689717,29.258
18422,30.691383,29.255
18423,30.69305,29.26
18424,30.694717,29.26
18425,30.696367,29.261
18426,30.698033,29.262
18427,30.699733,29.262
18428,30.701433,29.262
18429,30.703033,29.263
18430,30.7047,29.265
18431,30.706367,29.265
18432,30.708033,29.265
18433,30.7097,29.261
18434,30.711367,29.256
18435,30.713033,29.256
18436,30.7147,29.255
18437,30.716367,29.255
18438,30.7181,29.256
18439,30.719733,29.256
18440,30.721367,29.254
18441,30.723033,29.255
18442,30.7247,29.255
18443,30.726367,29.254
18444,30.728033,29.256
18445,30.7297,29.258
18446,30.731367,29.258
18447,30.733033,29.257
18448,30.734817,29.256
18449,30.736367,29.253
18450,30.738033,29.253
18451,30.7397,29.258
18452,30.741367,29.259
18453,30.743033,29.263
18454,30.7447,29.263
18455,30.746367,29.265
18456,30.748033,29.263
18457,30.7497,29.264
18458,30.751367,29.264
18459,30.753033,29.263
18460,30.754683,29.263
18461,30.75635,29.263
18462,30.758017,29.265
18463,30.759683,29.272
18464,30.76135,29.278
18465,30.763017,29.278
18466,30.764683,29.28
18467,30.76635,29.28
18468,30.768017,29.276
18469,30.769683,29.276
18470,30.77135,29.276
18471,30.773017,29.274
18472,30.774683,29.275
18473,30.77635,29.275
18474,30.778017,29.272
18475,30.779683,29.27
18476,30.78135,29.27
18477,30.783017,29.27
18478,30.784683,29.271
18479,30.78635,29.267
18480,30.788033,29.267
18481,30.789683,29.263
18482,30.791383,29.263
18483,30.793017,29.259
18484,30.794683,29.259
18485,30.79635,29.262
18486,30.798017,29.26
18487,30.799683,29.265
18488,30.80135,29.265
18489,30.803017,29.265
18490,30.804683,29.265
18491,30.80635,29.27
18492,30.808017,29.27
18493,30.809683,29.268
18494,30.81135,29.269
18495,30.813017,29.269
18496,30.814667,29.268
18497,30.816333,29.265
18498,30.818,29.268
18499,30.819717,29.268
18500,30.821333,29.267
18501,30.823,29.273
18502,30.824667,29.277
18503,30.826333,29.277
18504,30.828,29.276
18505,30.829667,29.28
18506,30.831333,29.283
18507,30.833,29.283
18508,30.834667,29.288
18509,30.836417,29.286
18510,30.838,29.286
18511,30.839667,29.287
18512,30.841333,29.277
18513,30.843,29.274
18514,30.844667,29.274
18515,30.846333,29.272
18516,30.848,29.266
18517,30.849667,29.271
18518,30.851333,29.271
18519,30.853117,29.262
18520,30.854667,29.261
18521,30.856333,29.266
18522,30.858,29.266
18523,30.859667,29.269
18524,30.861333,29.276
18525,30.863,29.283
18526,30.864667,29.283
18527,30.866333,29.283
18528,30.868017,29.282
18529,30.869683,29.282
18530,30.871333,29.282
18531,30.873,29.282
18532,30.87465,29.281
18533,30.876317,29.281
18534,30.877983,29.281
18535,30.87965,29.278
18536,30.881317,29.278
18537,30.882983,29.278
18538,30.88465,29.271
18539,30.886317,29.267
18540,30.887983,29.263
18541,30.88965,29.263
18542,30.891317,29.255
18543,30.892983,29.256
18544,30.89465,29.256
18545,30.896317,29.256
18546,30.897967,29.263
18547,30.899633,29.271
18548,30.9013,29.271
18549,30.902967,29.273
18550,30.904633,29.277
18551,30.9063,29.272
18552,30.907967,29.272
18553,30.909633,29.273
18554,30.9113,29.278
18555,30.912967,29.279
18556,30.914633,29.279
18557,30.9163,29.285
18558,30.917967,29.279
18559,30.919633,29.279
18560,30.9213,29.274
18561,30.922967,29.269
18562,30.924633,29.262
18563,30.9263,29.262
18564,30.927967,29.264
18565,30.929633,29.264
18566,30.9313,29.267
18567,30.932967,29.267
18568,30.934633,29.277
18569,30.936283,29.277
18570,30.938017,29.279
18571,30.939617,29.279
18572,30.941283,29.272
18573,30.94295,29.265
18574,30.944617,29.269
18575,30.946283,29.269
18576,30.947983,29.267
18577,30.949617,29.275
18578,30.951283,29.275
18579,30.95295,29.281
18580,30.954683,29.28
18581,30.956283,29.284
18582,30.95795,29.284
18583,30.959617,29.283
18584,30.961283,29.271
18585,30.96295,29.271
18586,30.964617,29.271
18587,30.966283,29.272
18588,30.96795,29.269
18589,30.969617,29.265
18590,30.971317,29.265
18591,30.97295,29.265
18592,30.974617,29.266
18593,30.976283,29.266
18594,30.97795,29.272
18595,30.979617,29.276
18596,30.981283,29.272
18597,30.98295,29.272
18598,30.984617,29.266
18599,30.986283,29.264
18600,30.98805,29.264
18601,30.989617,29.264
18602,30.991283,29.265
18603,30.992933,29.262
18604,30.994617,29.257
18605,30.996267,29.257
18606,30.997933,29.259
18607,30.9996,29.262
18608,31.001267,29.269
18609,31.002933,29.269
18610,31.0046,29.271
18611,31.006267,29.269
18612,31.007933,29.269
18613,31.0096,29.27
18614,31.0113,29.272
18615,31.012933,29.277
18616,31.0146,29.277
18617,31.016267,29.28
18618,31.017933,29.278
18619,31.0196,29.274
18620,31.021267,29.274
18621,31.022933,29.269
18622,31.0246,29.267
18623,31.026267,29.269
18624,31.027933,29.269
18625,31.029633,29.266
18626,31.031267,29.27
18627,31.032933,29.27
18628,31.0346,29.273
18629,31.036267,29.27
18630,31.037933,29.274
18631,31.0396,29.274
18632,31.041267,29.271
18633,31.042933,29.265
18634,31.0446,29.271
18635,31.046267,29.271
18636,31.04795,29.272
18637,31.0496,29.275
18638,31.051267,29.28
18639,31.052933,29.28
18640,31.0546,29.274
18641,31.05625,29.271
18642,31.057917,29.271
18643,31.059583,29.27
18644,31.06125,29.266
18645,31.062917,29.265
18646,31.064583,29.265
18647,31.06625,29.265
18648,31.067917,29.262
18649,31.069583,29.263
18650,31.07125,29.263
18651,31.073033,29.263
18652,31.074583,29.268
18653,31.07625,29.27
18654,31.077917,29.27
18655,31.079583,29.267
18656,31.08125,29.27
18657,31.082933,29.273
18658,31.084617,29.273
18659,31.08625,29.274
18660,31.087917,29.274
18661,31.089633,29.274
18662,31.09125,29.272
18663,31.092917,29.264
18664,31.094583,29.257
18665,31.09625,29.257
18666,31.097917,29.257
18667,31.099583,29.257
18668,31.10125,29.263
18669,31.102917,29.263
18670,31.104583,29.269
18671,31.106367,29.27
18672,31.107917,29.277
18673,31.109583,29.277
18674,31.11125,29.275
18675,31.112917,29.27
18676,31.114583,29.27
18677,31.116233,29.27
18678,31.1179,29.263
18679,31.1196,29.259
18680,31.121233,29.259
18681,31.1229,29.259
18682,31.124567,29.262
18683,31.126233,29.264
18684,31.1279,29.264
18685,31.129567,29.265
18686,31.131233,29.269
18687,31.1329,29.266
18688,31.134567,29.266
18689,31.136233,29.271
18690,31.1379,29.275
18691,31.139567,29.275
18692,31.141233,29.275
18693,31.1429,29.275
18694,31.144567,29.266
18695,31.146233,29.266
18696,31.1479,29.259
18697,31.149567,29.253
18698,31.151233,29.251
18699,31.1529,29.251
18700,31.154567,29.259
18701,31.156233,29.26
18702,31.157917,29.266
18703,31.159567,29.266
18704,31.161233,29.265
18705,31.1629,29.259
18706,31.164567,29.259
18707,31.166233,29.259
18708,31.1679,29.259
18709,31.169567,29.267
18710,31.171233,29.267
18711,31.1729,29.276
18712,31.17455,29.28
18713,31.176217,29.279
18714,31.177883,29.279
18715,31.17955,29.276
18716,31.181217,29.273
18717,31.182883,29.273
18718,31.18455,29.273
18719,31.186217,29.272
18720,31.187883,29.272
18721,31.189533,29.268
18722,31.19125,29.268
18723,31.192867,29.262
18724,31.194533,29.256
18725,31.1962,29.259
18726,31.197867,29.259
18727,31.19955,29.264
18728,31.2012,29.27
18729,31.202867,29.27
18730,31.204533,29.273
18731,31.2062,29.268
18732,31.2079,29.27
18733,31.209533,29.27
18734,31.2112,29.266
18735,31.212867,29.265
18736,31.214533,29.268
18737,31.2162,29.268
18738,31.217867,29.262
18739,31.219533,29.262
18740,31.2212,29.269
18741,31.222883,29.269
18742,31.224633,29.275
18743,31.2262,29.281
18744,31.227867,29.281
18745,31.229533,29.283
18746,31.2312,29.281
18747,31.232867,29.273
18748,31.234533,29.273
18749,31.236183,29.263
18750,31.237883,29.26
18751,31.239517,29.256
18752,31.241183,29.256
18753,31.24285,29.263
18754,31.244517,29.266
18755,31.246183,29.266
18756,31.24785,29.266
18757,31.249517,29.265
18758,31.251183,29.257
18759,31.25285,29.257
18760,31.254517,29.258
18761,31.256183,29.267
18762,31.25785,29.279
18763,31.259517,29.279
18764,31.261183,29.281
18765,31.26285,29.276
18766,31.264517,29.265
18767,31.266183,29.265
18768,31.26785,29.261
18769,31.269517,29.261
18770,31.271183,29.264
18771,31.27285,29.264
18772,31.274517,29.265
18773,31.276183,29.261
18774,31.27785,29.267
18775,31.279517,29.267
18776,31.281183,29.273
18777,31.282867,29.274
18778,31.284517,29.274
18779,31.286183,29.272
18780,31.28785,29.264
18781,31.289517,29.26
18782,31.291183,29.26
18783,31.292833,29.26
18784,31.294517,29.265
18785,31.296183,29.27
18786,31.297833,29.27
18787,31.2995,29.272
18788,31.301167,29.277
18789,31.302833,29.281
18790,31.30455,29.281
18791,31.306167,29.282
18792,31.307833,29.282
18793,31.3095,29.282
18794,31.311167,29.276
18795,31.312833,29.273
18796,31.3145,29.277
18797,31.316167,29.277
18798,31.317833,29.281
18799,31.3195,29.284
18800,31.321167,29.279
18801,31.322833,29.279
18802,31.3245,29.268
18803,31.326167,29.265
18804,31.327833,29.265
18805,31.3295,29.265
18806,31.331167,29.262
18807,31.332833,29.266
18808,31.3345,29.265
18809,31.336167,29.265
18810,31.337833,29.269
18811,31.3395,29.271
18812,31.341167,29.271
18813,31.342933,29.272
18814,31.3445,29.274
18815,31.346167,29.269
18816,31.347833,29.269
18817,31.3495,29.271
18818,31.351167,29.266
18819,31.352833,29.265
18820,31.3545,29.265
18821,31.35615,29.269
18822,31.357817,29.273
18823,31.359483,29.275
18824,31.36115,29.275
18825,31.362817,29.269
18826,31.364483,29.259
18827,31.36615,29.259
18828,31.367817,29.252
18829,31.369483,29.251
18830,31.37115,29.26
18831,31.372817,29.26
18832,31.374483,29.276
18833,31.37615,29.283
18834,31.377867,29.286
18835,31.379483,29.286
18836,31.38115,29.287
18837,31.382817,29.279
18838,31.384483,29.275
18839,31.38615,29.275
18840,31.387817,29.279
18841,31.389483,29.273
18842,31.39115,29.269
18843,31.392817,29.269
18844,31.394483,29.271
18845,31.39615,29.267
18846,31.397817,29.267
18847,31.399483,29.267
18848,31.40115,29.275
18849,31.402817,29.269
18850,31.404483,29.269
18851,31.40615,29.273
18852,31.407817,29.277
18853,31.409483,29.275
18854,31.41115,29.275
18855,31.412817,29.283
18856,31.414483,29.284
18857,31.416133,29.282
18858,31.4178,29.282
18859,31.419467,29.278
18860,31.421133,29.273
18861,31.4228,29.273
18862,31.424467,29.272
18863,31.426133,29.276
18864,31.427867,29.277
18865,31.429467,29.277
18866,31.431133,29.272
18867,31.4328,29.267
18868,31.434467,29.263
18869,31.436133,29.263
18870,31.4378,29.263
18871,31.439467,29.266
18872,31.441133,29.267
18873,31.4428,29.267
18874,31.4445,29.268
18875,31.446133,29.273
18876,31.4478,29.28
18877,31.4495,29.28
18878,31.45115,29.285
18879,31.45285,29.287
18880,31.454467,29.287
18881,31.456133,29.28
18882,31.4578,29.273
18883,31.459467,29.271
18884,31.461217,29.271
18885,31.4628,29.273
18886,31.464467,29.275
18887,31.466133,29.275
18888,31.4678,29.275
18889,31.469467,29.276
18890,31.471133,29.268
18891,31.4728,29.273
18892,31.474467,29.273
18893,31.476117,29.274
18894,31.477783,29.278
18895,31.47945,29.278
18896,31.4811,29.291
18897,31.482767,29.291
18898,31.484433,29.297
18899,31.4861,29.297
18900,31.487767,29.301
18901,31.489433,29.295
18902,31.4911,29.296
18903,31.492767,29.296
18904,31.494433,29.294
18905,31.4961,29.289
18906,31.497767,29.289
18907,31.499433,29.289
18908,31.5011,29.292
18909,31.502767,29.295
18910,31.504433,29.295
18911,31.5061,29.297
18912,31.507767,29.295
18913,31.509433,29.296
18914,31.5111,29.296
18915,31.512767,29.293
18916,31.514433,29.289
18917,31.5161,29.288
18918,31.517767,29.288
18919,31.51945,29.284
18920,31.5211,29.282
18921,31.522767,29.275
18922,31.524433,29.275
18923,31.5261,29.269
18924,31.527767,29.261
18925,31.529433,29.257
18926,31.5311,29.257
18927,31.5328,29.264
18928,31.534433,29.267
18929,31.536083,29.267
18930,31.53775,29.274
18931,31.539417,29.273
18932,31.541083,29.266
18933,31.54275,29.266
18934,31.544417,29.259
18935,31.546133,29.252
18936,31.54775,29.252
18937,31.549417,29.252
18938,31.551083,29.255
18939,31.55275,29.26
18940,31.554417,29.26
18941,31.556083,29.26
18942,31.55775,29.259
18943,31.559417,29.253
18944,31.561083,29.253
18945,31.56275,29.253
18946,31.564417,29.252
18947,31.566083,29.252
18948,31.56775,29.252
18949,31.569417,29.256
18950,31.571083,29.26
18951,31.57275,29.267
18952,31.574417,29.267
18953,31.576083,29.273
18954,31.57775,29.278
18955,31.579517,29.272
18956,31.581083,29.272
18957,31.58275,29.264
18958,31.584417,29.261
18959,31.586083,29.257
18960,31.58775,29.257
18961,31.589417,29.258
18962,31.591083,29.269
18963,31.59275,29.269
18964,31.594417,29.273
18965,31.596067,29.28
18966,31.59775,29.282
18967,31.59945,29.282
18968,31.601067,29.279
18969,31.602733,29.281
18970,31.6044,29.281
18971,31.606067,29.281
18972,31.607733,29.285
18973,31.6094,29.283
18974,31.611067,29.284
18975,31.612733,29.284
18976,31.6144,29.284
18977,31.616067,29.282
18978,31.617733,29.282
18979,31.6194,29.288
18980,31.621067,29.287
18981,31.622733,29.287
18982,31.624417,29.287
18983,31.626133,29.29
18984,31.627733,29.284
18985,31.6294,29.282
18986,31.631067,29.282
18987,31.632733,29.277
18988,31.6344,29.269
18989,31.636067,29.263
18990,31.637733,29.263
18991,31.6394,29.265
18992,31.641067,29.27
18993,31.642733,29.276
18994,31.6444,29.276
18995,31.646067,29.278
18996,31.647733,29.274
18997,31.6494,29.274
18998,31.651067,29.275
18999,31.652733,29.278
19000,31.6544,29.285
19001,31.65605,29.285
19002,31.657717,29.288
19003,31.659383,29.287
19004,31.66105,29.285
19005,31.662767,29.285
19006,31.664483,29.282
19007,31.66605,29.281
19008,31.667717,29.286
19009,31.669383,29.286
19010,31.67105,29.294
19011,31.672717,29.298
19012,31.674383,29.298
19013,31.67605,29.304
19014,31.677717,29.306
19015,31.679383,29.294
19016,31.68115,29.294
19017,31.682717,29.288
19018,31.684383,29.278
19019,31.68605,29.266
19020,31.687717,29.266
19021,31.689383,29.273
19022,31.69105,29.276
19023,31.692717,29.279
19024,31.694383,29.279
19025,31.69605,29.285
19026,31.6978,29.282
19027,31.699383,29.282
19028,31.70105,29.28
19029,31.702717,29.278
19030,31.704383,29.277
19031,31.70605,29.277
19032,31.707717,29.274
19033,31.709383,29.28
19034,31.71105,29.281
19035,31.71275,29.281
19036,31.714383,29.285
19037,31.71605,29.289
19038,31.7177,29.284
19039,31.719367,29.284
19040,31.721033,29.285
19041,31.7227,29.28
19042,31.724367,29.273
19043,31.726033,29.273
19044,31.7277,29.271
19045,31.729367,29.271
19046,31.731033,29.271
19047,31.7327,29.272
19048,31.7344,29.274
19049,31.736033,29.271
19050,31.7377,29.271
19051,31.739367,29.267
19052,31.741033,29.265
19053,31.7427,29.272
19054,31.744367,29.272
19055,31.746033,29.282
19056,31.7477,29.288
19057,31.749367,29.292
19058,31.751033,29.292
19059,31.7527,29.296
19060,31.754367,29.295
19061,31.756033,29.295
19062,31.7577,29.296
19063,31.759367,29.302
19064,31.761033,29.297
19065,31.7627,29.297
19066,31.764367,29.292
19067,31.766033,29.285
19068,31.7677,29.277
19069,31.769367,29.277
19070,31.771033,29.278
19071,31.772683,29.279
19072,31.77435,29.278
19073,31.776,29.278
19074,31.777667,29.279
19075,31.779333,29.279
19076,31.781,29.279
19077,31.78275,29.279
19078,31.784333,29.285
19079,31.786017,29.285
19080,31.7877,29.285
19081,31.789333,29.287
19082,31.791,29.288
19083,31.792667,29.294
19084,31.794333,29.294
19085,31.796,29.296
19086,31.797667,29.296
19087,31.7994,29.293
19088,31.801017,29.293
19089,31.802683,29.287
19090,31.804333,29.282
19091,31.806,29.274
19092,31.807667,29.274
19093,31.809333,29.274
19094,31.811,29.269
19095,31.812667,29.269
19096,31.814333,29.267
19097,31.816083,29.268
19098,31.817667,29.265
19099,31.819333,29.265
19100,31.821,29.267
19101,31.822667,29.265
19102,31.824333,29.265
19103,31.826,29.265
19104,31.827667,29.268
19105,31.829333,29.274
19106,31.831,29.277
19107,31.832733,29.277
19108,31.834333,29.282
19109,31.835983,29.283
19110,31.83765,29.283
19111,31.839317,29.283
19112,31.840983,29.279
19113,31.84265,29.277
19114,31.844317,29.277
19115,31.845983,29.276
19116,31.84765,29.274
19117,31.849317,29.278
19118,31.850983,29.278
19119,31.85265,29.276
19120,31.854317,29.275
19121,31.855983,29.269
19122,31.85765,29.269
19123,31.859317,29.269
19124,31.860983,29.27
19125,31.86265,29.266
19126,31.864317,29.266
19127,31.865983,29.265
19128,31.86765,29.261
19129,31.869317,29.261
19130,31.870983,29.262
19131,31.8727,29.262
19132,31.874317,29.262
19133,31.875983,29.262
19134,31.8777,29.266
19135,31.879317,29.267
19136,31.880983,29.271
19137,31.88265,29.271
19138,31.884317,29.272
19139,31.885983,29.266
19140,31.88765,29.26
19141,31.889317,29.26
19142,31.890983,29.26
19143,31.89265,29.268
19144,31.894317,29.268
19145,31.895983,29.271
19146,31.897633,29.27
19147,31.8993,29.263
19148,31.900983,29.263
19149,31.902633,29.256
19150,31.9043,29.259
19151,31.905967,29.262
19152,31.907633,29.262
19153,31.9093,29.268
19154,31.910967,29.271
19155,31.912633,29.27
19156,31.9143,29.27
19157,31.915967,29.274
19158,31.9177,29.268
19159,31.9193,29.268
19160,31.920967,29.268
19161,31.922633,29.26
19162,31.9243,29.256
19163,31.925967,29.256
19164,31.927633,29.26
19165,31.9293,29.266
19166,31.930967,29.277
19167,31.932633,29.277
19168,31.934367,29.284
19169,31.935967,29.291
19170,31.937633,29.292
19171,31.9393,29.292
19172,31.940967,29.291
19173,31.942633,29.294
19174,31.9443,29.29
19175,31.945967,29.29
19176,31.947633,29.289
19177,31.9493,29.288
19178,31.951083,29.284
19179,31.952633,29.284
19180,31.954333,29.287
19181,31.955983,29.284
19182,31.957617,29.284
19183,31.959283,29.285
19184,31.96095,29.283
19185,31.962617,29.277
19186,31.964283,29.277
19187,31.96595,29.274
19188,31.967617,29.271
19189,31.969283,29.271
19190,31.97095,29.271
19191,31.972617,29.277
19192,31.974283,29.281
19193,31.97595,29.283
19194,31.977617,29.283
19195,31.979283,29.281
19196,31.98095,29.273
19197,31.982617,29.273
19198,31.984283,29.267
19199,31.98595,29.258
19200,31.987617,29.252
19201,31.989283,29.252
19202,31.99095,29.258
19203,31.992617,29.26
19204,31.994283,29.269
19205,31.99595,29.269
19206,31.997617,29.278
19207,31.999283,29.273
19208,32.00095,29.273
19209,32.002617,29.273
19210,32.004283,29.268
19211,32.00595,29.268
19212,32.007617,29.268
19213,32.009283,29.269
19214,32.01095,29.268
19215,32.012617,29.268
19216,32.014283,29.268
19217,32.015933,29.268
19218,32.0176,29.267
19219,32.019333,29.274
19220,32.020933,29.274
19221,32.0226,29.282
19222,32.024267,29.282
19223,32.025933,29.288
19224,32.0276,29.288
19225,32.029283,29.29
19226,32.030933,29.286
19227,32.032633,29.292
19228,32.034267,29.292
19229,32.03595,29.292
19230,32.0376,29.292
19231,32.039267,29.292
19232,32.040933,29.297
19233,32.0426,29.294
19234,32.044267,29.303
19235,32.045933,29.303
19236,32.0476,29.309
19237,32.049267,29.306
19238,32.050933,29.304
19239,32.05265,29.304
19240,32.054267,29.296
19241,32.055933,29.291
19242,32.0576,29.293
19243,32.059267,29.293
19244,32.060933,29.294
19245,32.0626,29.286
19246,32.06425,29.286
19247,32.065917,29.28
19248,32.067583,29.278
19249,32.06935,29.272
19250,32.070917,29.272
19251,32.072583,29.279
19252,32.07425,29.283
19253,32.0759,29.283
19254,32.077567,29.283
19255,32.079233,29.288
19256,32.0809,29.287
19257,32.082567,29.278
19258,32.084233,29.278
19259,32.0859,29.275
19260,32.087567,29.276
19261,32.089233,29.276
19262,32.0909,29.277
19263,32.092567,29.282
19264,32.094233,29.282
19265,32.09595,29.282
19266,32.097567,29.279
19267,32.099233,29.274
19268,32.1009,29.27
19269,32.102567,29.27
19270,32.104233,29.275
19271,32.1059,29.275
19272,32.107567,29.283
19273,32.109233,29.283
19274,32.1109,29.295
19275,32.112567,29.299
19276,32.114233,29.3
19277,32.115917,29.3
19278,32.117567,29.296
19279,32.119233,29.284
19280,32.1209,29.284
19281,32.122567,29.278
19282,32.124233,29.284
19283,32.1259,29.288
19284,32.127567,29.288
19285,32.129233,29.295
19286,32.1309,29.304
19287,32.132567,29.302
19288,32.134233,29.302
19289,32.135883,29.307
19290,32.13755,29.31
19291,32.139217,29.302
19292,32.140883,29.302
19293,32.14255,29.307
19294,32.144217,29.299
19295,32.145883,29.299
19296,32.14755,29.296
19297,32.149217,29.301
19298,32.150883,29.3
19299,32.15255,29.3
19300,32.154233,29.301
19301,32.155883,29.308
19302,32.15755,29.312
19303,32.159217,29.312
19304,32.160883,29.313
19305,32.16255,29.321
19306,32.164233,29.325
19307,32.165917,29.325
19308,32.16755,29.321
19309,32.169217,29.32
19310,32.1709,29.312
19311,32.17255,29.312
19312,32.174217,29.306
19313,32.175883,29.311
19314,32.17755,29.311
19315,32.179217,29.314
19316,32.180883,29.319
19317,32.18255,29.316
19318,32.184217,29.316
19319,32.185883,29.316
19320,32.18765,29.316
19321,32.189217,29.319
19322,32.190883,29.319
19323,32.19255,29.32
19324,32.194217,29.313
19325,32.195867,29.309
19326,32.197533,29.309
19327,32.1992,29.306
19328,32.200867,29.313
19329,32.202533,29.313
19330,32.204217,29.321
19331,32.205867,29.32
19332,32.20755,29.315
19333,32.2092,29.315
19334,32.210867,29.309
19335,32.212533,29.304
19336,32.2142,29.304
19337,32.215867,29.304
19338,32.217533,29.313
19339,32.2192,29.322
19340,32.220867,29.329
19341,32.222533,29.329
19342,32.2242,29.334
19343,32.225867,29.327
19344,32.227533,29.321
19345,32.2292,29.321
19346,32.230867,29.323
19347,32.232533,29.321
19348,32.2342,29.321
19349,32.235867,29.327
19350,32.237533,29.332
19351,32.2392,29.334
19352,32.240883,29.334
19353,32.242533,29.334
19354,32.2442,29.333
19355,32.245867,29.334
19356,32.247533,29.334
19357,32.2492,29.335
19358,32.250867,29.335
19359,32.252533,29.338
19360,32.2542,29.338
19361,32.25585,29.331
19362,32.257517,29.326
19363,32.259183,29.326
19364,32.26085,29.328
19365,32.262517,29.329
19366,32.264183,29.335
19367,32.26585,29.335
19368,32.267517,29.335
19369,32.269183,29.333
19370,32.27085,29.332
19371,32.272517,29.332
19372,32.274183,29.325
19373,32.27585,29.327
19374,32.277517,29.329
19375,32.279183,29.329
19376,32.28085,29.324
19377,32.282517,29.323
19378,32.284183,29.323
19379,32.285867,29.33
19380,32.287517,29.336
19381,32.289183,29.341
19382,32.29085,29.341
19383,32.292517,29.342
19384,32.294183,29.338
19385,32.29585,29.337
19386,32.297517,29.337
19387,32.299183,29.337
19388,32.30085,29.338
19389,32.302517,29.337
19390,32.304183,29.337
19391,32.30595,29.332
19392,32.307517,29.328
19393,32.309183,29.328
19394,32.31085,29.328
19395,32.312517,29.325
19396,32.314167,29.329
19397,32.315833,29.329
19398,32.3175,29.33
19399,32.319183,29.33
19400,32.320883,29.336
19401,32.3225,29.336
19402,32.324167,29.333
19403,32.325833,29.331
19404,32.3275,29.336
19405,32.329167,29.336
19406,32.330833,29.328
19407,32.3325,29.328
19408,32.334167,29.335
19409,32.335833,29.335
19410,32.3375,29.337
19411,32.339167,29.345
19412,32.340833,29.345
19413,32.3425,29.342
19414,32.344167,29.338
19415,32.345833,29.332
19416,32.3475,29.332
19417,32.349167,29.332
19418,32.350833,29.341
19419,32.3525,29.338
19420,32.354167,29.338
19421,32.355817,29.339
19422,32.357483,29.335
19423,32.35915,29.328
19424,32.360817,29.328
19425,32.362483,29.329
19426,32.36415,29.328
19427,32.365817,29.324
19428,32.367517,29.324
19429,32.36915,29.322
19430,32.370817,29.321
19431,32.372483,29.321
19432,32.37415,29.32
19433,32.375817,29.324
19434,32.377467,29.326
19435,32.37915,29.326
19436,32.3808,29.327
19437,32.382467,29.328
19438,32.384133,29.328
19439,32.3858,29.328
19440,32.387533,29.329
19441,32.389133,29.329
19442,32.39085,29.334
19443,32.392467,29.334
19444,32.394133,29.335
19445,32.3958,29.336
19446,32.397467,29.336
19447,32.399133,29.337
19448,32.4008,29.341
19449,32.402467,29.345
19450,32.404133,29.345
19451,32.4058,29.346
19452,32.407467,29.343
19453,32.409133,29.333
19454,32.4108,29.333
19455,32.412467,29.329
19456,32.414133,29.326
19457,32.4158,29.332
19458,32.417467,29.332
19459,32.419133,29.334
19460,32.4208,29.335
19461,32.422467,29.333
19462,32.42425,29.333
19463,32.4258,29.324
19464,32.427467,29.329
19465,32.429133,29.329
19466,32.4308,29.332
19467,32.432467,29.337
19468,32.434133,29.345
19469,32.435783,29.345
19470,32.43745,29.341
19471,32.439117,29.335
19472,32.440783,29.333
19473,32.44245,29.333
19474,32.444117,29.331
19475,32.445783,29.332
19476,32.44745,29.332
19477,32.449117,29.332
19478,32.450783,29.338
19479,32.45245,29.336
19480,32.454117,29.336
19481,32.455783,29.331
19482,32.45745,29.335
19483,32.45915,29.333
19484,32.4608,29.333
19485,32.46245,29.331
19486,32.464117,29.335
19487,32.465783,29.332
19488,32.46745,29.332
19489,32.469117,29.328
19490,32.470783,29.329
19491,32.47245,29.327
19492,32.474117,29.327
19493,32.475783,29.327
19494,32.47745,29.324
19495,32.479117,29.324
19496,32.480783,29.317
19497,32.48245,29.317
19498,32.484117,29.321
19499,32.485783,29.321
19500,32.48745,29.33
19501,32.489117,29.331
19502,32.490783,29.333
19503,32.49245,29.333
19504,32.494117,29.326
19505,32.495767,29.323
19506,32.497433,29.329
19507,32.4991,29.329
19508,32.500767,29.327
19509,32.502433,29.329
19510,32.5041,29.326
19511,32.505767,29.326
19512,32.507433,29.325
19513,32.50915,29.325
19514,32.510767,29.325
19515,32.512433,29.322
19516,32.5141,29.319
19517,32.515767,29.312
19518,32.517433,29.312
19519,32.5191,29.306
19520,32.520767,29.301
19521,32.522433,29.301
19522,32.5241,29.301
19523,32.525767,29.3
19524,32.527433,29.299
19525,32.529117,29.304
19526,32.530767,29.304
19527,32.532467,29.301
19528,32.5341,29.307
19529,32.535767,29.307
19530,32.537433,29.315
19531,32.5391,29.315
19532,32.540767,29.316
19533,32.54255,29.316
19534,32.5441,29.32
19535,32.545767,29.32
19536,32.547433,29.314
19537,32.5491,29.314
19538,32.550767,29.318
19539,32.552433,29.313
19540,32.5541,29.306
19541,32.55575,29.306
19542,32.557417,29.312
19543,32.559083,29.307
19544,32.56075,29.303
19545,32.562417,29.303
19546,32.564083,29.304
19547,32.56575,29.297
19548,32.567417,29.297
19549,32.569083,29.3
19550,32.57075,29.303
19551,32.572417,29.308
19552,32.574083,29.308
19553,32.57575,29.31
19554,32.577417,29.306
19555,32.579083,29.304
19556,32.58075,29.304
19557,32.582417,29.301
19558,32.584083,29.303
19559,32.58575,29.307
19560,32.587417,29.307
19561,32.589083,29.313
19562,32.59075,29.31
19563,32.592417,29.31
19564,32.594083,29.311
19565,32.59575,29.307
19566,32.597417,29.307
19567,32.599083,29.307
19568,32.600783,29.315
19569,32.602417,29.324
19570,32.604083,29.33
19571,32.60575,29.33
19572,32.607417,29.323
19573,32.609083,29.316
19574,32.61075,29.301
19575,32.612417,29.301
19576,32.6141,29.292
19577,32.615733,29.293
19578,32.6174,29.303
19579,32.619067,29.303
19580,32.620733,29.307
19581,32.6224,29.316
19582,32.624067,29.316
19583,32.625733,29.321
19584,32.627433,29.317
19585,32.629067,29.322
19586,32.630733,29.322
19587,32.6324,29.318
19588,32.634067,29.321
19589,32.635733,29.315
19590,32.6374,29.315
19591,32.639067,29.313
19592,32.640733,29.327
19593,32.6424,29.322
19594,32.644133,29.322
19595,32.645717,29.325
19596,32.647383,29.321
19597,32.64905,29.321
19598,32.650717,29.304
19599,32.652383,29.307
19600,32.65405,29.309
19601,32.655717,29.309
19602,32.657383,29.317
19603,32.65905,29.317
19604,32.660817,29.312
19605,32.662383,29.312
19606,32.66405,29.31
19607,32.665717,29.308
19608,32.667383,29.314
19609,32.66905,29.314
19610,32.670717,29.318
19611,32.672383,29.318
19612,32.67405,29.318
19613,32.675717,29.31
19614,32.6775,29.309
19615,32.679083,29.304
19616,32.6807,29.304
19617,32.682367,29.303
19618,32.684033,29.314
19619,32.6857,29.316
19620,32.687367,29.316
19621,32.689033,29.313
19622,32.6907,29.321
19623,32.692367,29.309
19624,32.694033,29.309
19625,32.6957,29.312
19626,32.697367,29.319
19627,32.699033,29.316
19628,32.7007,29.316
19629,32.702383,29.319
19630,32.704067,29.321
19631,32.7057,29.321
19632,32.707367,29.322
19633,32.709033,29.322
19634,32.7107,29.325
19635,32.712367,29.325
19636,32.714033,29.314
19637,32.7157,29.304
19638,32.717367,29.296
19639,32.719033,29.296
19640,32.7207,29.294
19641,32.722367,29.305
19642,32.724033,29.312
19643,32.7257,29.312
19644,32.727367,29.314
19645,32.729033,29.313
19646,32.7307,29.313
19647,32.732367,29.306
19648,32.734033,29.31
19649,32.7357,29.304
19650,32.73735,29.304
19651,32.739017,29.303
19652,32.740683,29.301
19653,32.74235,29.3
19654,32.744017,29.3
19655,32.745717,29.307
19656,32.74735,29.304
19657,32.749017,29.307
19658,32.750683,29.307
19659,32.75235,29.304
19660,32.754017,29.301
19661,32.755683,29.3
19662,32.75735,29.3
19663,32.759017,29.301
19664,32.760683,29.303
19665,32.762417,29.303
19666,32.764017,29.301
19667,32.765683,29.305
19668,32.76735,29.297
19669,32.769017,29.297
19670,32.770683,29.293
19671,32.77235,29.298
19672,32.774017,29.294
19673,32.775683,29.294
19674,32.77735,29.303
19675,32.779083,29.305
19676,32.780683,29.307
19677,32.78235,29.307
19678,32.784017,29.312
19679,32.785717,29.304
19680,32.78735,29.304
19681,32.789017,29.302
19682,32.790683,29.295
19683,32.79235,29.287
19684,32.794017,29.287
19685,32.795767,29.289
19686,32.797333,29.28
19687,32.799,29.278
19688,32.800667,29.278
19689,32.802333,29.278
19690,32.804,29.28
19691,32.805667,29.294
19692,32.807333,29.294
19693,32.809,29.297
19694,32.810667,29.299
19695,32.812333,29.3
19696,32.814,29.3
19697,32.815667,29.291
19698,32.817333,29.29
19699,32.819,29.29
19700,32.820667,29.29
19701,32.822383,29.285
19702,32.824,29.285
19703,32.825667,29.285
19704,32.827333,29.285
19705,32.829,29.288
19706,32.830667,29.295
19707,32.832333,29.295
19708,32.834,29.294
19709,32.835683,29.299
19710,32.837333,29.295
19711,32.839,29.295
19712,32.840667,29.292
19713,32.842333,29.292
19714,32.844,29.292
19715,32.845667,29.293
19716,32.847333,29.299
19717,32.849,29.298
19718,32.850667,29.298
19719,32.852333,29.308
19720,32.854,29.304
19721,32.85565,29.301
19722,32.857317,29.301
19723,32.858983,29.3
19724,32.86065,29.296
19725,32.862317,29.296
19726,32.864017,29.296
19727,32.865683,29.295
19728,32.867317,29.294
19729,32.868983,29.294
19730,32.87065,29.291
19731,32.872317,29.284
19732,32.873983,29.282
19733,32.87565,29.282
19734,32.877317,29.284
19735,32.878983,29.294
19736,32.8807,29.309
19737,32.882317,29.309
19738,32.883983,29.317
19739,32.88565,29.315
19740,32.887317,29.307
19741,32.888983,29.307
19742,32.89065,29.295
19743,32.892333,29.287
19744,32.893983,29.287
19745,32.89565,29.287
19746,32.897383,29.287
19747,32.898983,29.291
19748,32.90065,29.291
19749,32.902317,29.286
19750,32.903983,29.286
19751,32.90565,29.287
19752,32.907317,29.287
19753,32.908983,29.279
19754,32.91065,29.282
19755,32.912317,29.285
19756,32.9141,29.285
19757,32.91565,29.285
19758,32.9173,29.3
19759,32.918967,29.304
19760,32.920633,29.304
19761,32.9223,29.297
19762,32.923967,29.294
19763,32.925633,29.294
19764,32.9273,29.287
19765,32.928967,29.289
19766,32.930633,29.292
19767,32.9323,29.292
19768,32.933967,29.298
19769,32.935633,29.292
19770,32.937283,29.294
19771,32.93895,29.294
19772,32.940617,29.295
19773,32.942283,29.296
19774,32.94395,29.306
19775,32.945617,29.306
19776,32.947283,29.304
19777,32.94895,29.304
19778,32.950617,29.297
19779,32.952283,29.297
19780,32.953983,29.294
19781,32.955617,29.292
19782,32.957283,29.292
19783,32.95895,29.298
19784,32.960617,29.304
19785,32.962283,29.302
19786,32.96395,29.302
19787,32.965617,29.299
19788,32.967317,29.3
19789,32.96895,29.293
19790,32.970617,29.293
19791,32.972283,29.301
19792,32.97395,29.303
19793,32.9756,29.304
19794,32.977267,29.304
19795,32.978933,29.312
19796,32.9806,29.314
19797,32.982267,29.314
19798,32.983933,29.32
19799,32.9856,29.322
19800,32.987267,29.317
19801,32.988933,29.317
19802,32.9906,29.314
19803,32.992267,29.31
19804,32.993933,29.302
19805,32.9956,29.302
19806,32.997267,29.298
19807,32.99895,29.297
19808,33.0006,29.286
19809,33.002267,29.286
19810,33.003933,29.28
19811,33.0056,29.277
19812,33.007267,29.274
19813,33.008933,29.274
19814,33.010617,29.275
19815,33.012267,29.277
19816,33.013933,29.277
19817,33.015617,29.279
19818,33.017267,29.277
19819,33.018933,29.287
19820,33.0206,29.287
19821,33.022267,29.294
19822,33.023933,29.302
19823,33.0256,29.302
19824,33.027267,29.302
19825,33.028933,29.303
19826,33.0306,29.305
19827,33.032383,29.301
19828,33.033933,29.301
19829,33.0356,29.312
19830,33.03725,29.315
19831,33.038917,29.315
19832,33.040583,29.313
19833,33.04225,29.323
19834,33.043933,29.315
19835,33.045617,29.315
19836,33.047333,29.311
19837,33.048917,29.309
19838,33.050583,29.296
19839,33.05225,29.296
19840,33.053917,29.296
19841,33.055583,29.296
19842,33.05725,29.304
19843,33.058917,29.304
19844,33.060583,29.314
19845,33.06225,29.319
19846,33.063917,29.319
19847,33.065583,29.32
19848,33.06725,29.309
19849,33.068917,29.303
19850,33.070583,29.303
19851,33.07225,29.294
19852,33.073917,29.292
19853,33.075583,29.294
19854,33.07725,29.294
19855,33.078917,29.293
19856,33.080583,29.304
19857,33.08225,29.307
19858,33.083917,29.307
19859,33.085583,29.31
19860,33.08725,29.315
19861,33.088917,29.311
19862,33.090583,29.311
19863,33.09225,29.308
19864,33.093917,29.31
19865,33.095567,29.31
19866,33.097233,29.305
19867,33.0989,29.295
19868,33.100567,29.297
19869,33.102233,29.297
19870,33.1039,29.299
19871,33.105567,29.303
19872,33.107233,29.313
19873,33.108933,29.313
19874,33.110567,29.311
19875,33.112233,29.308
19876,33.1139,29.311
19877,33.115567,29.311
19878,33.11725,29.305
19879,33.118917,29.3
19880,33.120567,29.3
19881,33.122233,29.298
19882,33.1239,29.292
19883,33.125567,29.294
19884,33.127233,29.294
19885,33.1289,29.3
19886,33.130567,29.294
19887,33.132233,29.3
19888,33.1339,29.3
19889,33.135567,29.307
19890,33.137233,29.305
19891,33.1389,29.31
19892,33.140567,29.31
19893,33.142233,29.309
19894,33.1439,29.306
19895,33.145567,29.309
19896,33.147233,29.309
19897,33.1489,29.31
19898,33.15065,29.311
19899,33.152233,29.311
19900,33.1539,29.307
19901,33.155567,29.302
19902,33.157217,29.302
19903,33.158883,29.302
19904,33.16055,29.305
19905,33.162217,29.304
19906,33.163883,29.313
19907,33.16555,29.313
19908,33.167217,29.319
19909,33.168883,29.315
19910,33.17055,29.319
19911,33.172217,29.319
19912,33.173883,29.315
19913,33.17555,29.318
19914,33.177217,29.318
19915,33.178883,29.321
19916,33.18055,29.333
19917,33.182217,29.338
19918,33.183883,29.338
19919,33.18555,29.337
19920,33.187217,29.337
19921,33.1889,29.332
19922,33.19055,29.332
19923,33.192217,29.334
19924,33.193883,29.328
19925,33.19555,29.322
19926,33.197217,29.322
19927,33.198883,29.319
19928,33.20055,29.308
19929,33.202217,29.309
19930,33.203883,29.309
19931,33.205583,29.317
19932,33.207217,29.313
19933,33.208883,29.313
19934,33.21055,29.316
19935,33.212217,29.313
19936,33.213883,29.304
19937,33.215533,29.304
19938,33.2172,29.307
19939,33.218867,29.309
19940,33.220533,29.307
19941,33.2222,29.307
19942,33.223867,29.312
19943,33.225533,29.307
19944,33.2272,29.3
19945,33.22885,29.3
19946,33.230517,29.307
19947,33.232183,29.301
19948,33.23385,29.301
19949,33.235583,29.314
19950,33.237183,29.317
19951,33.23885,29.32
19952,33.240517,29.32
19953,33.242183,29.33
19954,33.24385,29.328
19955,33.245517,29.326
19956,33.247183,29.326
19957,33.24885,29.317
19958,33.250517,29.304
19959,33.2522,29.292
19960,33.25385,29.292
19961,33.255517,29.29
19962,33.257183,29.291
19963,33.25885,29.291
19964,33.260517,29.292
19965,33.262217,29.299
19966,33.26385,29.3
19967,33.265517,29.3
19968,33.267183,29.304
19969,33.26895,29.31
19970,33.270517,29.306
19971,33.272183,29.306
19972,33.27385,29.307
19973,33.275517,29.304
19974,33.277167,29.3
19975,33.278833,29.3
19976,33.2805,29.297
19977,33.282167,29.294
19978,33.283833,29.289
19979,33.2855,29.289
19980,33.287167,29.288
19981,33.288833,29.29
19982,33.2905,29.29
19983,33.292167,29.291
19984,33.293833,29.301
19985,33.2955,29.306
19986,33.297167,29.306
19987,33.298867,29.314
19988,33.3005,29.314
19989,33.302167,29.316
19990,33.303833,29.316
19991,33.3055,29.317
19992,33.307167,29.309
19993,33.308833,29.311
19994,33.3105,29.311
19995,33.312167,29.314
19996,33.313833,29.321
19997,33.3155,29.321
19998,33.317167,29.325
19999,33.318833,29.331
20000,33.3205,29.322
20001,33.322167,29.322
20002,33.323833,29.312
20003,33.3255,29.306
20004,33.327167,29.301
20005,33.328833,29.301
20006,33.3305,29.3
20007,33.332183,29.298
20008,33.333833,29.297
20009,33.335483,29.297
20010,33.33715,29.293
20011,33.338817,29.299
20012,33.340483,29.298
20013,33.34215,29.298
20014,33.343817,29.303
20015,33.345483,29.306
20016,33.34715,29.306
20017,33.348817,29.295
20018,33.350483,29.293
20019,33.35215,29.287
20020,33.3539,29.287
20021,33.355483,29.285
20022,33.35715,29.29
20023,33.358817,29.29
20024,33.360483,29.29
20025,33.36215,29.284
20026,33.363817,29.28
20027,33.365483,29.269
20028,33.36715,29.269
20029,33.368817,29.265
20030,33.370533,29.261
20031,33.37215,29.261
20032,33.373817,29.259
20033,33.375483,29.259
20034,33.37715,29.258
20035,33.378817,29.258
20036,33.380483,29.261
20037,33.382183,29.262
20038,33.383817,29.266
20039,33.385483,29.266
20040,33.38725,29.263
20041,33.388817,29.263
20042,33.390483,29.268
20043,33.39215,29.268
20044,33.393817,29.273
20045,33.395483,29.286
20046,33.397133,29.294
20047,33.3988,29.294
20048,33.400467,29.294
20049,33.402133,29.293
20050,33.4038,29.293
20051,33.405467,29.291
20052,33.407133,29.286
20053,33.4088,29.28
20054,33.4105,29.28
20055,33.412133,29.276
20056,33.413817,29.269
20057,33.415467,29.266
20058,33.417133,29.266
20059,33.4188,29.271
20060,33.420467,29.274
20061,33.422133,29.273
20062,33.4238,29.273
20063,33.425467,29.274
20064,33.427133,29.278
20065,33.4288,29.278
20066,33.430467,29.278
20067,33.432133,29.279
20068,33.4338,29.28
20069,33.435467,29.28
20070,33.437133,29.273
20071,33.4388,29.274
20072,33.440467,29.282
20073,33.442133,29.282
20074,33.4438,29.294
20075,33.445467,29.308
20076,33.447133,29.314
20077,33.4488,29.314
20078,33.450467,29.31
20079,33.452133,29.302
20080,33.4538,29.302
20081,33.45545,29.288
20082,33.457117,29.287
20083,33.458783,29.294
20084,33.46045,29.294
20085,33.462117,29.301
20086,33.463783,29.308
20087,33.46545,29.302
20088,33.467117,29.302
20089,33.468817,29.296
20090,33.47045,29.29
20091,33.472167,29.296
20092,33.473783,29.296
20093,33.4755,29.305
20094,33.477117,29.31
20095,33.478783,29.311
20096,33.48045,29.311
20097,33.482117,29.303
20098,33.483783,29.297
20099,33.48545,29.297
20100,33.487117,29.293
20101,33.48885,29.298
20102,33.49045,29.302
20103,33.492117,29.302
20104,33.493783,29.307
20105,33.49545,29.307
20106,33.497117,29.303
20107,33.498783,29.303
20108,33.50045,29.301
20109,33.502117,29.302
20110,33.503783,29.307
20111,33.50555,29.307
20112,33.507117,29.307
20113,33.508783,29.306
20114,33.51045,29.306
20115,33.512117,29.31
20116,33.513783,29.306
20117,33.51545,29.306
20118,33.5171,29.306
20119,33.518767,29.309
20120,33.520417,29.302
20121,33.522083,29.307
20122,33.52375,29.307
20123,33.525417,29.305
20124,33.527083,29.302
20125,33.52875,29.305
20126,33.530417,29.305
20127,33.532083,29.294
20128,33.53375,29.288
20129,33.535417,29.287
20130,33.537083,29.287
20131,33.53875,29.289
20132,33.540417,29.295
20133,33.542083,29.295
20134,33.54375,29.3
20135,33.545417,29.306
20136,33.547083,29.306
20137,33.54875,29.306
20138,33.55045,29.308
20139,33.552117,29.315
20140,33.55375,29.316
20141,33.555417,29.316
20142,33.557083,29.311
20143,33.55875,29.312
20144,33.560417,29.315
20145,33.562083,29.315
20146,33.56375,29.315
20147,33.565417,29.32
20148,33.567083,29.32
20149,33.56875,29.324
20150,33.570417,29.321
20151,33.572083,29.321
20152,33.57375,29.321
20153,33.575417,29.32
20154,33.577067,29.311
20155,33.578733,29.308
20156,33.5804,29.308
20157,33.582067,29.311
20158,33.583733,29.319
20159,33.5854,29.327
20160,33.587067,29.327
20161,33.58875,29.336
20162,33.5904,29.339
20163,33.592067,29.338
20164,33.593733,29.338
20165,33.5954,29.338
20166,33.597067,29.334
20167,33.598733,29.334
20168,33.6004,29.321
20169,33.602067,29.311
20170,33.603733,29.31
20171,33.6054,29.31
20172,33.607117,29.307
20173,33.608733,29.307
20174,33.6104,29.303
20175,33.612067,29.303
20176,33.613733,29.296
20177,33.6154,29.289
20178,33.617067,29.295
20179,33.618733,29.295
20180,33.6204,29.302
20181,33.622067,29.311
20182,33.6238,29.319
20183,33.6254,29.319
20184,33.627117,29.319
20185,33.628733,29.313
20186,33.6304,29.313
20187,33.632067,29.304
20188,33.633733,29.3
20189,33.635383,29.297
20190,33.63705,29.297
20191,33.638717,29.303
20192,33.6405,29.309
20193,33.64205,29.309
20194,33.643717,29.309
20195,33.645383,29.313
20196,33.64705,29.311
20197,33.648717,29.311
20198,33.650383,29.304
20199,33.65205,29.308
20200,33.653717,29.307
20201,33.655383,29.307
20202,33.65705,29.304
20203,33.658717,29.303
20204,33.660383,29.296
20205,33.66205,29.296
20206,33.663717,29.294
20207,33.665383,29.295
20208,33.66705,29.299
20209,33.668717,29.299
20210,33.670383,29.301
20211,33.67205,29.3
20212,33.673717,29.3
20213,33.675383,29.3
20214,33.67705,29.296
20215,33.678717,29.296
20216,33.680383,29.296
20217,33.68205,29.295
20218,33.683717,29.294
20219,33.685383,29.294
20220,33.68705,29.294
20221,33.688717,29.294
20222,33.690383,29.295
20223,33.69205,29.296
20224,33.693717,29.296
20225,33.695367,29.295
20226,33.697033,29.294
20227,33.698733,29.296
20228,33.700367,29.296
20229,33.702033,29.293
20230,33.7037,29.292
20231,33.705367,29.292
20232,33.707033,29.297
20233,33.7087,29.3
20234,33.710367,29.301
20235,33.712033,29.301
20236,33.7137,29.305
20237,33.715367,29.301
20238,33.717033,29.298
20239,33.7187,29.298
20240,33.720367,29.302
20241,33.722033,29.306
20242,33.7237,29.314
20243,33.7254,29.314
20244,33.727033,29.312
20245,33.7287,29.311
20246,33.730367,29.304
20247,33.732033,29.304
20248,33.7337,29.298
20249,33.735367,29.296
20250,33.737033,29.296
20251,33.7387,29.294
20252,33.740367,29.294
20253,33.742067,29.293
20254,33.7437,29.293
20255,33.745367,29.296
20256,33.747033,29.299
20257,33.7487,29.304
20258,33.750367,29.304
20259,33.752033,29.303
20260,33.7537,29.304
20261,33.755367,29.302
20262,33.757017,29.302
20263,33.758767,29.297
20264,33.76035,29.299
20265,33.762017,29.299
20266,33.763683,29.294
20267,33.76535,29.294
20268,33.767017,29.296
20269,33.768683,29.296
20270,33.77035,29.297
20271,33.772017,29.306
20272,33.773717,29.316
20273,33.775367,29.316
20274,33.777017,29.321
20275,33.778683,29.327
20276,33.78035,29.326
20277,33.782017,29.326
20278,33.783683,29.321
20279,33.78535,29.324
20280,33.787017,29.321
20281,33.788683,29.321
20282,33.79035,29.317
20283,33.792017,29.318
20284,33.793683,29.318
20285,33.79535,29.319
20286,33.797017,29.322
20287,33.798683,29.324
20288,33.80035,29.324
20289,33.802017,29.319
20290,33.803683,29.318
20291,33.80535,29.317
20292,33.807017,29.317
20293,33.808683,29.319
20294,33.81035,29.33
20295,33.812,29.328
20296,33.813667,29.328
20297,33.815333,29.328
20298,33.816983,29.329
20299,33.81865,29.329
20300,33.820317,29.324
20301,33.821983,29.323
20302,33.82365,29.322
20303,33.825317,29.322
20304,33.826983,29.323
20305,33.82865,29.325
20306,33.830317,29.325
20307,33.831983,29.325
20308,33.83365,29.327
20309,33.835317,29.325
20310,33.836983,29.317
20311,33.83865,29.317
20312,33.840317,29.316
20313,33.842,29.313
20314,33.84365,29.313
20315,33.845317,29.309
20316,33.846983,29.314
20317,33.84865,29.321
20318,33.850317,29.321
20319,33.851983,29.325
20320,33.85365,29.331
20321,33.855317,29.325
20322,33.856983,29.325
20323,33.85865,29.32
20324,33.860333,29.321
20325,33.861983,29.324
20326,33.86365,29.324
20327,33.865317,29.325
20328,33.866983,29.317
20329,33.86865,29.309
20330,33.870317,29.309
20331,33.871983,29.297
20332,33.873633,29.294
20333,33.8753,29.294
20334,33.8771,29.301
20335,33.878633,29.305
20336,33.8803,29.314
20337,33.881967,29.314
20338,33.883633,29.324
20339,33.8853,29.326
20340,33.886967,29.332
20341,33.888633,29.332
20342,33.8903,29.332
20343,33.891967,29.33
20344,33.893633,29.329
20345,33.8953,29.329
20346,33.896967,29.322
20347,33.898633,29.322
20348,33.9003,29.322
20349,33.901967,29.322
20350,33.903633,29.322
20351,33.9053,29.323
20352,33.906967,29.323
20353,33.908633,29.325
20354,33.9103,29.324
20355,33.911967,29.324
20356,33.913633,29.324
20357,33.9153,29.326
20358,33.917017,29.329
20359,33.91865,29.328
20360,33.9203,29.328
20361,33.921967,29.327
20362,33.923633,29.319
20363,33.9253,29.306
20364,33.926967,29.306
20365,33.928633,29.302
20366,33.9303,29.296
20367,33.931967,29.296
20368,33.933633,29.296
20369,33.9353,29.296
20370,33.93695,29.295
20371,33.938617,29.295
20372,33.940283,29.294
20373,33.94195,29.293
20374,33.943617,29.294
20375,33.945283,29.294
20376,33.94695,29.298
20377,33.948617,29.299
20378,33.950283,29.296
20379,33.95195,29.296
20380,33.953617,29.301
20381,33.955283,29.297
20382,33.95695,29.297
20383,33.958617,29.297
20384,33.960283,29.302
20385,33.962017,29.296
20386,33.963617,29.296
20387,33.965283,29.297
20388,33.96695,29.298
20389,33.968617,29.301
20390,33.970283,29.301
20391,33.97195,29.301
20392,33.973617,29.305
20393,33.975283,29.304
20394,33.97695,29.304
20395,33.978633,29.301
20396,33.980283,29.306
20397,33.98195,29.305
20398,33.983617,29.305
20399,33.985283,29.31
20400,33.98695,29.307
20401,33.988617,29.307
20402,33.990283,29.303
20403,33.99195,29.297
20404,33.993617,29.286
20405,33.995333,29.286
20406,33.996983,29.287
20407,33.9986,29.285
20408,34.000267,29.286
20409,34.001933,29.286
20410,34.0036,29.296
20411,34.005267,29.297
20412,34.006933,29.298
20413,34.0086,29.298
20414,34.010267,29.303
20415,34.011933,29.303
20416,34.0136,29.303
20417,34.015267,29.304
20418,34.016933,29.305
20419,34.0186,29.301
20420,34.020267,29.301
20421,34.021933,29.302
20422,34.0236,29.306
20423,34.025267,29.306
20424,34.026933,29.306
20425,34.0286,29.309
20426,34.030267,29.302
20427,34.031933,29.297
20428,34.0336,29.297
20429,34.035267,29.304
20430,34.036933,29.308
20431,34.0386,29.312
20432,34.040267,29.312
20433,34.041933,29.316
20434,34.0436,29.309
20435,34.045283,29.309
20436,34.046933,29.308
20437,34.0486,29.313
20438,34.050267,29.316
20439,34.051933,29.316
20440,34.0536,29.322
20441,34.055267,29.318
20442,34.056917,29.313
20443,34.058583,29.313
20444,34.06025,29.307
20445,34.061967,29.299
20446,34.063583,29.296
20447,34.06525,29.296
20448,34.066917,29.297
20449,34.068583,29.298
20450,34.07025,29.298
20451,34.071917,29.296
20452,34.073583,29.292
20453,34.07525,29.288
20454,34.076917,29.288
20455,34.0786,29.286
20456,34.0803,29.291
20457,34.081917,29.3
20458,34.083583,29.3
20459,34.08525,29.3
20460,34.086917,29.297
20461,34.088583,29.286
20462,34.09025,29.286
20463,34.091917,29.279
20464,34.093583,29.278
20465,34.09525,29.278
20466,34.096917,29.279
20467,34.098583,29.285
20468,34.10025,29.287
20469,34.101917,29.287
20470,34.103567,29.29
20471,34.105233,29.298
20472,34.1069,29.305
20473,34.108567,29.305
20474,34.110233,29.31
20475,34.1119,29.316
20476,34.11365,29.317
20477,34.115217,29.317
20478,34.116883,29.317
20479,34.11855,29.312
20480,34.120217,29.304
20481,34.121883,29.304
20482,34.12355,29.3
20483,34.125217,29.302
20484,34.126883,29.302
20485,34.12855,29.301
20486,34.130217,29.303
20487,34.131883,29.297
20488,34.13355,29.297
20489,34.135233,29.289
20490,34.136883,29.289
20491,34.13855,29.284
20492,34.140217,29.284
20493,34.141883,29.286
20494,34.14355,29.288
20495,34.145217,29.293
20496,34.146883,29.293
20497,34.14855,29.296
20498,34.150217,29.296
20499,34.151883,29.296
20500,34.15355,29.297
20501,34.155217,29.296
20502,34.156883,29.302
20503,34.15855,29.302
20504,34.160217,29.306
20505,34.161883,29.312
20506,34.16355,29.308
20507,34.16525,29.308
20508,34.166883,29.306
20509,34.16855,29.31
20510,34.170217,29.308
20511,34.171883,29.308
20512,34.17355,29.308
20513,34.175217,29.313
20514,34.176867,29.312
20515,34.178533,29.312
20516,34.1802,29.314
20517,34.181867,29.32
20518,34.183533,29.32
20519,34.1852,29.315
20520,34.186867,29.312
20521,34.188533,29.314
20522,34.1902,29.314
20523,34.191867,29.306
20524,34.193533,29.305
20525,34.1952,29.301
20526,34.196867,29.301
20527,34.1986,29.302
20528,34.2002,29.303
20529,34.2019,29.311
20530,34.203533,29.311
20531,34.2052,29.318
20532,34.206867,29.315
20533,34.208533,29.315
20534,34.2102,29.311
20535,34.211867,29.305
20536,34.213533,29.299
20537,34.2152,29.299
20538,34.216867,29.297
20539,34.218533,29.303
20540,34.220217,29.301
20541,34.221867,29.301
20542,34.223533,29.3
20543,34.2252,29.297
20544,34.226867,29.302
20545,34.228533,29.302
20546,34.2302,29.308
20547,34.231917,29.319
20548,34.233533,29.319
20549,34.2352,29.327
20550,34.23685,29.326
20551,34.238517,29.327
20552,34.240183,29.327
20553,34.24185,29.324
20554,34.243517,29.327
20555,34.245183,29.325
20556,34.24685,29.325
20557,34.248517,29.332
20558,34.250183,29.332
20559,34.25185,29.328
20560,34.253517,29.328
20561,34.255183,29.33
20562,34.256867,29.327
20563,34.258517,29.324
20564,34.260183,29.324
20565,34.26185,29.324
20566,34.263517,29.314
20567,34.265183,29.314
20568,34.26685,29.312
20569,34.268517,29.31
20570,34.270183,29.305
20571,34.27185,29.305
20572,34.273517,29.314
20573,34.275183,29.317
20574,34.27685,29.316
20575,34.27855,29.316
20576,34.280183,29.315
20577,34.28185,29.308
20578,34.283517,29.297
20579,34.285183,29.297
20580,34.28685,29.293
20581,34.288517,29.293
20582,34.290183,29.293
20583,34.29185,29.291
20584,34.293517,29.291
20585,34.295167,29.289
20586,34.296833,29.289
20587,34.2985,29.289
20588,34.300167,29.294
20589,34.301833,29.3
20590,34.3035,29.3
20591,34.305167,29.303
20592,34.306833,29.306
20593,34.3085,29.302
20594,34.310167,29.302
20595,34.311833,29.301
20596,34.3135,29.304
20597,34.315167,29.304
20598,34.316833,29.304
20599,34.3185,29.31
20600,34.320167,29.313
20601,34.321833,29.313
20602,34.3235,29.311
20603,34.325167,29.315
20604,34.326833,29.315
20605,34.3285,29.315
20606,34.330167,29.316
20607,34.331833,29.318
20608,34.333617,29.31
20609,34.335167,29.31
20610,34.336833,29.304
20611,34.3385,29.294
20612,34.340167,29.289
20613,34.341833,29.289
20614,34.3435,29.289
20615,34.345167,29.291
20616,34.346833,29.291
20617,34.3485,29.297
20618,34.350183,29.296
20619,34.351833,29.302
20620,34.3535,29.302
20621,34.35515,29.304
20622,34.356817,29.304
20623,34.358483,29.301
20624,34.36015,29.301
20625,34.361817,29.301
20626,34.363483,29.297
20627,34.36515,29.295
20628,34.36695,29.295
20629,34.368483,29.299
20630,34.37015,29.294
20631,34.371817,29.293
20632,34.373483,29.293
20633,34.37515,29.293
20634,34.376817,29.295
20635,34.378483,29.295
20636,34.38015,29.297
20637,34.381817,29.295
20638,34.383483,29.296
20639,34.38515,29.296
20640,34.386817,29.297
20641,34.388483,29.294
20642,34.39015,29.3
20643,34.391817,29.3
20644,34.393467,29.296
20645,34.39515,29.299
20646,34.3968,29.301
20647,34.398467,29.301
20648,34.400133,29.297
20649,34.4018,29.302
20650,34.403467,29.302
20651,34.405133,29.298
20652,34.4068,29.298
20653,34.408467,29.299
20654,34.410133,29.299
20655,34.4118,29.295
20656,34.41345,29.285
20657,34.415133,29.283
20658,34.416817,29.283
20659,34.41845,29.285
20660,34.420117,29.281
20661,34.421783,29.281
20662,34.42345,29.281
20663,34.425117,29.275
20664,34.4268,29.271
20665,34.428517,29.268
20666,34.430117,29.268
20667,34.431783,29.278
20668,34.43345,29.291
20669,34.435117,29.291
20670,34.436783,29.294
20671,34.43845,29.297
20672,34.440117,29.297
20673,34.441783,29.297
20674,34.44345,29.288
20675,34.445117,29.288
20676,34.446783,29.288
20677,34.44845,29.288
20678,34.450117,29.286
20679,34.451883,29.285
20680,34.45345,29.293
20681,34.455117,29.293
20682,34.456783,29.296
20683,34.45845,29.297
20684,34.460117,29.297
20685,34.461783,29.3
20686,34.46345,29.3
20687,34.465117,29.302
20688,34.466783,29.302
20689,34.46855,29.301
20690,34.470117,29.3
20691,34.471783,29.294
20692,34.47345,29.294
20693,34.475117,29.292
20694,34.476767,29.292
20695,34.478433,29.289
20696,34.4801,29.289
20697,34.481767,29.29
20698,34.483433,29.297
20699,34.485183,29.299
20700,34.486767,29.299
20701,34.488433,29.306
20702,34.4901,29.31
20703,34.491767,29.31
20704,34.493433,29.308
20705,34.4951,29.307
20706,34.496767,29.305
20707,34.498433,29.305
20708,34.5001,29.302
20709,34.501767,29.299
20710,34.50345,29.304
20711,34.5051,29.304
20712,34.506817,29.304
20713,34.508433,29.3
20714,34.5101,29.299
20715,34.511767,29.299
20716,34.513433,29.292
20717,34.5151,29.291
20718,34.516767,29.291
20719,34.518433,29.296
20720,34.5201,29.299
20721,34.521767,29.303
20722,34.523433,29.303
20723,34.5251,29.301
20724,34.526767,29.306
20725,34.528433,29.303
20726,34.5301,29.303
20727,34.531767,29.301
20728,34.533433,29.309
20729,34.5351,29.311
20730,34.53675,29.311
20731,34.538417,29.316
20732,34.540083,29.319
20733,34.54175,29.319
20734,34.543417,29.312
20735,34.545083,29.304
20736,34.54675,29.297
20737,34.548417,29.297
20738,34.550083,29.293
20739,34.55175,29.295
20740,34.553417,29.296
20741,34.555083,29.296
20742,34.55675,29.289
20743,34.558417,29.29
20744,34.560083,29.288
20745,34.56175,29.288
20746,34.563417,29.292
20747,34.565083,29.297
20748,34.56675,29.293
20749,34.568417,29.293
20750,34.57015,29.287
20751,34.57175,29.28
20752,34.573417,29.28
20753,34.575083,29.278
20754,34.576783,29.285
20755,34.578483,29.289
20756,34.580083,29.289
20757,34.58175,29.292
20758,34.583417,29.303
20759,34.585083,29.299
20760,34.5868,29.299
20761,34.588417,29.302
20762,34.590083,29.305
20763,34.59175,29.3
20764,34.593417,29.3
20765,34.595083,29.3
20766,34.596733,29.296
20767,34.5984,29.296
20768,34.600067,29.29
20769,34.601733,29.288
20770,34.603517,29.291
20771,34.605067,29.291
20772,34.606733,29.292
20773,34.6084,29.287
20774,34.610067,29.292
20775,34.611733,29.292
20776,34.6134,29.289
20777,34.615067,29.288
20778,34.616733,29.301
20779,34.6184,29.301
20780,34.620067,29.303
20781,34.621733,29.309
20782,34.623417,29.31
20783,34.625067,29.31
20784,34.626733,29.305
20785,34.6284,29.293
20786,34.630067,29.293
20787,34.631733,29.29
20788,34.6334,29.297
20789,34.635067,29.301
20790,34.636733,29.301
20791,34.6384,29.304
20792,34.640067,29.301
20793,34.641733,29.299
20794,34.6434,29.299
20795,34.645067,29.288
20796,34.646733,29.288
20797,34.648433,29.288
20798,34.650067,29.288
20799,34.651733,29.279
20800,34.6534,29.283
20801,34.655067,29.283
20802,34.656767,29.291
20803,34.658383,29.296
20804,34.66005,29.303
20805,34.661717,29.303
20806,34.663383,29.305
20807,34.66505,29.301
20808,34.666717,29.298
20809,34.668383,29.298
20810,34.67005,29.303
20811,34.671717,29.309
20812,34.673383,29.317
20813,34.67505,29.317
20814,34.676717,29.314
20815,34.678383,29.308
20816,34.68005,29.308
20817,34.681717,29.306
20818,34.683383,29.301
20819,34.685033,29.304
20820,34.6867,29.304
20821,34.6884,29.31
20822,34.690033,29.304
20823,34.6917,29.309
20824,34.693367,29.309
20825,34.695033,29.311
20826,34.6967,29.305
20827,34.698367,29.299
20828,34.700033,29.299
20829,34.7017,29.291
20830,34.703367,29.286
20831,34.70505,29.287
20832,34.7067,29.287
20833,34.708367,29.295
20834,34.710033,29.298
20835,34.7117,29.298
20836,34.713367,29.288
20837,34.715017,29.286
20838,34.716683,29.282
20839,34.71835,29.282
20840,34.720017,29.272
20841,34.7218,29.284
20842,34.72335,29.285
20843,34.725017,29.285
20844,34.72675,29.287
20845,34.72835,29.296
20846,34.730017,29.289
20847,34.731683,29.289
20848,34.73335,29.284
20849,34.735017,29.283
20850,34.736683,29.283
20851,34.73835,29.276
20852,34.740017,29.283
20853,34.741683,29.29
20854,34.74335,29.29
20855,34.745017,29.287
20856,34.746717,29.298
20857,34.74835,29.29
20858,34.750017,29.29
20859,34.751683,29.284
20860,34.75335,29.285
20861,34.755017,29.274
20862,34.756683,29.274
20863,34.75835,29.281
20864,34.760017,29.284
20865,34.761683,29.291
20866,34.76335,29.291
20867,34.765017,29.299
20868,34.766683,29.296
20869,34.76835,29.296
20870,34.770017,29.291
20871,34.771683,29.285
20872,34.77335,29.28
20873,34.775017,29.28
20874,34.776667,29.283
20875,34.778333,29.291
20876,34.78,29.289
20877,34.781667,29.289
20878,34.783333,29.293
20879,34.785,29.291
20880,34.786667,29.289
20881,34.788333,29.289
20882,34.79,29.287
20883,34.791683,29.284
20884,34.793383,29.284
20885,34.795,29.286
20886,34.796667,29.287
20887,34.79835,29.285
20888,34.8,29.285
20889,34.801667,29.28
20890,34.803333,29.281
20891,34.805,29.273
20892,34.8067,29.273
20893,34.808333,29.279
20894,34.81,29.287
20895,34.811667,29.284
20896,34.813333,29.284
20897,34.815,29.288
20898,34.816667,29.284
20899,34.818333,29.279
20900,34.82,29.279
20901,34.821667,29.281
20902,34.823367,29.283
20903,34.825,29.283
20904,34.826667,29.293
20905,34.828333,29.297
20906,34.83,29.303
20907,34.8317,29.303
20908,34.833333,29.306
20909,34.835,29.305
20910,34.83665,29.308
20911,34.838317,29.308
20912,34.8401,29.301
20913,34.84165,29.301
20914,34.843317,29.299
20915,34.844983,29.299
20916,34.84665,29.296
20917,34.848317,29.307
20918,34.849983,29.307
20919,34.85165,29.307
20920,34.853317,29.313
20921,34.854983,29.307
20922,34.85665,29.307
20923,34.858317,29.301
20924,34.859983,29.301
20925,34.86165,29.301
20926,34.863317,29.301
20927,34.864983,29.311
20928,34.86665,29.315
20929,34.868317,29.317
20930,34.870017,29.317
20931,34.87165,29.311
20932,34.873317,29.307
20933,34.874983,29.307
20934,34.87665,29.306
20935,34.878317,29.309
20936,34.879983,29.307
20937,34.88165,29.307
20938,34.883317,29.316
20939,34.884983,29.312
20940,34.88665,29.307
20941,34.888317,29.307
20942,34.889983,29.31
20943,34.89165,29.302
20944,34.893317,29.307
20945,34.894967,29.307
20946,34.896633,29.306
20947,34.8983,29.31
20948,34.899967,29.313
20949,34.901633,29.313
20950,34.9033,29.304
20951,34.904967,29.302
20952,34.906633,29.302
20953,34.9083,29.295
20954,34.909967,29.289
20955,34.911633,29.29
20956,34.913317,29.29
20957,34.914967,29.293
20958,34.916633,29.294
20959,34.9183,29.292
20960,34.919967,29.292
20961,34.921633,29.296
20962,34.9233,29.298
20963,34.925033,29.298
20964,34.926633,29.298
20965,34.9283,29.304
20966,34.929967,29.305
20967,34.931633,29.305
20968,34.9333,29.304
20969,34.934967,29.303
20970,34.936633,29.3
20971,34.9383,29.3
20972,34.939967,29.304
20973,34.9417,29.31
20974,34.9433,29.311
20975,34.944967,29.311
20976,34.946633,29.31
20977,34.9483,29.312
20978,34.949967,29.31
20979,34.951633,29.31
20980,34.9533,29.313
20981,34.95495,29.321
20982,34.956617,29.314
20983,34.958383,29.314
20984,34.95995,29.306
20985,34.961617,29.304
20986,34.963283,29.304
20987,34.96495,29.3
20988,34.966617,29.298
20989,34.968283,29.306
20990,34.96995,29.306
20991,34.971617,29.31
20992,34.973283,29.311
20993,34.97495,29.311
20994,34.9766,29.311
20995,34.978267,29.308
20996,34.979933,29.308
20997,34.9816,29.312
20998,34.983267,29.312
20999,34.984933,29.32
21000,34.9866,29.319
21001,34.988267,29.319
21002,34.989933,29.314
21003,34.9916,29.31
21004,34.993267,29.308
21005,34.994933,29.308
21006,34.9966,29.309
21007,34.998267,29.309
21008,34.999933,29.301
21009,35.001617,29.301
21010,35.003267,29.297
21011,35.004933,29.295
21012,35.0066,29.3
21013,35.008267,29.3
21014,35.009933,29.306
21015,35.0116,29.309
21016,35.013267,29.309
21017,35.014917,29.315
21018,35.016617,29.322
21019,35.01825,29.328
21020,35.019917,29.328
21021,35.021583,29.324
21022,35.02325,29.317
21023,35.024917,29.312
21024,35.026583,29.312
21025,35.02825,29.302
21026,35.029917,29.301
21027,35.031583,29.303
21028,35.03325,29.303
21029,35.034917,29.3
21030,35.036583,29.3
21031,35.03825,29.301
21032,35.039917,29.301
21033,35.041583,29.296
21034,35.043317,29.286
21035,35.044917,29.286
21036,35.046583,29.293
21037,35.04825,29.298
21038,35.049917,29.303
21039,35.051583,29.303
21040,35.05325,29.31
21041,35.054917,29.302
21042,35.056583,29.298
21043,35.05825,29.298
21044,35.06,29.299
21045,35.0616,29.303
21046,35.06325,29.307
21047,35.064917,29.307
21048,35.066583,29.31
21049,35.06825,29.306
21050,35.069917,29.306
21051,35.071583,29.3
21052,35.07325,29.298
21053,35.074917,29.295
21054,35.076683,29.295
21055,35.078233,29.3
21056,35.0799,29.307
21057,35.081567,29.306
21058,35.083233,29.306
21059,35.0849,29.308
21060,35.086567,29.302
21061,35.088233,29.295
21062,35.0899,29.295
21063,35.091583,29.291
21064,35.093333,29.284
21065,35.0949,29.278
21066,35.096567,29.278
21067,35.098233,29.27
21068,35.0999,29.273
21069,35.101567,29.273
21070,35.103233,29.277
21071,35.1049,29.291
21072,35.106567,29.302
21073,35.108233,29.302
21074,35.1099,29.306
21075,35.111567,29.297
21076,35.113233,29.289
21077,35.1149,29.289
21078,35.116567,29.286
21079,35.118233,29.278
21080,35.1199,29.286
21081,35.121567,29.286
21082,35.123233,29.286
21083,35.1249,29.286
21084,35.126567,29.286
21085,35.128233,29.299
21086,35.1299,29.303
21087,35.131567,29.308
21088,35.133233,29.308
21089,35.1349,29.309
21090,35.13655,29.313
21091,35.138217,29.312
21092,35.139883,29.312
21093,35.14155,29.308
21094,35.143217,29.306
21095,35.144883,29.297
21096,35.14655,29.297
21097,35.148217,29.308
21098,35.149883,29.318
21099,35.15155,29.326
21100,35.153217,29.326
21101,35.154883,29.333
21102,35.15655,29.325
21103,35.15825,29.325
21104,35.159883,29.321
21105,35.161617,29.318
21106,35.163217,29.318
21107,35.164883,29.318
21108,35.166583,29.326
21109,35.168217,29.327
21110,35.169883,29.334
21111,35.17155,29.334
21112,35.173217,29.327
21113,35.174883,29.317
21114,35.17655,29.32
21115,35.17825,29.32
21116,35.179883,29.313
21117,35.18155,29.315
21118,35.183217,29.315
21119,35.184883,29.316
21120,35.18655,29.312
21121,35.188217,29.305
21122,35.189883,29.305
21123,35.19155,29.301
21124,35.193217,29.3
21125,35.194933,29.304
21126,35.19655,29.304
21127,35.1982,29.315
21128,35.199867,29.322
21129,35.20155,29.325
21130,35.2032,29.325
21131,35.204867,29.323
21132,35.206533,29.314
21133,35.2082,29.308
21134,35.209867,29.308
21135,35.211533,29.306
21136,35.2132,29.308
21137,35.214867,29.308
21138,35.216533,29.309
21139,35.2182,29.31
21140,35.219867,29.307
21141,35.221533,29.307
21142,35.2232,29.3
21143,35.224867,29.297
21144,35.226533,29.297
21145,35.2282,29.297
21146,35.229867,29.299
21147,35.231533,29.299
21148,35.2332,29.303
21149,35.234867,29.303
21150,35.236583,29.307
21151,35.2382,29.307
21152,35.239867,29.307
21153,35.241533,29.308
21154,35.2432,29.31
21155,35.244867,29.316
21156,35.246533,29.316
21157,35.2482,29.323
21158,35.249867,29.324
21159,35.251533,29.323
21160,35.253233,29.323
21161,35.254867,29.32
21162,35.256517,29.318
21163,35.258183,29.317
21164,35.25985,29.317
21165,35.261517,29.311
21166,35.263183,29.306
21167,35.26485,29.306
21168,35.266517,29.301
21169,35.268167,29.305
21170,35.269833,29.307
21171,35.2715,29.307
21172,35.273167,29.312
21173,35.274833,29.315
21174,35.2765,29.314
21175,35.278167,29.314
21176,35.279867,29.324
21177,35.2815,29.327
21178,35.283167,29.337
21179,35.284833,29.337
21180,35.2865,29.344
21181,35.288167,29.345
21182,35.289833,29.346
21183,35.2915,29.346
21184,35.293167,29.34
21185,35.294833,29.332
21186,35.29655,29.332
21187,35.298167,29.323
21188,35.299833,29.317
21189,35.3015,29.311
21190,35.303167,29.311
21191,35.304833,29.304
21192,35.306517,29.3
21193,35.308167,29.29
21194,35.309833,29.29
21195,35.3115,29.283
21196,35.313267,29.283
21197,35.314833,29.284
21198,35.316483,29.284
21199,35.31815,29.289
21200,35.319817,29.29
21201,35.321483,29.29
21202,35.32315,29.29
21203,35.324817,29.294
21204,35.326483,29.299
21205,35.32815,29.299
21206,35.329933,29.301
21207,35.331483,29.309
21208,35.33315,29.309
21209,35.334817,29.309
21210,35.336483,29.303
21211,35.33815,29.304
21212,35.339817,29.304
21213,35.341483,29.304
21214,35.343183,29.304
21215,35.344817,29.307
21216,35.346483,29.306
21217,35.34815,29.306
21218,35.349817,29.308
21219,35.351483,29.31
21220,35.35315,29.31
21221,35.354817,29.307
21222,35.356483,29.307
21223,35.35815,29.305
21224,35.359817,29.305
21225,35.361483,29.299
21226,35.36315,29.303
21227,35.364817,29.311
21228,35.366483,29.311
21229,35.36815,29.308
21230,35.369817,29.313
21231,35.371483,29.313
21232,35.37315,29.313
21233,35.374817,29.311
21234,35.376483,29.313
21235,35.378133,29.313
21236,35.379817,29.31
21237,35.381517,29.313
21238,35.383133,29.305
21239,35.3848,29.305
21240,35.386467,29.303
21241,35.388133,29.303
21242,35.3898,29.296
21243,35.391467,29.296
21244,35.393133,29.297
21245,35.3948,29.296
21246,35.396467,29.298
21247,35.39815,29.298
21248,35.3998,29.304
21249,35.401467,29.307
21250,35.403133,29.312
21251,35.4048,29.312
21252,35.406467,29.315
21253,35.408133,29.313
21254,35.4098,29.313
21255,35.411467,29.309
21256,35.413133,29.304
21257,35.414867,29.298
21258,35.416467,29.298
21259,35.418133,29.291
21260,35.4198,29.288
21261,35.421483,29.284
21262,35.423133,29.284
21263,35.4248,29.28
21264,35.426467,29.285
21265,35.428133,29.289
21266,35.4298,29.289
21267,35.431517,29.295
21268,35.433133,29.298
21269,35.434783,29.298
21270,35.43645,29.295
21271,35.438117,29.296
21272,35.439783,29.293
21273,35.44145,29.293
21274,35.443117,29.299
21275,35.444783,29.3
21276,35.44645,29.293
21277,35.4482,29.293
21278,35.449783,29.294
21279,35.45145,29.294
21280,35.453117,29.295
21281,35.454783,29.295
21282,35.45645,29.3
21283,35.45815,29.296
21284,35.459783,29.296
21285,35.46145,29.291
21286,35.463117,29.292
21287,35.464783,29.29
21288,35.46645,29.29
21289,35.468117,29.293
21290,35.469783,29.293
21291,35.47145,29.298
21292,35.473117,29.298
21293,35.474783,29.299
21294,35.47645,29.296
21295,35.478117,29.294
21296,35.479783,29.294
21297,35.48145,29.29
21298,35.483117,29.294
21299,35.484783,29.294
21300,35.48645,29.294
21301,35.488117,29.295
21302,35.489783,29.291
21303,35.49145,29.291
21304,35.493117,29.287
21305,35.494783,29.293
21306,35.496433,29.295
21307,35.4981,29.295
21308,35.499767,29.298
21309,35.501433,29.297
21310,35.5031,29.298
21311,35.504767,29.298
21312,35.50645,29.297
21313,35.5081,29.296
21314,35.509767,29.293
21315,35.511433,29.293
21316,35.5131,29.287
21317,35.514767,29.289
21318,35.516433,29.289
21319,35.5181,29.296
21320,35.519767,29.303
21321,35.521433,29.307
21322,35.5231,29.307
21323,35.524767,29.309
21324,35.526467,29.3
21325,35.5281,29.294
21326,35.529767,29.294
21327,35.531433,29.288
21328,35.5331,29.285
21329,35.534767,29.288
21330,35.536433,29.288
21331,35.5381,29.297
21332,35.539767,29.3
21333,35.541433,29.298
21334,35.5431,29.298
21335,35.544767,29.299
21336,35.546433,29.297
21337,35.5481,29.297
21338,35.5498,29.298
21339,35.551433,29.299
21340,35.5531,29.303
21341,35.554767,29.303
21342,35.556417,29.297
21343,35.558083,29.301
21344,35.559733,29.303
21345,35.5614,29.303
21346,35.563067,29.299
21347,35.564733,29.299
21348,35.566517,29.294
21349,35.568067,29.294
21350,35.569733,29.287
21351,35.5714,29.285
21352,35.573067,29.285
21353,35.574733,29.289
21354,35.5764,29.294
21355,35.578067,29.304
21356,35.579733,29.304
21357,35.5814,29.31
21358,35.583067,29.313
21359,35.584733,29.313
21360,35.5864,29.313
21361,35.588067,29.306
21362,35.589733,29.307
21363,35.5914,29.311
21364,35.593067,29.311
21365,35.59475,29.308
21366,35.5964,29.313
21367,35.598067,29.306
21368,35.599733,29.306
21369,35.601417,29.303
21370,35.603067,29.301
21371,35.60475,29.301
21372,35.6064,29.295
21373,35.608067,29.292
21374,35.609733,29.287
21375,35.6114,29.287
21376,35.613067,29.289
21377,35.614733,29.287
21378,35.616383,29.292
21379,35.61805,29.292
21380,35.619717,29.292
21381,35.621383,29.283
21382,35.62305,29.287
21383,35.624717,29.287
21384,35.626383,29.289
21385,35.62805,29.289
21386,35.629717,29.289
21387,35.631383,29.294
21388,35.63305,29.291
21389,35.634717,29.288
21390,35.636383,29.288
21391,35.63805,29.285
21392,35.639717,29.29
21393,35.641383,29.294
21394,35.64305,29.294
21395,35.644717,29.3
21396,35.646383,29.305
21397,35.64805,29.304
21398,35.649717,29.304
21399,35.6514,29.302
21400,35.65305,29.297
21401,35.654717,29.297
21402,35.656383,29.294
21403,35.65805,29.29
21404,35.659717,29.292
21405,35.661383,29.292
21406,35.66305,29.291
21407,35.664717,29.291
21408,35.666383,29.285
21409,35.668117,29.285
21410,35.669717,29.275
21411,35.671383,29.276
21412,35.673083,29.273
21413,35.67475,29.273
21414,35.676367,29.282
21415,35.678033,29.294
21416,35.6797,29.298
21417,35.681367,29.298
21418,35.683033,29.304
21419,35.6848,29.307
21420,35.686367,29.307
21421,35.688033,29.308
21422,35.6897,29.304
21423,35.691367,29.302
21424,35.693033,29.302
21425,35.6947,29.297
21426,35.696367,29.291
21427,35.698033,29.29
21428,35.6997,29.29
21429,35.701367,29.29
21430,35.703033,29.299
21431,35.7047,29.298
21432,35.706367,29.298
21433,35.708033,29.301
21434,35.7097,29.306
21435,35.711367,29.306
21436,35.713033,29.297
21437,35.7147,29.296
21438,35.716367,29.289
21439,35.718033,29.289
21440,35.7197,29.278
21441,35.721367,29.28
21442,35.723033,29.282
21443,35.7247,29.282
21444,35.726367,29.288
21445,35.728033,29.292
21446,35.7297,29.296
21447,35.731367,29.296
21448,35.733033,29.295
21449,35.7347,29.296
21450,35.73635,29.295
21451,35.738017,29.295
21452,35.739683,29.291
21453,35.74135,29.297
21454,35.743017,29.297
21455,35.744683,29.302
21456,35.746367,29.308
21457,35.748017,29.303
21458,35.749683,29.303
21459,35.75135,29.296
21460,35.753017,29.29
21461,35.754683,29.283
21462,35.75635,29.283
21463,35.758017,29.284
21464,35.759683,29.28
21465,35.76135,29.279
21466,35.763017,29.279
21467,35.764683,29.274
21468,35.76635,29.276
21469,35.768017,29.276
21470,35.76975,29.279
21471,35.77135,29.28
21472,35.773017,29.285
21473,35.774683,29.285
21474,35.77635,29.291
21475,35.778017,29.293
21476,35.779683,29.294
21477,35.78135,29.294
21478,35.783017,29.293
21479,35.784683,29.289
21480,35.78635,29.292
21481,35.788017,29.292
21482,35.789683,29.291
21483,35.79135,29.293
21484,35.793017,29.296
21485,35.794683,29.296
21486,35.796333,29.292
21487,35.798,29.292
21488,35.799667,29.292
21489,35.801333,29.288
21490,35.803117,29.283
21491,35.804667,29.285
21492,35.806333,29.285
21493,35.808,29.29
21494,35.809667,29.292
21495,35.811333,29.293
21496,35.813,29.293
21497,35.814667,29.29
21498,35.816333,29.285
21499,35.818,29.29
21500,35.819667,29.29
21501,35.821333,29.298
21502,35.823033,29.305
21503,35.8247,29.305
21504,35.826333,29.311
21505,35.828,29.308
21506,35.829667,29.303
21507,35.831333,29.303
21508,35.833017,29.294
21509,35.834667,29.292
21510,35.836333,29.296
21511,35.838,29.296
21512,35.839667,29.3
21513,35.841333,29.302
21514,35.843,29.299
21515,35.844667,29.299
21516,35.846333,29.297
21517,35.848,29.294
21518,35.849667,29.294
21519,35.851317,29.295
21520,35.852983,29.302
21521,35.854633,29.304
21522,35.8563,29.304
21523,35.857967,29.304
21524,35.859633,29.305
21525,35.8613,29.297
21526,35.862967,29.297
21527,35.864633,29.298
21528,35.8663,29.295
21529,35.867967,29.292
21530,35.869633,29.292
21531,35.8713,29.294
21532,35.872967,29.287
21533,35.874633,29.291
21534,35.8763,29.291
21535,35.877967,29.301
21536,35.879633,29.304
21537,35.8813,29.304
21538,35.882967,29.313
21539,35.884633,29.315
21540,35.8863,29.307
21541,35.887983,29.307
21542,35.889633,29.303
21543,35.8913,29.299
21544,35.892967,29.292
21545,35.894633,29.292
21546,35.8963,29.292
21547,35.898017,29.291
21548,35.899633,29.29
21549,35.9013,29.29
21550,35.902967,29.301
21551,35.904633,29.303
21552,35.9063,29.303
21553,35.907967,29.303
21554,35.909633,29.307
21555,35.9113,29.298
21556,35.912967,29.298
21557,35.914633,29.306
21558,35.916283,29.311
21559,35.91795,29.31
21560,35.919617,29.31
21561,35.9214,29.31
21562,35.92295,29.3
21563,35.924617,29.296
21564,35.926283,29.296
21565,35.92795,29.289
21566,35.929617,29.286
21567,35.931283,29.282
21568,35.93295,29.282
21569,35.934617,29.276
21570,35.936283,29.276
21571,35.93795,29.276
21572,35.939617,29.275
21573,35.941283,29.279
21574,35.94295,29.28
21575,35.944617,29.28
21576,35.946283,29.278
21577,35.94795,29.281
21578,35.949617,29.279
21579,35.951283,29.279
21580,35.95295,29.28
21581,35.954617,29.284
21582,35.956283,29.284
21583,35.95795,29.284
21584,35.959617,29.284
21585,35.961283,29.284
21586,35.96295,29.284
21587,35.964617,29.282
21588,35.966283,29.28
21589,35.967983,29.281
21590,35.969617,29.281
21591,35.971283,29.282
21592,35.97295,29.287
21593,35.974617,29.29
21594,35.976267,29.29
21595,35.977933,29.29
21596,35.9796,29.29
21597,35.981267,29.282
21598,35.982933,29.282
21599,35.9846,29.278
21600,35.986267,29.277
21601,35.987967,29.277
21602,35.9896,29.277
21603,35.991267,29.275
21604,35.992933,29.271
21605,35.9946,29.271
21606,35.996267,29.274
21607,35.997933,29.276
21608,35.9996,29.279
21609,36.001267,29.279
21610,36.002933,29.28
21611,36.0046,29.277
21612,36.0063,29.269
21613,36.00795,29.269
21614,36.0096,29.267
21615,36.011267,29.268
21616,36.012933,29.262
21617,36.0146,29.262
21618,36.016267,29.26
21619,36.017933,29.258
21620,36.0196,29.258
21621,36.021267,29.254
21622,36.022983,29.259
21623,36.0246,29.266
21624,36.026267,29.266
21625,36.027933,29.274
21626,36.0296,29.282
21627,36.031267,29.282
21628,36.032933,29.282
21629,36.0346,29.281
21630,36.03625,29.273
21631,36.037917,29.274
21632,36.039683,29.274
21633,36.04125,29.27
21634,36.04295,29.27
21635,36.044583,29.27
21636,36.04625,29.269
21637,36.047917,29.261
21638,36.049583,29.268
21639,36.05125,29.268
21640,36.052917,29.266
21641,36.054583,29.273
21642,36.05625,29.28
21643,36.057917,29.28
21644,36.059583,29.279
21645,36.06125,29.284
21646,36.062917,29.284
21647,36.064583,29.284
21648,36.06625,29.28
21649,36.067917,29.28
21650,36.069583,29.277
21651,36.07125,29.277
21652,36.072917,29.277
21653,36.074583,29.28
21654,36.076283,29.28
21655,36.077917,29.278
21656,36.079583,29.278
21657,36.08125,29.282
21658,36.082917,29.282
21659,36.084583,29.29
21660,36.08625,29.297
21661,36.087917,29.301
21662,36.089583,29.301
21663,36.09125,29.297
21664,36.092917,29.29
21665,36.094567,29.286
21666,36.096233,29.286
21667,36.0979,29.285
21668,36.099567,29.287
21669,36.101233,29.287
21670,36.1029,29.29
21671,36.104567,29.288
21672,36.106233,29.293
21673,36.1079,29.293
21674,36.109583,29.288
21675,36.111233,29.28
21676,36.1129,29.275
21677,36.114567,29.275
21678,36.116233,29.266
21679,36.1179,29.268
21680,36.119567,29.268
21681,36.121233,29.268
21682,36.1229,29.27
21683,36.124567,29.274
21684,36.126233,29.269
21685,36.1279,29.269
21686,36.129567,29.271
21687,36.131233,29.275
21688,36.1329,29.275
21689,36.134567,29.274
21690,36.136233,29.279
21691,36.1379,29.283
21692,36.139567,29.283
21693,36.141267,29.285
21694,36.142883,29.282
21695,36.14455,29.275
21696,36.146217,29.275
21697,36.147883,29.275
21698,36.14955,29.274
21699,36.151217,29.273
21700,36.152883,29.273
21701,36.15455,29.275
21702,36.1562,29.272
21703,36.157967,29.267
21704,36.159533,29.267
21705,36.1612,29.275
21706,36.162867,29.279
21707,36.164533,29.279
21708,36.1662,29.281
21709,36.167867,29.287
21710,36.169533,29.285
21711,36.1712,29.285
21712,36.172867,29.28
21713,36.174633,29.282
21714,36.1762,29.282
21715,36.177867,29.282
21716,36.179533,29.288
21717,36.1812,29.301
21718,36.182883,29.307
21719,36.184533,29.307
21720,36.186233,29.31
21721,36.187867,29.306
21722,36.189533,29.306
21723,36.1912,29.298
21724,36.192867,29.29
21725,36.194533,29.283
21726,36.1962,29.283
21727,36.197867,29.28
21728,36.199533,29.278
21729,36.2012,29.281
21730,36.202867,29.281
21731,36.204533,29.279
21732,36.2062,29.275
21733,36.207867,29.273
21734,36.209533,29.273
21735,36.2112,29.273
21736,36.21285,29.278
21737,36.214517,29.278
21738,36.216183,29.288
21739,36.21785,29.294
21740,36.219517,29.29
21741,36.221183,29.29
21742,36.22285,29.29
21743,36.224517,29.285
21744,36.226183,29.284
21745,36.22785,29.284
21746,36.229517,29.289
21747,36.231183,29.289
21748,36.23285,29.291
21749,36.234517,29.291
21750,36.236183,29.297
21751,36.23785,29.298
21752,36.23955,29.295
21753,36.241183,29.295
21754,36.24285,29.299
21755,36.244517,29.295
21756,36.246183,29.295
21757,36.24785,29.294
21758,36.249517,29.301
21759,36.251183,29.299
21760,36.25285,29.299
21761,36.254517,29.297
21762,36.256183,29.303
21763,36.25785,29.302
21764,36.259633,29.302
21765,36.261183,29.301
21766,36.26285,29.299
21767,36.264517,29.291
21768,36.266183,29.291
21769,36.26785,29.285
21770,36.269517,29.283
21771,36.271183,29.283
21772,36.27285,29.284
21773,36.274517,29.285
21774,36.276233,29.286
21775,36.277833,29.286
21776,36.2795,29.283
21777,36.281167,29.278
21778,36.282833,29.271
21779,36.2845,29.271
21780,36.286167,29.269
21781,36.287833,29.269
21782,36.2895,29.267
21783,36.291167,29.267
21784,36.29295,29.272
21785,36.2945,29.268
21786,36.296167,29.268
21787,36.297833,29.268
21788,36.2995,29.274
21789,36.301167,29.279
21790,36.302833,29.279
21791,36.3045,29.284
21792,36.306167,29.286
21793,36.307833,29.283
21794,36.3095,29.283
21795,36.311167,29.275
21796,36.312833,29.276
21797,36.3145,29.278
21798,36.316167,29.278
21799,36.317833,29.281
21800,36.3195,29.285
21801,36.321167,29.286
21802,36.322833,29.286
21803,36.3245,29.289
21804,36.326183,29.291
21805,36.327833,29.291
21806,36.3295,29.3
21807,36.331167,29.301
21808,36.33285,29.305
21809,36.3345,29.305
21810,36.33615,29.303
21811,36.337817,29.302
21812,36.339483,29.301
21813,36.34115,29.301
21814,36.342817,29.3
21815,36.344483,29.307
21816,36.34615,29.303
21817,36.347817,29.303
21818,36.349483,29.303
21819,36.35115,29.299
21820,36.352817,29.299
21821,36.354483,29.288
21822,36.35615,29.288
21823,36.357817,29.283
21824,36.359483,29.283
21825,36.36115,29.284
21826,36.362817,29.282
21827,36.364483,29.28
21828,36.36615,29.28
21829,36.367817,29.286
21830,36.369483,29.286
21831,36.37115,29.288
21832,36.372817,29.288
21833,36.374483,29.286
21834,36.37615,29.283
21835,36.377833,29.284
21836,36.379483,29.284
21837,36.38115,29.286
21838,36.382817,29.29
21839,36.384483,29.29
21840,36.38615,29.289
21841,36.387817,29.288
21842,36.389483,29.286
21843,36.39115,29.286
21844,36.392817,29.284
21845,36.394533,29.28
21846,36.396133,29.273
21847,36.3978,29.273
21848,36.399467,29.276
21849,36.401133,29.28
21850,36.4028,29.288
21851,36.404467,29.288
21852,36.406133,29.296
21853,36.407833,29.297
21854,36.409467,29.297
21855,36.41125,29.302
21856,36.4128,29.308
21857,36.414467,29.304
21858,36.416133,29.304
21859,36.4178,29.307
21860,36.419467,29.301
21861,36.421133,29.293
21862,36.4228,29.293
21863,36.424467,29.292
21864,36.426133,29.288
21865,36.4278,29.29
21866,36.429467,29.29
21867,36.431133,29.289
21868,36.432783,29.29
21869,36.43445,29.29
21870,36.436117,29.289
21871,36.437783,29.286
21872,36.43945,29.291
21873,36.441117,29.291
21874,36.442783,29.293
21875,36.44445,29.296
21876,36.446117,29.3
21877,36.447783,29.3
21878,36.44945,29.296
21879,36.451117,29.298
21880,36.452783,29.302
21881,36.45445,29.302
21882,36.4561,29.299
21883,36.457767,29.298
21884,36.459433,29.292
21885,36.4611,29.292
21886,36.462767,29.288
21887,36.464433,29.291
21888,36.4661,29.291
21889,36.467767,29.292
21890,36.469433,29.29
21891,36.4711,29.286
21892,36.472767,29.286
21893,36.474467,29.282
21894,36.4761,29.275
21895,36.477767,29.277
21896,36.479433,29.277
21897,36.481117,29.273
21898,36.482767,29.269
21899,36.484433,29.267
21900,36.4861,29.267
21901,36.487767,29.267
21902,36.489433,29.271
21903,36.4911,29.271
21904,36.492767,29.271
21905,36.494433,29.275
21906,36.4961,29.27
21907,36.497767,29.27
21908,36.499433,29.272
21909,36.5011,29.277
21910,36.502767,29.282
21911,36.504433,29.282
21912,36.5061,29.289
21913,36.507767,29.288
21914,36.509433,29.281
21915,36.5111,29.281
21916,36.512783,29.278
21917,36.514433,29.272
21918,36.516083,29.27
21919,36.51775,29.27
21920,36.519417,29.276
21921,36.521083,29.281
21922,36.52275,29.281
21923,36.524417,29.283
21924,36.526083,29.289
21925,36.52775,29.287
21926,36.529517,29.287
21927,36.531083,29.286
21928,36.53275,29.286
21929,36.534417,29.279
21930,36.536083,29.279
21931,36.53775,29.276
21932,36.539417,29.27
21933,36.541083,29.273
21934,36.54275,29.273
21935,36.544417,29.281
21936,36.546083,29.289
21937,36.54775,29.289
21938,36.549417,29.294
21939,36.551117,29.296
21940,36.55275,29.296
21941,36.554417,29.296
21942,36.556083,29.294
21943,36.55775,29.288
21944,36.559417,29.288
21945,36.561083,29.288
21946,36.56275,29.284
21947,36.564417,29.281
21948,36.566083,29.279
21949,36.56775,29.279
21950,36.569417,29.272
21951,36.571117,29.269
21952,36.57275,29.271
21953,36.574417,29.271
21954,36.576067,29.273
21955,36.577733,29.276
21956,36.5794,29.276
21957,36.581067,29.275
21958,36.582733,29.273
21959,36.5844,29.277
21960,36.586083,29.277
21961,36.587733,29.276
21962,36.5894,29.278
21963,36.591067,29.28
21964,36.592733,29.28
21965,36.5944,29.28
21966,36.596067,29.283
21967,36.597733,29.278
21968,36.5994,29.278
21969,36.601067,29.273
21970,36.602733,29.274
21971,36.6044,29.274
21972,36.606067,29.273
21973,36.607733,29.277
21974,36.6094,29.274
21975,36.611067,29.274
21976,36.612733,29.267
21977,36.614417,29.258
21978,36.616067,29.249
21979,36.617733,29.249
21980,36.6194,29.244
21981,36.621083,29.25
21982,36.622733,29.258
21983,36.6244,29.258
21984,36.626067,29.264
21985,36.627733,29.276
21986,36.6294,29.276
21987,36.631067,29.275
21988,36.632733,29.27
21989,36.6344,29.267
21990,36.63605,29.267
21991,36.637717,29.265
21992,36.639383,29.261
21993,36.64105,29.261
21994,36.642717,29.261
21995,36.644383,29.264
21996,36.64605,29.259
21997,36.647833,29.256
21998,36.649383,29.256
21999,36.65105,29.254
22000,36.652717,29.251
22001,36.654383,29.25
22002,36.65605,29.25
22003,36.657717,29.251
22004,36.659383,29.255
22005,36.661067,29.255
22006,36.662717,29.256
22007,36.664383,29.258
22008,36.66605,29.257
22009,36.667717,29.257
22010,36.669383,29.252
22011,36.67105,29.245
22012,36.672717,29.242
22013,36.674383,29.242
22014,36.67605,29.244
22015,36.677717,29.243
22016,36.679383,29.241
22017,36.68105,29.241
22018,36.682717,29.237
22019,36.684383,29.238
22020,36.68605,29.238
22021,36.687717,29.238
22022,36.689383,29.242
22023,36.69105,29.251
22024,36.692717,29.251
22025,36.694383,29.255
22026,36.696033,29.256
22027,36.6977,29.259
22028,36.699383,29.259
22029,36.701083,29.255
22030,36.7027,29.253
22031,36.704367,29.259
22032,36.706033,29.259
22033,36.7077,29.258
22034,36.709367,29.261
22035,36.711033,29.251
22036,36.7127,29.251
22037,36.714367,29.241
22038,36.716033,29.235
22039,36.7177,29.235
22040,36.719367,29.226
22041,36.721033,29.235
22042,36.7227,29.242
22043,36.72435,29.242
22044,36.726017,29.249
22045,36.727683,29.256
22046,36.72935,29.256
22047,36.731017,29.256
22048,36.73275,29.252
22049,36.73435,29.248
22050,36.73605,29.239
22051,36.737683,29.239
22052,36.73935,29.231
22053,36.741017,29.231
22054,36.742683,29.231
22055,36.74435,29.238
22056,36.746017,29.246
22057,36.747683,29.248
22058,36.74935,29.248
22059,36.751017,29.245
22060,36.752683,29.244
22061,36.75435,29.245
22062,36.756,29.245
22063,36.757667,29.248
22064,36.759333,29.256
22065,36.761017,29.251
22066,36.762667,29.251
22067,36.764333,29.254
22068,36.766,29.255
22069,36.767667,29.25
22070,36.769333,29.25
22071,36.771,29.253
22072,36.772667,29.248
22073,36.77435,29.248
22074,36.776033,29.247
22075,36.777667,29.248
22076,36.779333,29.249
22077,36.781,29.249
22078,36.782667,29.251
22079,36.784333,29.254
22080,36.786,29.254
22081,36.787667,29.254
22082,36.789333,29.252
22083,36.791,29.252
22084,36.792667,29.252
22085,36.794333,29.252
22086,36.796,29.256
22087,36.797667,29.255
22088,36.799333,29.255
22089,36.801,29.256
22090,36.802667,29.255
22091,36.804333,29.253
22092,36.806,29.253
22093,36.807667,29.255
22094,36.809333,29.256
22095,36.811,29.256
22096,36.812667,29.256
22097,36.814333,29.257
22098,36.815983,29.259
22099,36.81765,29.254
22100,36.819317,29.254
22101,36.821,29.254
22102,36.8227,29.251
22103,36.824317,29.251
22104,36.825983,29.245
22105,36.82765,29.247
22106,36.829317,29.245
22107,36.830983,29.245
22108,36.83265,29.25
22109,36.834317,29.251
22110,36.835983,29.251
22111,36.83765,29.251
22112,36.839333,29.258
22113,36.840983,29.253
22114,36.84265,29.253
22115,36.844317,29.253
22116,36.845983,29.254
22117,36.84765,29.251
22118,36.849317,29.251
22119,36.851,29.251
22120,36.85265,29.255
22121,36.854317,29.255
22122,36.855983,29.255
22123,36.85765,29.256
22124,36.859317,29.257
22125,36.860983,29.253
22126,36.86265,29.253
22127,36.864317,29.246
22128,36.865983,29.243
22129,36.86765,29.247
22130,36.869317,29.247
22131,36.870983,29.246
22132,36.87265,29.253
22133,36.874317,29.252
22134,36.875967,29.252
22135,36.877633,29.246
22136,36.8793,29.245
22137,36.880967,29.245
22138,36.882633,29.244
22139,36.8844,29.245
22140,36.885967,29.248
22141,36.887633,29.248
22142,36.8893,29.249
22143,36.890967,29.248
22144,36.892633,29.243
22145,36.8943,29.243
22146,36.895967,29.247
22147,36.897633,29.246
22148,36.8993,29.247
22149,36.900967,29.247
22150,36.902633,29.257
22151,36.9043,29.254
22152,36.905967,29.255
22153,36.907633,29.255
22154,36.9093,29.255
22155,36.910967,29.255
22156,36.91265,29.255
22157,36.9143,29.253
22158,36.915967,29.254
22159,36.917633,29.257
22160,36.919317,29.257
22161,36.920967,29.253
22162,36.922633,29.252
22163,36.9243,29.245
22164,36.925967,29.245
22165,36.927633,29.236
22166,36.9293,29.232
22167,36.930967,29.233
22168,36.932633,29.233
22169,36.9343,29.239
22170,36.935967,29.242
22171,36.937617,29.242
22172,36.939283,29.241
22173,36.94095,29.233
22174,36.942617,29.23
22175,36.944283,29.23
22176,36.94595,29.23
22177,36.947617,29.232
22178,36.949283,29.235
22179,36.95095,29.235
22180,36.952617,29.232
22181,36.954283,29.234
22182,36.95595,29.238
22183,36.957617,29.238
22184,36.959283,29.241
22185,36.96095,29.253
22186,36.962617,29.259
22187,36.964283,29.259
22188,36.96595,29.256
22189,36.967617,29.259
22190,36.969317,29.259
22191,36.97095,29.255
22192,36.972617,29.251
22193,36.974283,29.251
22194,36.97595,29.251
22195,36.977617,29.251
22196,36.979283,29.248
22197,36.98095,29.244
22198,36.982617,29.244
22199,36.984283,29.239
22200,36.986017,29.232
22201,36.987617,29.227
22202,36.989283,29.227
22203,36.990983,29.231
22204,36.99265,29.233
22205,36.994267,29.233
22206,36.995933,29.232
22207,36.9976,29.233
22208,36.999267,29.23
22209,37.000933,29.23
22210,37.0027,29.225
22211,37.004267,29.224
22212,37.005933,29.22
22213,37.0076,29.22
22214,37.009267,29.215
22215,37.010933,29.217
22216,37.0126,29.226
22217,37.014267,29.226
22218,37.015917,29.226
22219,37.017583,29.232
22220,37.01925,29.232
22221,37.020917,29.238
22222,37.022583,29.235
22223,37.02425,29.235
22224,37.025917,29.235
22225,37.027583,29.23
22226,37.02925,29.223
22227,37.030917,29.22
22228,37.032583,29.22
22229,37.03425,29.223
22230,37.035917,29.229
22231,37.037583,29.232
22232,37.03925,29.232
22233,37.040917,29.231
22234,37.042583,29.234
22235,37.04425,29.233
22236,37.045917,29.233
22237,37.047583,29.239
22238,37.04925,29.248
22239,37.050917,29.248
22240,37.052583,29.25
22241,37.054233,29.249
22242,37.0559,29.249
22243,37.057567,29.249
22244,37.059233,29.247
22245,37.0609,29.241
22246,37.062617,29.245
22247,37.064283,29.245
22248,37.065983,29.245
22249,37.067567,29.242
22250,37.069233,29.247
22251,37.0709,29.247
22252,37.072567,29.246
22253,37.074233,29.248
22254,37.0759,29.248
22255,37.077567,29.249
22256,37.079233,29.245
22257,37.0809,29.25
22258,37.082567,29.25
22259,37.084233,29.249
22260,37.0859,29.249
22261,37.087567,29.254
22262,37.089233,29.254
22263,37.0909,29.249
22264,37.092567,29.251
22265,37.094233,29.256
22266,37.0959,29.256
22267,37.097567,29.256
22268,37.099233,29.259
22269,37.1009,29.259
22270,37.102567,29.259
22271,37.1043,29.262
22272,37.1059,29.263
22273,37.107567,29.263
22274,37.109233,29.262
22275,37.1109,29.263
22276,37.112567,29.262
22277,37.114233,29.262
22278,37.115883,29.26
22279,37.11755,29.259
22280,37.119217,29.258
22281,37.120967,29.258
22282,37.12255,29.253
22283,37.124217,29.257
22284,37.125883,29.258
22285,37.12755,29.258
22286,37.129217,29.265
22287,37.130883,29.267
22288,37.13255,29.267
22289,37.134217,29.272
22290,37.135883,29.277
22291,37.13765,29.274
22292,37.139233,29.274
22293,37.1409,29.282
22294,37.14255,29.278
22295,37.144217,29.277
22296,37.145883,29.277
22297,37.14755,29.272
22298,37.149217,29.267
22299,37.150883,29.269
22300,37.15255,29.269
22301,37.154217,29.263
22302,37.155883,29.263
22303,37.15755,29.257
22304,37.159217,29.257
22305,37.160883,29.251
22306,37.16255,29.253
22307,37.164217,29.253
22308,37.165883,29.258
22309,37.16755,29.261
22310,37.169217,29.262
22311,37.170883,29.262
22312,37.17255,29.258
22313,37.174217,29.259
22314,37.175867,29.265
22315,37.177533,29.265
22316,37.1792,29.265
22317,37.180867,29.267
22318,37.182533,29.263
22319,37.1842,29.263
22320,37.185867,29.253
22321,37.187533,29.252
22322,37.1892,29.252
22323,37.190867,29.253
22324,37.192533,29.249
22325,37.1942,29.248
22326,37.195867,29.248
22327,37.197533,29.249
22328,37.1992,29.248
22329,37.200867,29.251
22330,37.202533,29.251
22331,37.204217,29.257
22332,37.205917,29.256
22333,37.207533,29.265
22334,37.2092,29.265
22335,37.210867,29.272
22336,37.212533,29.278
22337,37.2142,29.28
22338,37.215867,29.28
22339,37.21755,29.278
22340,37.2192,29.279
22341,37.220867,29.279
22342,37.222567,29.272
22343,37.2242,29.271
22344,37.225867,29.265
22345,37.227533,29.265
22346,37.2292,29.257
22347,37.230867,29.261
22348,37.232533,29.261
22349,37.2342,29.261
22350,37.23585,29.267
22351,37.237517,29.275
22352,37.239233,29.276
22353,37.24085,29.276
22354,37.242517,29.275
22355,37.244183,29.273
22356,37.24585,29.273
22357,37.247517,29.266
22358,37.249183,29.263
22359,37.25085,29.27
22360,37.252517,29.27
22361,37.254183,29.267
22362,37.25595,29.271
22363,37.257517,29.276
22364,37.259183,29.276
22365,37.26085,29.279
22366,37.262517,29.285
22367,37.264183,29.286
22368,37.26585,29.286
22369,37.267517,29.289
22370,37.269183,29.28
22371,37.27085,29.28
22372,37.272517,29.275
22373,37.274183,29.279
22374,37.27585,29.276
22375,37.277517,29.276
22376,37.279183,29.28
22377,37.28085,29.287
22378,37.282517,29.279
22379,37.284183,29.279
22380,37.285883,29.277
22381,37.287517,29.28
22382,37.289183,29.279
22383,37.29085,29.279
22384,37.292517,29.283
22385,37.294167,29.289
22386,37.295833,29.287
22387,37.2975,29.287
22388,37.299167,29.287
22389,37.300833,29.293
22390,37.3025,29.293
22391,37.304167,29.291
22392,37.305833,29.293
22393,37.307483,29.291
22394,37.30915,29.291
22395,37.310817,29.286
22396,37.312483,29.29
22397,37.31415,29.295
22398,37.315817,29.295
22399,37.317483,29.302
22400,37.31915,29.301
22401,37.320817,29.294
22402,37.322483,29.294
22403,37.32415,29.284
22404,37.325817,29.279
22405,37.327483,29.279
22406,37.32915,29.277
22407,37.330817,29.281
22408,37.332483,29.287
22409,37.33415,29.287
22410,37.335817,29.285
22411,37.337483,29.289
22412,37.33915,29.288
22413,37.340817,29.288
22414,37.342483,29.282
22415,37.34415,29.278
22416,37.345817,29.276
22417,37.347483,29.276
22418,37.349183,29.274
22419,37.350833,29.277
22420,37.352483,29.282
22421,37.35415,29.282
22422,37.3558,29.278
22423,37.357517,29.278
22424,37.359133,29.278
22425,37.3608,29.276
22426,37.362467,29.275
22427,37.364133,29.278
22428,37.3658,29.278
22429,37.367467,29.28
22430,37.369133,29.279
22431,37.3708,29.28
22432,37.372467,29.28
22433,37.37425,29.273
22434,37.3758,29.265
22435,37.377467,29.26
22436,37.379133,29.26
22437,37.3808,29.254
22438,37.382467,29.26
22439,37.384133,29.26
22440,37.3858,29.265
22441,37.387467,29.269
22442,37.389133,29.268
22443,37.3908,29.268
22444,37.392483,29.261
22445,37.394133,29.256
22446,37.3958,29.252
22447,37.397467,29.252
22448,37.399133,29.256
22449,37.4008,29.258
22450,37.402467,29.263
22451,37.404133,29.263
22452,37.4058,29.268
22453,37.407467,29.263
22454,37.409133,29.263
22455,37.4108,29.267
22456,37.412467,29.266
22457,37.414133,29.266
22458,37.415783,29.266
22459,37.41745,29.274
22460,37.419117,29.271
22461,37.420783,29.273
22462,37.42245,29.273
22463,37.424117,29.277
22464,37.425783,29.283
22465,37.427483,29.29
22466,37.429117,29.29
22467,37.430783,29.288
22468,37.43245,29.28
22469,37.434117,29.276
22470,37.435783,29.276
22471,37.43745,29.275
22472,37.439117,29.277
22473,37.440783,29.277
22474,37.44245,29.279
22475,37.444117,29.276
22476,37.445783,29.268
22477,37.44745,29.268
22478,37.449117,29.265
22479,37.450783,29.267
22480,37.45245,29.273
22481,37.454117,29.273
22482,37.455783,29.279
22483,37.45745,29.283
22484,37.459183,29.28
22485,37.460783,29.28
22486,37.46245,29.279
22487,37.464117,29.28
22488,37.465783,29.28
22489,37.46745,29.283
22490,37.469117,29.295
22491,37.470783,29.297
22492,37.47245,29.297
22493,37.474117,29.296
22494,37.475767,29.295
22495,37.477433,29.287
22496,37.4791,29.287
22497,37.480767,29.279
22498,37.482433,29.274
22499,37.4841,29.274
22500,37.485767,29.274
22501,37.487433,29.275
22502,37.4891,29.284
22503,37.490767,29.287
22504,37.49255,29.287
22505,37.4941,29.293
22506,37.495767,29.29
22507,37.497433,29.29
22508,37.4991,29.282
22509,37.500767,29.285
22510,37.502467,29.282
22511,37.504117,29.282
22512,37.505767,29.285
22513,37.507433,29.288
22514,37.5091,29.289
22515,37.510767,29.289
22516,37.512433,29.288
22517,37.5141,29.292
22518,37.515767,29.296
22519,37.517433,29.296
22520,37.5191,29.298
22521,37.520767,29.299
22522,37.522433,29.299
22523,37.5241,29.298
22524,37.525767,29.301
22525,37.527433,29.301
22526,37.5291,29.301
22527,37.530767,29.301
22528,37.532433,29.301
22529,37.5341,29.299
22530,37.53575,29.299
22531,37.537417,29.295
22532,37.539083,29.295
22533,37.54075,29.29
22534,37.542417,29.29
22535,37.544083,29.287
22536,37.54575,29.285
22537,37.547417,29.282
22538,37.549083,29.282
22539,37.55075,29.281
22540,37.552417,29.276
22541,37.554083,29.276
22542,37.55575,29.278
22543,37.557417,29.279
22544,37.559083,29.281
22545,37.56075,29.281
22546,37.562417,29.288
22547,37.564083,29.287
22548,37.56575,29.286
22549,37.567417,29.286
22550,37.569083,29.284
22551,37.570783,29.279
22552,37.572417,29.273
22553,37.574133,29.273
22554,37.57575,29.268
22555,37.577467,29.263
22556,37.579083,29.263
22557,37.58075,29.263
22558,37.582417,29.265
22559,37.584083,29.267
22560,37.58575,29.267
22561,37.587417,29.269
22562,37.589083,29.268
22563,37.59075,29.273
22564,37.592417,29.273
22565,37.594067,29.277
22566,37.595733,29.277
22567,37.5974,29.277
22568,37.59905,29.277
22569,37.600717,29.275
22570,37.602383,29.274
22571,37.60405,29.274
22572,37.605717,29.277
22573,37.607383,29.282
22574,37.60905,29.281
22575,37.61085,29.281
22576,37.612383,29.285
22577,37.61405,29.283
22578,37.615717,29.281
22579,37.617383,29.281
22580,37.61905,29.288
22581,37.620717,29.288
22582,37.622383,29.29
22583,37.62405,29.29
22584,37.625717,29.29
22585,37.627383,29.288
22586,37.62905,29.282
22587,37.630717,29.282
22588,37.632383,29.281
22589,37.63405,29.281
22590,37.635717,29.281
22591,37.637383,29.279
22592,37.63905,29.277
22593,37.640717,29.279
22594,37.642383,29.279
22595,37.64405,29.277
22596,37.645717,29.272
22597,37.647383,29.273
22598,37.64905,29.273
22599,37.65075,29.266
22600,37.652417,29.264
22601,37.65405,29.267
22602,37.6557,29.267
22603,37.657367,29.277
22604,37.659033,29.282
22605,37.6607,29.282
22606,37.662367,29.284
22607,37.664033,29.289
22608,37.6657,29.289
22609,37.667367,29.289
22610,37.669033,29.291
22611,37.6707,29.292
22612,37.672367,29.29
22613,37.674033,29.29
22614,37.6757,29.283
22615,37.677367,29.281
22616,37.679033,29.28
22617,37.6807,29.28
22618,37.682367,29.283
22619,37.684033,29.283
22620,37.6857,29.281
22621,37.687367,29.281
22622,37.689033,29.279
22623,37.6907,29.277
22624,37.692367,29.277
22625,37.694033,29.285
22626,37.69575,29.29
22627,37.697367,29.292
22628,37.699033,29.292
22629,37.7007,29.293
22630,37.702367,29.289
22631,37.704033,29.285
22632,37.7057,29.285
22633,37.707367,29.287
22634,37.709033,29.284
22635,37.7107,29.276
22636,37.71235,29.276
22637,37.714033,29.276
22638,37.715683,29.271
22639,37.71735,29.271
22640,37.719017,29.271
22641,37.720683,29.276
22642,37.722367,29.277
22643,37.72405,29.277
22644,37.725783,29.271
22645,37.72735,29.271
22646,37.729117,29.271
22647,37.730683,29.271
22648,37.73235,29.266
22649,37.734017,29.27
22650,37.735683,29.268
22651,37.73735,29.268
22652,37.739017,29.269
22653,37.740683,29.276
22654,37.74235,29.281
22655,37.744017,29.281
22656,37.745683,29.287
22657,37.74735,29.29
22658,37.749017,29.29
22659,37.750683,29.29
22660,37.75235,29.291
22661,37.754017,29.288
22662,37.755683,29.288
22663,37.75735,29.286
22664,37.759017,29.29
22665,37.760683,29.289
22666,37.76235,29.289
22667,37.764017,29.293
22668,37.765683,29.289
22669,37.76735,29.284
22670,37.769017,29.284
22671,37.770683,29.283
22672,37.77235,29.283
22673,37.774017,29.283
22674,37.775667,29.287
22675,37.777333,29.289
22676,37.779,29.289
22677,37.780667,29.289
22678,37.782333,29.291
22679,37.784,29.287
22680,37.785667,29.282
22681,37.787333,29.282
22682,37.789,29.283
22683,37.790667,29.28
22684,37.792333,29.278
22685,37.794,29.278
22686,37.795733,29.281
22687,37.797333,29.274
22688,37.799,29.274
22689,37.800667,29.274
22690,37.802333,29.273
22691,37.804,29.275
22692,37.805667,29.275
22693,37.807333,29.286
22694,37.809,29.287
22695,37.810667,29.294
22696,37.812333,29.294
22697,37.814017,29.294
22698,37.815667,29.29
22699,37.817333,29.29
22700,37.819,29.29
22701,37.820667,29.296
22702,37.822333,29.295
22703,37.824,29.295
22704,37.825667,29.295
22705,37.827333,29.3
22706,37.829,29.293
22707,37.830783,29.287
22708,37.832333,29.287
22709,37.834,29.278
22710,37.83565,29.273
22711,37.837317,29.273
22712,37.838983,29.276
22713,37.84065,29.278
22714,37.842317,29.285
22715,37.843983,29.285
22716,37.84565,29.283
22717,37.847433,29.283
22718,37.848983,29.282
22719,37.85065,29.282
22720,37.852317,29.278
22721,37.853983,29.279
22722,37.85565,29.279
22723,37.857317,29.277
22724,37.858983,29.28
22725,37.86065,29.283
22726,37.862317,29.283
22727,37.863983,29.283
22728,37.86565,29.279
22729,37.867317,29.277
22730,37.868983,29.277
22731,37.870683,29.279
22732,37.872333,29.279
22733,37.873983,29.286
22734,37.87565,29.286
22735,37.877317,29.296
22736,37.878983,29.293
22737,37.88065,29.29
22738,37.882317,29.29
22739,37.883983,29.286
22740,37.88565,29.276
22741,37.887317,29.276
22742,37.888967,29.272
22743,37.890633,29.273
22744,37.8923,29.275
22745,37.89395,29.275
22746,37.895617,29.284
22747,37.897283,29.294
22748,37.89895,29.295
22749,37.900617,29.295
22750,37.902283,29.299
22751,37.90395,29.291
22752,37.905617,29.287
22753,37.907283,29.287
22754,37.90895,29.289
22755,37.910617,29.284
22756,37.912283,29.284
22757,37.91395,29.279
22758,37.915617,29.273
22759,37.917283,29.265
22760,37.91895,29.265
22761,37.920617,29.265
22762,37.922283,29.269
22763,37.92395,29.275
22764,37.925617,29.275
22765,37.927283,29.276
22766,37.92895,29.27
22767,37.930617,29.269
22768,37.93235,29.269
22769,37.93395,29.266
22770,37.935617,29.264
22771,37.937333,29.263
22772,37.939017,29.263
22773,37.940617,29.263
22774,37.942283,29.267
22775,37.94395,29.267
22776,37.945617,29.275
22777,37.947283,29.277
22778,37.949033,29.274
22779,37.950617,29.274
22780,37.952283,29.265
22781,37.953933,29.265
22782,37.955617,29.263
22783,37.957267,29.263
22784,37.958933,29.271
22785,37.9606,29.276
22786,37.962267,29.274
22787,37.963933,29.274
22788,37.9656,29.275
22789,37.967267,29.273
22790,37.968933,29.273
22791,37.970617,29.274
22792,37.972267,29.276
22793,37.973933,29.278
22794,37.9756,29.278
22795,37.977267,29.279
22796,37.978933,29.28
22797,37.9806,29.276
22798,37.982367,29.276
22799,37.983933,29.277
22800,37.9856,29.276
22801,37.987267,29.275
22802,37.988933,29.275
22803,37.9906,29.278
22804,37.992267,29.279
22805,37.993933,29.274
22806,37.9956,29.274
22807,37.997267,29.273
22808,37.998933,29.277
22809,38.0006,29.277
22810,38.002267,29.279
22811,38.003933,29.279
22812,38.0056,29.277
22813,38.007267,29.277
22814,38.008933,29.275
22815,38.0106,29.276
22816,38.012267,29.279
22817,38.01395,29.279
22818,38.015633,29.285
22819,38.017283,29.281
22820,38.018917,29.276
22821,38.020583,29.276
22822,38.02225,29.279
22823,38.023917,29.276
22824,38.025583,29.276
22825,38.02725,29.286
22826,38.028917,29.294
22827,38.030583,29.297
22828,38.03225,29.297
22829,38.033917,29.293
22830,38.035583,29.279
22831,38.03725,29.272
22832,38.038917,29.272
22833,38.040583,29.265
22834,38.04225,29.269
22835,38.043917,29.276
22836,38.045583,29.276
22837,38.04725,29.277
22838,38.048917,29.28
22839,38.050583,29.28
22840,38.05225,29.284
22841,38.053917,29.281
22842,38.055583,29.275
22843,38.05725,29.275
22844,38.058917,29.269
22845,38.060583,29.258
22846,38.06225,29.261
22847,38.063917,29.261
22848,38.065583,29.263
22849,38.067283,29.268
22850,38.068917,29.269
22851,38.070583,29.269
22852,38.07225,29.267
22853,38.0739,29.268
22854,38.075567,29.266
22855,38.077233,29.266
22856,38.0789,29.264
22857,38.080567,29.257
22858,38.082233,29.257
22859,38.083967,29.255
22860,38.085567,29.252
22861,38.087233,29.253
22862,38.0889,29.253
22863,38.0906,29.257
22864,38.092233,29.265
22865,38.0939,29.27
22866,38.095567,29.27
22867,38.097233,29.274
22868,38.0989,29.277
22869,38.100667,29.277
22870,38.102233,29.277
22871,38.1039,29.282
22872,38.105567,29.287
22873,38.107233,29.287
22874,38.1089,29.282
22875,38.110567,29.276
22876,38.112233,29.265
22877,38.1139,29.265
22878,38.115567,29.264
22879,38.117233,29.271
22880,38.1189,29.278
22881,38.120567,29.278
22882,38.122233,29.289
22883,38.1239,29.291
22884,38.125567,29.293
22885,38.127233,29.293
22886,38.1289,29.292
22887,38.130567,29.291
22888,38.132233,29.288
22889,38.133883,29.288
22890,38.13555,29.286
22891,38.137217,29.284
22892,38.138883,29.284
22893,38.14055,29.28
22894,38.142217,29.28
22895,38.143883,29.279
22896,38.14555,29.279
22897,38.147217,29.279
22898,38.148883,29.279
22899,38.15055,29.274
22900,38.152217,29.274
22901,38.153883,29.27
22902,38.155583,29.27
22903,38.157217,29.267
22904,38.158883,29.267
22905,38.16055,29.262
22906,38.162217,29.264
22907,38.1639,29.264
22908,38.165583,29.26
22909,38.167217,29.258
22910,38.168883,29.258
22911,38.17055,29.258
22912,38.172217,29.256
22913,38.173883,29.26
22914,38.17555,29.266
22915,38.177217,29.266
22916,38.178883,29.27
22917,38.180533,29.275
22918,38.1822,29.273
22919,38.183867,29.273
22920,38.18555,29.272
22921,38.1872,29.269
22922,38.188867,29.269
22923,38.190533,29.267
22924,38.1922,29.272
22925,38.193867,29.266
22926,38.195517,29.266
22927,38.197183,29.266
22928,38.19885,29.267
22929,38.200517,29.257
22930,38.2022,29.257
22931,38.20385,29.258
22932,38.205517,29.257
22933,38.207183,29.252
22934,38.20885,29.252
22935,38.210517,29.253
22936,38.212183,29.26
22937,38.21385,29.267
22938,38.215517,29.267
22939,38.217183,29.268
22940,38.218967,29.268
22941,38.220517,29.268
22942,38.222183,29.259
22943,38.22385,29.256
22944,38.225517,29.256
22945,38.227183,29.256
22946,38.22885,29.255
22947,38.230517,29.255
22948,38.2322,29.251
22949,38.23385,29.251
22950,38.235517,29.25
22951,38.237183,29.25
22952,38.23885,29.25
22953,38.240517,29.25
22954,38.242183,29.252
22955,38.24385,29.251
22956,38.245517,29.251
22957,38.247183,29.25
22958,38.24885,29.251
22959,38.250517,29.25
22960,38.252217,29.25
22961,38.25385,29.251
22962,38.2555,29.258
22963,38.257167,29.258
22964,38.258833,29.258
22965,38.2605,29.259
22966,38.262167,29.257
22967,38.263833,29.251
22968,38.2655,29.251
22969,38.267167,29.254
22970,38.268833,29.255
22971,38.2705,29.255
22972,38.272167,29.255
22973,38.273833,29.259
22974,38.2755,29.258
22975,38.277167,29.258
22976,38.278833,29.258
22977,38.2805,29.266
22978,38.282167,29.269
22979,38.283833,29.269
22980,38.2855,29.267
22981,38.287167,29.264
22982,38.288833,29.264
22983,38.2905,29.264
22984,38.292167,29.256
22985,38.293833,29.256
22986,38.2955,29.254
22987,38.297183,29.254
22988,38.298833,29.246
22989,38.3005,29.253
22990,38.302167,29.253
22991,38.3039,29.254
22992,38.3055,29.253
22993,38.307167,29.255
22994,38.308833,29.255
22995,38.3105,29.246
22996,38.312167,29.24
22997,38.313817,29.242
22998,38.315483,29.242
22999,38.31715,29.242
23000,38.318817,29.252
23001,38.320483,29.259
23002,38.32215,29.259
23003,38.323817,29.259
23004,38.325483,29.258
23005,38.32715,29.248
23006,38.328817,29.248
23007,38.330483,29.248
23008,38.33215,29.247
23009,38.333817,29.247
23010,38.335483,29.241
23011,38.33725,29.241
23012,38.338817,29.234
23013,38.340483,29.234
23014,38.34215,29.227
23015,38.343833,29.225
23016,38.345483,29.22
23017,38.34715,29.22
23018,38.348817,29.214
23019,38.350483,29.217
23020,38.35215,29.22
23021,38.353817,29.22
23022,38.355483,29.227
23023,38.35715,29.232
23024,38.358817,29.232
23025,38.360483,29.23
23026,38.36215,29.234
23027,38.363817,29.226
23028,38.365483,29.226
23029,38.36715,29.222
23030,38.368817,29.217
23031,38.370483,29.216
23032,38.37215,29.216
23033,38.373817,29.22
23034,38.375517,29.221
23035,38.377133,29.222
23036,38.3788,29.222
23037,38.380467,29.218
23038,38.382133,29.21
23039,38.3838,29.21
23040,38.385467,29.21
23041,38.387133,29.212
23042,38.3888,29.214
23043,38.390467,29.214
23044,38.392133,29.219
23045,38.3938,29.219
23046,38.395467,29.224
23047,38.397133,29.224
23048,38.3988,29.228
23049,38.400467,29.229
23050,38.402133,29.23
23051,38.4038,29.23
23052,38.405467,29.233
23053,38.407133,29.241
23054,38.4088,29.246
23055,38.410467,29.246
23056,38.412133,29.252
23057,38.4138,29.249
23058,38.415467,29.249
23059,38.417133,29.237
23060,38.4188,29.233
23061,38.420467,29.228
23062,38.422217,29.228
23063,38.4238,29.229
23064,38.425467,29.229
23065,38.427133,29.231
23066,38.4288,29.231
23067,38.430467,29.233
23068,38.432133,29.229
23069,38.4338,29.234
23070,38.43545,29.234
23071,38.437117,29.238
23072,38.438783,29.242
23073,38.44045,29.242
23074,38.442117,29.248
23075,38.443783,29.248
23076,38.44545,29.247
23077,38.447167,29.247
23078,38.448783,29.247
23079,38.45045,29.241
23080,38.452117,29.238
23081,38.453783,29.238
23082,38.45555,29.239
23083,38.457117,29.235
23084,38.458783,29.234
23085,38.46045,29.234
23086,38.462117,29.235
23087,38.463783,29.232
23088,38.46545,29.232
23089,38.467117,29.232
23090,38.468783,29.236
23091,38.47045,29.23
23092,38.4721,29.23
23093,38.473767,29.229
23094,38.475433,29.23
23095,38.4771,29.229
23096,38.478767,29.229
23097,38.480433,29.24
23098,38.4821,29.25
23099,38.483767,29.253
23100,38.485433,29.253
23101,38.4871,29.263
23102,38.488767,29.262
23103,38.490433,29.263
23104,38.4921,29.263
23105,38.493767,29.265
23106,38.495417,29.266
23107,38.497083,29.266
23108,38.49875,29.271
23109,38.500417,29.273
23110,38.502083,29.272
23111,38.50375,29.272
23112,38.505417,29.268
23113,38.507083,29.263
23114,38.50875,29.255
23115,38.510433,29.255
23116,38.512083,29.257
23117,38.51375,29.262
23118,38.515433,29.269
23119,38.517083,29.269
23120,38.51875,29.276
23121,38.520417,29.28
23122,38.522083,29.274
23123,38.52375,29.274
23124,38.525417,29.269
23125,38.527083,29.263
23126,38.52875,29.263
23127,38.530417,29.257
23128,38.532083,29.259
23129,38.53375,29.256
23130,38.535417,29.256
23131,38.537083,29.253
23132,38.53875,29.251
23133,38.540467,29.244
23134,38.542083,29.244
23135,38.54375,29.245
23136,38.545417,29.247
23137,38.547083,29.247
23138,38.54875,29.247
23139,38.550417,29.254
23140,38.552083,29.249
23141,38.553733,29.249
23142,38.5554,29.252
23143,38.557133,29.257
23144,38.558733,29.262
23145,38.5604,29.262
23146,38.562067,29.273
23147,38.563733,29.267
23148,38.5654,29.262
23149,38.567067,29.262
23150,38.568733,29.249
23151,38.5704,29.241
23152,38.572067,29.24
23153,38.57385,29.24
23154,38.5754,29.237
23155,38.577067,29.244
23156,38.578733,29.246
23157,38.5804,29.246
23158,38.582067,29.247
23159,38.583733,29.25
23160,38.5854,29.25
23161,38.587067,29.248
23162,38.588733,29.247
23163,38.5904,29.248
23164,38.592067,29.248
23165,38.59375,29.253
23166,38.5954,29.254
23167,38.59715,29.256
23168,38.598733,29.256
23169,38.6004,29.256
23170,38.602083,29.251
23171,38.603733,29.253
23172,38.6054,29.253
23173,38.607067,29.251
23174,38.608733,29.247
23175,38.6104,29.247
23176,38.612067,29.249
23177,38.613733,29.247
23178,38.615383,29.247
23179,38.61705,29.247
23180,38.618717,29.252
23181,38.620383,29.243
23182,38.62205,29.245
23183,38.623717,29.245
23184,38.625383,29.241
23185,38.62705,29.234
23186,38.628717,29.235
23187,38.630383,29.235
23188,38.63205,29.24
23189,38.633717,29.246
23190,38.635383,29.246
23191,38.63705,29.259
23192,38.638717,29.268
23193,38.640383,29.263
23194,38.64205,29.263
23195,38.643717,29.261
23196,38.645383,29.256
23197,38.64705,29.251
23198,38.648717,29.251
23199,38.650383,29.249
23200,38.65205,29.251
23201,38.653717,29.255
23202,38.655383,29.255
23203,38.65705,29.254
23204,38.658767,29.26
23205,38.6604,29.26
23206,38.66205,29.26
23207,38.663733,29.255
23208,38.665383,29.262
23209,38.66705,29.262
23210,38.668717,29.254
23211,38.670383,29.251
23212,38.67205,29.247
23213,38.673717,29.247
23214,38.675467,29.238
23215,38.677033,29.244
23216,38.6787,29.245
23217,38.680367,29.245
23218,38.682033,29.247
23219,38.6837,29.249
23220,38.685367,29.242
23221,38.687033,29.242
23222,38.6887,29.243
23223,38.690367,29.247
23224,38.692067,29.249
23225,38.6937,29.249
23226,38.695367,29.252
23227,38.697033,29.245
23228,38.6987,29.245
23229,38.700367,29.246
23230,38.702033,29.245
23231,38.7037,29.253
23232,38.705367,29.253
23233,38.707033,29.261
23234,38.708817,29.258
23235,38.710367,29.257
23236,38.712033,29.257
23237,38.7137,29.249
23238,38.715367,29.243
23239,38.717033,29.245
23240,38.7187,29.245
23241,38.720367,29.246
23242,38.722033,29.248
23243,38.7237,29.248
23244,38.725367,29.256
23245,38.727033,29.257
23246,38.7287,29.254
23247,38.730367,29.254
23248,38.732033,29.255
23249,38.7337,29.253
23250,38.73535,29.252
23251,38.737017,29.252
23252,38.738683,29.25
23253,38.7404,29.243
23254,38.742017,29.241
23255,38.743683,29.241
23256,38.74535,29.244
23257,38.747017,29.252
23258,38.748683,29.252
23259,38.75035,29.258
23260,38.752017,29.259
23261,38.7537,29.258
23262,38.75535,29.258
23263,38.757017,29.255
23264,38.758683,29.259
23265,38.76035,29.258
23266,38.762017,29.258
23267,38.763667,29.262
23268,38.765333,29.268
23269,38.767,29.266
23270,38.768667,29.266
23271,38.770333,29.266
23272,38.772,29.261
23273,38.773667,29.254
23274,38.775333,29.254
23275,38.777017,29.254
23276,38.778667,29.261
23277,38.780333,29.261
23278,38.782,29.264
23279,38.783667,29.271
23280,38.785333,29.271
23281,38.787,29.271
23282,38.788667,29.265
23283,38.790333,29.264
23284,38.792,29.263
23285,38.793767,29.263
23286,38.795317,29.263
23287,38.796983,29.26
23288,38.79865,29.259
23289,38.800317,29.259
23290,38.801983,29.252
23291,38.80365,29.251
23292,38.805317,29.251
23293,38.806983,29.252
23294,38.80865,29.252
23295,38.81035,29.251
23296,38.811983,29.251
23297,38.81365,29.249
23298,38.815317,29.25
23299,38.816983,29.255
23300,38.81865,29.255
23301,38.820317,29.261
23302,38.821983,29.26
23303,38.82365,29.255
23304,38.825317,29.255
23305,38.8271,29.25
23306,38.82865,29.247
23307,38.830317,29.247
23308,38.831983,29.246
23309,38.83365,29.248
23310,38.835317,29.247
23311,38.836983,29.247
23312,38.83865,29.245
23313,38.840317,29.242
23314,38.841983,29.247
23315,38.843683,29.247
23316,38.845317,29.244
23317,38.846983,29.238
23318,38.84865,29.237
23319,38.850317,29.237
23320,38.851983,29.226
23321,38.85365,29.222
23322,38.8553,29.221
23323,38.856967,29.221
23324,38.858633,29.219
23325,38.8603,29.218
23326,38.861967,29.218
23327,38.863633,29.219
23328,38.8653,29.217
23329,38.866967,29.223
23330,38.868633,29.223
23331,38.8703,29.228
23332,38.871967,29.225
23333,38.873633,29.226
23334,38.8753,29.226
23335,38.876967,29.221
23336,38.878633,29.217
23337,38.8803,29.222
23338,38.882,29.222
23339,38.883633,29.228
23340,38.8853,29.235
23341,38.886967,29.235
23342,38.888633,29.243
23343,38.8903,29.248
23344,38.891967,29.251
23345,38.893633,29.251
23346,38.8953,29.25
23347,38.896967,29.249
23348,38.898633,29.249
23349,38.9003,29.249
23350,38.901967,29.249
23351,38.903633,29.248
23352,38.9053,29.251
23353,38.906967,29.251
23354,38.908633,29.246
23355,38.9103,29.24
23356,38.912,29.235
23357,38.913617,29.235
23358,38.915283,29.227
23359,38.91695,29.225
23360,38.918617,29.225
23361,38.920283,29.225
23362,38.92195,29.232
23363,38.923633,29.239
23364,38.925317,29.239
23365,38.92695,29.247
23366,38.92865,29.251
23367,38.930283,29.252
23368,38.93195,29.252
23369,38.933617,29.254
23370,38.935283,29.253
23371,38.93695,29.257
23372,38.938617,29.257
23373,38.940283,29.259
23374,38.94195,29.259
23375,38.943617,29.259
23376,38.945383,29.259
23377,38.94695,29.263
23378,38.948617,29.257
23379,38.950283,29.257
23380,38.95195,29.252
23381,38.953617,29.248
23382,38.955283,29.241
23383,38.95695,29.241
23384,38.958617,29.239
23385,38.960317,29.241
23386,38.96195,29.237
23387,38.963617,29.237
23388,38.965283,29.23
23389,38.96695,29.227
23390,38.968617,29.217
23391,38.970283,29.217
23392,38.97195,29.214
23393,38.973617,29.214
23394,38.975267,29.214
23395,38.976933,29.211
23396,38.9786,29.218
23397,38.980267,29.225
23398,38.981933,29.225
23399,38.9836,29.227
23400,38.985267,29.236
23401,38.986933,29.238
23402,38.9886,29.238
23403,38.990267,29.24
23404,38.991933,29.245
23405,38.9936,29.247
23406,38.995267,29.247
23407,38.996933,29.248
23408,38.9986,29.254
23409,39.000267,29.254
23410,39.001933,29.255
23411,39.0036,29.253
23412,39.0053,29.252
23413,39.006933,29.252
23414,39.0086,29.253
23415,39.010267,29.254
23416,39.011933,29.254
23417,39.0136,29.254
23418,39.015267,29.254
23419,39.016933,29.249
23420,39.0186,29.25
23421,39.020267,29.25
23422,39.021933,29.25
23423,39.0236,29.244
23424,39.025267,29.237
23425,39.026933,29.237
23426,39.0286,29.235
23427,39.030317,29.238
23428,39.031933,29.238
23429,39.0336,29.246
23430,39.03525,29.254
23431,39.036917,29.254
23432,39.038583,29.254
23433,39.04025,29.253
23434,39.041917,29.25
23435,39.043583,29.252
23436,39.04525,29.252
23437,39.046917,29.258
23438,39.048583,29.255
23439,39.05025,29.255
23440,39.051917,29.255
23441,39.053583,29.252
23442,39.055233,29.246
23443,39.0569,29.246
23444,39.058567,29.248
23445,39.060233,29.247
23446,39.0619,29.251
23447,39.063683,29.251
23448,39.065233,29.259
23449,39.0669,29.261
23450,39.068567,29.26
23451,39.070233,29.26
23452,39.0719,29.261
23453,39.073567,29.259
23454,39.075233,29.256
23455,39.0769,29.256
23456,39.078567,29.26
23457,39.080233,29.252
23458,39.0819,29.252
23459,39.083567,29.246
23460,39.085233,29.243
23461,39.0869,29.244
23462,39.088567,29.244
23463,39.090233,29.247
23464,39.0919,29.249
23465,39.093583,29.256
23466,39.095217,29.256
23467,39.096883,29.254
23468,39.09855,29.255
23469,39.100217,29.253
23470,39.101883,29.253
23471,39.10355,29.243
23472,39.105233,29.239
23473,39.106883,29.229
23474,39.10855,29.229
23475,39.110217,29.23
23476,39.111883,29.234
23477,39.11355,29.234
23478,39.115217,29.237
23479,39.116883,29.245
23480,39.11855,29.243
23481,39.120217,29.243
23482,39.121883,29.24
23483,39.12355,29.233
23484,39.125217,29.227
23485,39.126883,29.227
23486,39.12855,29.222
23487,39.130217,29.226
23488,39.131883,29.236
23489,39.13355,29.236
23490,39.135217,29.24
23491,39.136883,29.245
23492,39.13855,29.245
23493,39.140217,29.248
23494,39.141883,29.245
23495,39.14355,29.246
23496,39.145217,29.246
23497,39.146883,29.241
23498,39.148567,29.239
23499,39.150217,29.238
23500,39.151883,29.238
23501,39.153533,29.239
23502,39.1552,29.241
23503,39.156867,29.236
23504,39.158533,29.236
23505,39.1602,29.238
23506,39.161867,29.237
23507,39.163533,29.237
23508,39.165217,29.237
23509,39.166867,29.236
23510,39.168533,29.233
23511,39.1702,29.233
23512,39.171867,29.232
23513,39.173533,29.235
23514,39.1752,29.243
23515,39.176867,29.243
23516,39.178533,29.245
23517,39.180217,29.246
23518,39.181967,29.24
23519,39.183533,29.24
23520,39.1852,29.236
23521,39.186867,29.238
23522,39.188533,29.231
23523,39.1902,29.231
23524,39.191867,29.232
23525,39.193533,29.232
23526,39.1952,29.232
23527,39.196867,29.227
23528,39.198533,29.23
23529,39.2002,29.236
23530,39.201867,29.236
23531,39.203533,29.241
23532,39.2052,29.254
23533,39.206867,29.259
23534,39.208533,29.259
23535,39.2102,29.257
23536,39.211867,29.253
23537,39.213533,29.243
23538,39.215183,29.243
23539,39.21685,29.244
23540,39.218517,29.24
23541,39.220183,29.24
23542,39.22185,29.237
23543,39.223517,29.237
23544,39.225183,29.234
23545,39.22685,29.234
23546,39.228517,29.233
23547,39.230183,29.237
23548,39.23185,29.234
23549,39.233517,29.234
23550,39.235183,29.24
23551,39.23685,29.249
23552,39.238517,29.25
23553,39.240183,29.25
23554,39.24185,29.261
23555,39.243517,29.265
23556,39.245183,29.261
23557,39.24685,29.261
23558,39.24855,29.26
23559,39.250183,29.257
23560,39.25185,29.257
23561,39.253517,29.251
23562,39.255183,29.251
23563,39.256867,29.251
23564,39.258517,29.251
23565,39.260183,29.246
23566,39.26185,29.249
23567,39.263517,29.248
23568,39.265183,29.248
23569,39.2669,29.258
23570,39.268517,29.266
23571,39.270183,29.267
23572,39.27185,29.267
23573,39.273517,29.276
23574,39.275167,29.273
23575,39.276833,29.273
23576,39.2785,29.267
23577,39.280167,29.265
23578,39.281833,29.259
23579,39.2835,29.259
23580,39.285167,29.251
23581,39.286833,29.256
23582,39.2885,29.256
23583,39.290167,29.256
23584,39.291833,29.258
23585,39.2935,29.261
23586,39.295167,29.261
23587,39.296833,29.261
23588,39.2985,29.268
23589,39.300267,29.264
23590,39.301833,29.272
23591,39.3035,29.272
23592,39.305167,29.268
23593,39.306833,29.259
23594,39.3085,29.259
23595,39.310167,29.269
23596,39.311833,29.269
23597,39.3135,29.266
23598,39.315167,29.266
23599,39.316833,29.27
23600,39.3185,29.261
23601,39.320167,29.255
23602,39.321833,29.255
23603,39.3235,29.259
23604,39.325167,29.262
23605,39.326833,29.264
23606,39.328517,29.264
23607,39.330167,29.26
23608,39.331833,29.258
23609,39.3335,29.258
23610,39.33515,29.253
23611,39.336817,29.253
23612,39.338483,29.255
23613,39.34015,29.255
23614,39.341817,29.249
23615,39.343483,29.249
23616,39.34515,29.245
23617,39.3468,29.245
23618,39.348483,29.246
23619,39.350133,29.251
23620,39.3518,29.251
23621,39.353467,29.251
23622,39.35515,29.25
23623,39.3568,29.249
23624,39.358467,29.25
23625,39.360133,29.25
23626,39.3618,29.251
23627,39.363467,29.26
23628,39.365133,29.26
23629,39.3668,29.266
23630,39.368467,29.264
23631,39.370133,29.262
23632,39.3718,29.262
23633,39.373467,29.262
23634,39.375133,29.26
23635,39.3768,29.265
23636,39.378467,29.265
23637,39.380133,29.269
23638,39.3818,29.263
23639,39.383467,29.26
23640,39.3852,29.26
23641,39.3868,29.26
23642,39.388467,29.263
23643,39.390133,29.263
23644,39.3918,29.269
23645,39.393467,29.269
23646,39.395117,29.269
23647,39.396783,29.269
23648,39.398467,29.261
23649,39.400167,29.253
23650,39.401783,29.256
23651,39.40345,29.256
23652,39.405117,29.255
23653,39.406783,29.255
23654,39.40845,29.263
23655,39.410117,29.263
23656,39.411783,29.267
23657,39.41345,29.272
23658,39.415117,29.272
23659,39.416783,29.28
23660,39.418567,29.275
23661,39.420117,29.267
23662,39.421783,29.267
23663,39.42345,29.264
23664,39.425117,29.255
23665,39.426783,29.251
23666,39.42845,29.251
23667,39.430117,29.25
23668,39.431783,29.247
23669,39.43345,29.247
23670,39.435117,29.247
23671,39.436783,29.244
23672,39.438483,29.242
23673,39.440117,29.237
23674,39.441783,29.237
23675,39.44345,29.228
23676,39.445117,29.226
23677,39.446783,29.226
23678,39.44845,29.228
23679,39.450117,29.232
23680,39.451783,29.243
23681,39.45345,29.243
23682,39.4551,29.253
23683,39.456767,29.254
23684,39.458433,29.249
23685,39.4601,29.249
23686,39.461767,29.244
23687,39.463433,29.239
23688,39.4651,29.24
23689,39.466767,29.24
23690,39.468433,29.248
23691,39.470133,29.249
23692,39.471767,29.249
23693,39.473433,29.254
23694,39.4751,29.253
23695,39.476767,29.256
23696,39.478433,29.256
23697,39.4801,29.256
23698,39.481767,29.255
23699,39.483433,29.256
23700,39.4851,29.256
23701,39.486767,29.25
23702,39.488433,29.252
23703,39.4901,29.253
23704,39.491767,29.253
23705,39.493433,29.251
23706,39.4951,29.25
23707,39.496767,29.244
23708,39.498433,29.244
23709,39.5001,29.244
23710,39.501767,29.243
23711,39.5035,29.243
23712,39.5051,29.244
23713,39.506767,29.251
23714,39.508433,29.257
23715,39.5101,29.257
23716,39.511767,29.262
23717,39.513433,29.271
23718,39.515117,29.273
23719,39.5168,29.273
23720,39.518417,29.271
23721,39.520167,29.269
23722,39.52175,29.261
23723,39.523417,29.261
23724,39.525083,29.262
23725,39.52675,29.258
23726,39.528417,29.258
23727,39.530083,29.264
23728,39.53175,29.274
23729,39.533417,29.271
23730,39.535083,29.271
23731,39.53685,29.273
23732,39.538417,29.273
23733,39.540083,29.279
23734,39.54175,29.279
23735,39.543417,29.278
23736,39.545083,29.279
23737,39.546783,29.277
23738,39.548417,29.277
23739,39.550083,29.269
23740,39.55175,29.269
23741,39.553417,29.268
23742,39.555083,29.268
23743,39.55675,29.265
23744,39.558417,29.263
23745,39.560083,29.263
23746,39.56175,29.267
23747,39.563417,29.27
23748,39.565083,29.271
23749,39.56675,29.271
23750,39.568417,29.269
23751,39.570083,29.269
23752,39.57175,29.264
23753,39.5734,29.264
23754,39.575067,29.264
23755,39.576733,29.27
23756,39.5784,29.265
23757,39.580067,29.265
23758,39.581733,29.265
23759,39.583417,29.259
23760,39.585067,29.259
23761,39.586733,29.258
23762,39.5884,29.256
23763,39.590067,29.257
23764,39.591733,29.257
23765,39.5934,29.26
23766,39.595067,29.257
23767,39.596733,29.259
23768,39.5984,29.259
23769,39.600067,29.265
23770,39.601733,29.269
23771,39.6034,29.273
23772,39.605083,29.273
23773,39.606733,29.275
23774,39.6084,29.271
23775,39.610067,29.268
23776,39.611733,29.268
23777,39.6134,29.264
23778,39.615117,29.269
23779,39.616733,29.269
23780,39.6184,29.264
23781,39.620067,29.268
23782,39.621733,29.279
23783,39.6234,29.279
23784,39.625067,29.28
23785,39.626733,29.288
23786,39.6284,29.291
23787,39.630067,29.291
23788,39.631733,29.288
23789,39.6334,29.284
23790,39.63505,29.276
23791,39.6367,29.276
23792,39.638467,29.267
23793,39.640033,29.252
23794,39.6417,29.252
23795,39.643367,29.249
23796,39.645033,29.258
23797,39.6467,29.264
23798,39.648367,29.264
23799,39.650033,29.273
23800,39.6517,29.274
23801,39.653367,29.267
23802,39.655133,29.267
23803,39.6567,29.268
23804,39.658367,29.269
23805,39.660033,29.274
23806,39.6617,29.274
23807,39.663367,29.275
23808,39.665033,29.27
23809,39.6667,29.27
23810,39.668367,29.266
23811,39.670033,29.264
23812,39.671767,29.268
23813,39.673367,29.268
23814,39.675033,29.275
23815,39.6767,29.281
23816,39.678367,29.277
23817,39.680033,29.277
23818,39.6817,29.276
23819,39.683367,29.269
23820,39.685033,29.264
23821,39.6867,29.264
23822,39.688383,29.262
23823,39.690033,29.255
23824,39.691717,29.258
23825,39.69335,29.258
23826,39.695017,29.26
23827,39.696683,29.262
23828,39.69835,29.262
23829,39.700017,29.271
23830,39.701683,29.265
23831,39.70335,29.268
23832,39.705017,29.268
23833,39.706683,29.266
23834,39.70835,29.262
23835,39.710017,29.266
23836,39.711683,29.266
23837,39.71335,29.267
23838,39.715017,29.27
23839,39.716683,29.269
23840,39.71835,29.269
23841,39.720017,29.267
23842,39.721683,29.264
23843,39.72335,29.264
23844,39.725017,29.263
23845,39.726683,29.26
23846,39.72835,29.258
23847,39.730017,29.258
23848,39.731683,29.254
23849,39.73335,29.251
23850,39.735017,29.249
23851,39.736683,29.249
23852,39.73835,29.241
23853,39.740033,29.235
23854,39.741683,29.232
23855,39.74335,29.232
23856,39.745017,29.233
23857,39.746683,29.241
23858,39.74835,29.252
23859,39.750017,29.252
23860,39.751683,29.255
23861,39.753333,29.255
23862,39.755,29.255
23863,39.75675,29.253
23864,39.75835,29.246
23865,39.76,29.247
23866,39.7617,29.247
23867,39.763367,29.246
23868,39.765,29.254
23869,39.766667,29.258
23870,39.768333,29.258
23871,39.77,29.261
23872,39.771667,29.262
23873,39.773417,29.255
23874,39.775,29.255
23875,39.776667,29.258
23876,39.778333,29.258
23877,39.78,29.258
23878,39.781667,29.268
23879,39.783333,29.277
23880,39.785,29.277
23881,39.786667,29.277
23882,39.788333,29.275
23883,39.7901,29.267
23884,39.791667,29.264
23885,39.793333,29.264
23886,39.795,29.264
23887,39.796667,29.262
23888,39.798333,29.261
23889,39.8,29.261
23890,39.801667,29.263
23891,39.803333,29.259
23892,39.805,29.26
23893,39.806667,29.26
23894,39.808333,29.259
23895,39.81,29.253
23896,39.811667,29.253
23897,39.813333,29.256
23898,39.814983,29.255
23899,39.81665,29.255
23900,39.818317,29.255
23901,39.819983,29.261
23902,39.82165,29.262
23903,39.823317,29.266
23904,39.824983,29.266
23905,39.82665,29.268
23906,39.828317,29.266
23907,39.829983,29.262
23908,39.83165,29.262
23909,39.833317,29.266
23910,39.835,29.271
23911,39.836667,29.271
23912,39.838317,29.271
23913,39.839983,29.279
23914,39.84165,29.279
23915,39.843317,29.279
23916,39.844983,29.276
23917,39.84665,29.271
23918,39.848317,29.269
23919,39.849983,29.269
23920,39.85165,29.268
23921,39.853317,29.272
23922,39.854983,29.273
23923,39.85665,29.273
23924,39.858317,29.268
23925,39.859983,29.27
23926,39.86165,29.27
23927,39.863317,29.267
23928,39.864983,29.267
23929,39.86665,29.268
23930,39.868317,29.268
23931,39.869983,29.266
23932,39.87165,29.269
23933,39.873317,29.275
23934,39.875,29.275
23935,39.876633,29.275
23936,39.8783,29.271
23937,39.879967,29.27
23938,39.881633,29.27
23939,39.8833,29.263
23940,39.884967,29.264
23941,39.886633,29.263
23942,39.8883,29.263
23943,39.889967,29.261
23944,39.89165,29.261
23945,39.8933,29.261
23946,39.894967,29.257
23947,39.896633,29.262
23948,39.8983,29.265
23949,39.899967,29.265
23950,39.901633,29.265
23951,39.9033,29.265
23952,39.904967,29.253
23953,39.906633,29.253
23954,39.9084,29.248
23955,39.909967,29.254
23956,39.911633,29.262
23957,39.913317,29.262
23958,39.915017,29.269
23959,39.916633,29.271
23960,39.9183,29.271
23961,39.919967,29.265
23962,39.921633,29.263
23963,39.9233,29.263
23964,39.924967,29.263
23965,39.926633,29.263
23966,39.928283,29.268
23967,39.92995,29.266
23968,39.931617,29.266
23969,39.933283,29.269
23970,39.934933,29.273
23971,39.9366,29.27
23972,39.938267,29.27
23973,39.939933,29.268
23974,39.9416,29.267
23975,39.943267,29.261
23976,39.944933,29.261
23977,39.9466,29.263
23978,39.948267,29.263
23979,39.949933,29.263
23980,39.9516,29.259
23981,39.953267,29.255
23982,39.954933,29.245
23983,39.9566,29.245
23984,39.958267,29.245
23985,39.959933,29.251
23986,39.9616,29.256
23987,39.963267,29.256
23988,39.964933,29.259
23989,39.9666,29.258
23990,39.968267,29.252
23991,39.969933,29.252
23992,39.9716,29.25
23993,39.973267,29.257
23994,39.974933,29.257
23995,39.976617,29.263
23996,39.978317,29.269
23997,39.979933,29.274
23998,39.9816,29.274
23999,39.983267,29.266
24000,39.984933,29.258
24001,39.9866,29.25
24002,39.988267,29.25
24003,39.989967,29.246
24004,39.9916,29.246
24005,39.99335,29.246
24006,39.994917,29.246
24007,39.996583,29.243
24008,39.99825,29.235
24009,39.999917,29.235
24010,40.001583,29.237
24011,40.00325,29.239
24012,40.004917,29.244
24013,40.006583,29.244
24014,40.00825,29.254
24015,40.009917,29.249
24016,40.011583,29.247
24017,40.01325,29.247
24018,40.014917,29.246
24019,40.016583,29.244
24020,40.01825,29.251
24021,40.019917,29.251
24022,40.021583,29.25
24023,40.02325,29.252
24024,40.024917,29.254
24025,40.026683,29.254
24026,40.02825,29.25
24027,40.029917,29.252
24028,40.031583,29.252
24029,40.03325,29.255
24030,40.034917,29.259
24031,40.036583,29.259
24032,40.03825,29.259
24033,40.039917,29.264
24034,40.041583,29.262
24035,40.04325,29.256
24036,40.044917,29.256
24037,40.046583,29.257
24038,40.04825,29.252
24039,40.049917,29.25
24040,40.051583,29.25
24041,40.05325,29.251
24042,40.0549,29.25
24043,40.056567,29.25
24044,40.058267,29.251
24045,40.05995,29.249
24046,40.061567,29.248
24047,40.063233,29.248
24048,40.0649,29.249
24049,40.066567,29.249
24050,40.068233,29.253
24051,40.0699,29.253
24052,40.071567,29.254
24053,40.073233,29.26
24054,40.0749,29.261
24055,40.076583,29.261
24056,40.078233,29.266
24057,40.0799,29.266
24058,40.081567,29.261
24059,40.083233,29.261
24060,40.0849,29.259
24061,40.086567,29.25
24062,40.088233,29.25
24063,40.0899,29.251
24064,40.091567,29.258
24065,40.093233,29.257
24066,40.0949,29.257
24067,40.096567,29.26
24068,40.098233,29.261
24069,40.0999,29.256
24070,40.101567,29.256
24071,40.103233,29.263
24072,40.1049,29.269
24073,40.106567,29.275
24074,40.108233,29.275
24075,40.1099,29.278
24076,40.111583,29.275
24077,40.113233,29.275
24078,40.114883,29.263
24079,40.11655,29.254
24080,40.118217,29.25
24081,40.119883,29.25
24082,40.12155,29.246
24083,40.123217,29.251
24084,40.124883,29.258
24085,40.12655,29.258
24086,40.128217,29.257
24087,40.129933,29.266
24088,40.13155,29.273
24089,40.133217,29.273
24090,40.134883,29.268
24091,40.13655,29.268
24092,40.138217,29.263
24093,40.139883,29.263
24094,40.14155,29.257
24095,40.143217,29.254
24096,40.145,29.25
24097,40.14655,29.25
24098,40.148217,29.248
24099,40.149883,29.247
24100,40.15155,29.247
24101,40.153217,29.244
24102,40.154883,29.245
24103,40.15655,29.253
24104,40.158217,29.253
24105,40.159883,29.254
24106,40.16155,29.259
24107,40.163217,29.26
24108,40.164883,29.26
24109,40.166567,29.261
24110,40.168217,29.267
24111,40.169883,29.267
24112,40.17155,29.276
24113,40.173217,29.287
24114,40.174867,29.288
24115,40.176533,29.288
24116,40.1782,29.282
24117,40.179867,29.276
24118,40.181533,29.27
24119,40.1832,29.27
24120,40.184867,29.268
24121,40.186533,29.266
24122,40.1882,29.265
24123,40.189867,29.265
24124,40.191533,29.258
24125,40.1932,29.258
24126,40.194867,29.265
24127,40.196533,29.265
24128,40.198217,29.271
24129,40.199867,29.273
24130,40.201533,29.273
24131,40.2032,29.264
24132,40.204867,29.257
24133,40.206533,29.251
24134,40.2082,29.251
24135,40.209867,29.253
24136,40.211533,29.257
24137,40.2132,29.254
24138,40.214883,29.254
24139,40.216533,29.254
24140,40.2182,29.255
24141,40.21985,29.256
24142,40.221517,29.256
24143,40.223183,29.26
24144,40.22485,29.259
24145,40.226517,29.259
24146,40.228183,29.257
24147,40.229917,29.259
24148,40.231517,29.262
24149,40.233183,29.262
24150,40.23485,29.264
24151,40.2365,29.269
24152,40.238167,29.265
24153,40.239833,29.265
24154,40.2415,29.257
24155,40.243167,29.249
24156,40.244833,29.239
24157,40.2465,29.239
24158,40.248183,29.237
24159,40.249833,29.237
24160,40.2515,29.237
24161,40.253167,29.246
24162,40.254833,29.25
24163,40.2565,29.251
24164,40.258167,29.251
24165,40.259833,29.252
24166,40.2615,29.249
24167,40.263283,29.251
24168,40.264833,29.251
24169,40.2665,29.252
24170,40.268167,29.253
24171,40.269833,29.261
24172,40.2715,29.261
24173,40.273167,29.27
24174,40.274833,29.276
24175,40.2765,29.276
24176,40.278167,29.276
24177,40.279867,29.271
24178,40.2815,29.267
24179,40.283167,29.267
24180,40.284833,29.262
24181,40.2865,29.266
24182,40.288167,29.271
24183,40.289833,29.271
24184,40.2915,29.268
24185,40.293167,29.274
24186,40.294817,29.278
24187,40.296483,29.278
24188,40.29815,29.276
24189,40.299817,29.271
24190,40.301483,29.262
24191,40.30315,29.262
24192,40.304817,29.25
24193,40.306483,29.244
24194,40.30815,29.244
24195,40.309817,29.248
24196,40.311483,29.25
24197,40.31315,29.252
24198,40.314817,29.252
24199,40.316483,29.258
24200,40.31815,29.257
24201,40.319817,29.257
24202,40.321483,29.257
24203,40.32315,29.263
24204,40.324817,29.259
24205,40.326483,29.26
24206,40.32815,29.26
24207,40.329817,29.264
24208,40.3315,29.264
24209,40.33315,29.268
24210,40.334817,29.268
24211,40.336483,29.273
24212,40.33815,29.27
24213,40.339817,29.27
24214,40.341483,29.261
24215,40.34315,29.255
24216,40.344817,29.249
24217,40.346483,29.249
24218,40.348217,29.253
24219,40.349817,29.257
24220,40.351483,29.255
24221,40.353133,29.255
24222,40.3548,29.255
24223,40.356467,29.248
24224,40.358133,29.248
24225,40.3598,29.248
24226,40.361467,29.252
24227,40.363133,29.255
24228,40.364917,29.254
24229,40.366467,29.254
24230,40.368133,29.251
24231,40.3698,29.25
24232,40.371467,29.25
24233,40.373133,29.246
24234,40.3748,29.247
24235,40.376467,29.249
24236,40.378133,29.249
24237,40.3798,29.253
24238,40.381583,29.255
24239,40.383133,29.254
24240,40.3848,29.254
24241,40.386467,29.255
24242,40.388133,29.252
24243,40.389817,29.253
24244,40.391467,29.253
24245,40.393133,29.251
24246,40.3948,29.248
24247,40.396467,29.248
24248,40.398133,29.244
24249,40.3998,29.241
24250,40.401467,29.245
24251,40.403133,29.245
24252,40.4048,29.243
24253,40.406467,29.24
24254,40.408133,29.239
24255,40.4098,29.239
24256,40.411467,29.237
24257,40.413133,29.241
24258,40.414783,29.249
24259,40.41645,29.249
24260,40.418117,29.257
24261,40.419783,29.267
24262,40.42145,29.267
24263,40.423117,29.271
24264,40.4248,29.27
24265,40.42645,29.27
24266,40.428167,29.27
24267,40.429783,29.269
24268,40.43145,29.267
24269,40.433117,29.266
24270,40.434783,29.266
24271,40.43645,29.26
24272,40.438117,29.261
24273,40.439783,29.268
24274,40.44145,29.268
24275,40.443117,29.272
24276,40.444783,29.271
24277,40.44645,29.271
24278,40.448117,29.268
24279,40.449783,29.268
24280,40.45145,29.271
24281,40.453117,29.271
24282,40.454783,29.274
24283,40.45645,29.269
24284,40.458117,29.264
24285,40.459783,29.264
24286,40.46145,29.257
24287,40.463117,29.264
24288,40.464783,29.265
24289,40.46645,29.265
24290,40.468117,29.269
24291,40.469783,29.274
24292,40.47145,29.275
24293,40.473117,29.275
24294,40.474767,29.278
24295,40.476433,29.281
24296,40.4781,29.281
24297,40.479767,29.275
24298,40.481433,29.273
24299,40.4832,29.278
24300,40.484767,29.278
24301,40.486433,29.278
24302,40.4881,29.286
24303,40.489767,29.289
24304,40.491433,29.289
24305,40.4931,29.285
24306,40.494767,29.285
24307,40.496433,29.283
24308,40.4981,29.283
24309,40.499817,29.282
24310,40.501467,29.285
24311,40.5031,29.285
24312,40.504767,29.283
24313,40.506433,29.281
24314,40.5081,29.276
24315,40.509767,29.276
24316,40.511417,29.275
24317,40.513083,29.277
24318,40.51475,29.281
24319,40.516517,29.281
24320,40.518083,29.285
24321,40.51975,29.284
24322,40.521417,29.284
24323,40.523083,29.284
24324,40.52475,29.278
24325,40.526417,29.273
24326,40.528083,29.272
24327,40.52975,29.272
24328,40.531417,29.271
24329,40.533083,29.279
24330,40.534733,29.279
24331,40.5364,29.289
24332,40.538067,29.292
24333,40.539733,29.291
24334,40.5414,29.291
24335,40.543067,29.29
24336,40.544733,29.288
24337,40.5464,29.293
24338,40.548067,29.293
24339,40.549733,29.3
24340,40.5514,29.298
24341,40.553067,29.295
24342,40.554733,29.295
24343,40.5564,29.289
24344,40.558067,29.285
24345,40.559733,29.285
24346,40.5614,29.286
24347,40.563067,29.289
24348,40.56475,29.292
24349,40.5664,29.292
24350,40.568067,29.298
24351,40.56975,29.307
24352,40.5714,29.311
24353,40.573067,29.311
24354,40.574733,29.306
24355,40.5764,29.295
24356,40.578067,29.283
24357,40.579733,29.283
24358,40.581433,29.279
24359,40.583067,29.284
24360,40.584733,29.284
24361,40.5864,29.289
24362,40.588067,29.291
24363,40.589733,29.285
24364,40.5914,29.285
24365,40.593067,29.277
24366,40.594717,29.272
24367,40.596383,29.273
24368,40.59805,29.273
24369,40.599717,29.281
24370,40.60145,29.285
24371,40.60305,29.29
24372,40.604717,29.29
24373,40.606383,29.285
24374,40.60805,29.284
24375,40.609717,29.286
24376,40.611383,29.286
24377,40.61305,29.287
24378,40.614717,29.292
24379,40.616383,29.292
24380,40.61805,29.287
24381,40.619717,29.279
24382,40.621383,29.275
24383,40.62305,29.275
24384,40.624717,29.273
24385,40.626383,29.277
24386,40.62805,29.285
24387,40.629717,29.285
24388,40.631383,29.286
24389,40.63305,29.283
24390,40.634833,29.275
24391,40.636383,29.275
24392,40.63805,29.272
24393,40.639717,29.272
24394,40.641383,29.272
24395,40.64305,29.28
24396,40.644717,29.29
24397,40.646383,29.289
24398,40.64805,29.289
24399,40.649733,29.288
24400,40.651383,29.283
24401,40.65305,29.277
24402,40.6547,29.277
24403,40.656367,29.28
24404,40.658033,29.28
24405,40.6597,29.273
24406,40.661367,29.273
24407,40.663033,29.269
24408,40.6647,29.258
24409,40.666367,29.254
24410,40.668033,29.254
24411,40.6697,29.255
24412,40.671367,29.263
24413,40.673067,29.263
24414,40.6747,29.274
24415,40.676367,29.28
24416,40.678033,29.292
24417,40.6797,29.292
24418,40.681367,29.296
24419,40.683033,29.296
24420,40.6847,29.296
24421,40.686367,29.296
24422,40.688033,29.29
24423,40.6897,29.288
24424,40.691367,29.292
24425,40.693033,29.292
24426,40.6947,29.292
24427,40.696367,29.292
24428,40.698033,29.292
24429,40.6997,29.294
24430,40.701367,29.291
24431,40.703033,29.288
24432,40.7047,29.288
24433,40.706367,29.29
24434,40.708033,29.288
24435,40.7097,29.287
24436,40.711367,29.287
24437,40.713033,29.288
24438,40.714683,29.287
24439,40.71635,29.289
24440,40.718017,29.289
24441,40.719767,29.284
24442,40.72135,29.278
24443,40.723017,29.27
24444,40.724683,29.27
24445,40.72635,29.264
24446,40.728017,29.268
24447,40.729683,29.268
24448,40.73135,29.273
24449,40.733017,29.276
24450,40.734683,29.28
24451,40.736367,29.28
24452,40.738017,29.281
24453,40.739683,29.282
24454,40.74135,29.289
24455,40.743017,29.289
24456,40.744683,29.289
24457,40.74635,29.287
24458,40.748017,29.281
24459,40.749683,29.281
24460,40.75135,29.277
24461,40.753117,29.276
24462,40.754683,29.276
24463,40.75635,29.272
24464,40.758017,29.274
24465,40.759717,29.277
24466,40.76135,29.277
24467,40.763017,29.278
24468,40.764683,29.289
24469,40.76635,29.297
24470,40.768017,29.297
24471,40.769683,29.3
24472,40.77135,29.31
24473,40.773017,29.309
24474,40.774683,29.309
24475,40.776333,29.314
24476,40.778,29.31
24477,40.779667,29.302
24478,40.781333,29.302
24479,40.783,29.305
24480,40.784667,29.304
24481,40.786333,29.304
24482,40.788,29.311
24483,40.789667,29.311
24484,40.791333,29.297
24485,40.793017,29.297
24486,40.794667,29.287
24487,40.796333,29.277
24488,40.798,29.277
24489,40.799667,29.277
24490,40.801333,29.282
24491,40.802983,29.286
24492,40.80465,29.292
24493,40.806317,29.292
24494,40.807983,29.283
24495,40.80965,29.278
24496,40.811317,29.278
24497,40.812983,29.275
24498,40.81465,29.272
24499,40.816317,29.278
24500,40.817983,29.278
24501,40.81965,29.284
24502,40.821317,29.286
24503,40.822983,29.283
24504,40.82465,29.283
24505,40.826317,29.276
24506,40.827983,29.272
24507,40.82965,29.269
24508,40.831317,29.269
24509,40.833,29.272
24510,40.834633,29.277
24511,40.8363,29.277
24512,40.837983,29.278
24513,40.839633,29.284
24514,40.8413,29.28
24515,40.842967,29.28
24516,40.844633,29.277
24517,40.8463,29.277
24518,40.847967,29.268
24519,40.849633,29.268
24520,40.8513,29.273
24521,40.852967,29.274
24522,40.854683,29.272
24523,40.8563,29.272
24524,40.857967,29.275
24525,40.859633,29.275
24526,40.8613,29.275
24527,40.862983,29.275
24528,40.864633,29.275
24529,40.8663,29.279
24530,40.867967,29.279
24531,40.869633,29.277
24532,40.8714,29.281
24533,40.872967,29.291
24534,40.874633,29.291
24535,40.8763,29.29
24536,40.877967,29.289
24537,40.879633,29.287
24538,40.8813,29.287
24539,40.882967,29.278
24540,40.884633,29.277
24541,40.8863,29.274
24542,40.887967,29.274
24543,40.889633,29.269
24544,40.8913,29.272
24545,40.892967,29.272
24546,40.894617,29.271
24547,40.896283,29.276
24548,40.89795,29.284
24549,40.899617,29.284
24550,40.901283,29.29
24551,40.90295,29.29
24552,40.904617,29.296
24553,40.906283,29.296
24554,40.90795,29.294
24555,40.909617,29.293
24556,40.911283,29.301
24557,40.91295,29.301
24558,40.914617,29.298
24559,40.916283,29.298
24560,40.91795,29.293
24561,40.919617,29.293
24562,40.921283,29.287
24563,40.92295,29.287
24564,40.92465,29.287
24565,40.926283,29.288
24566,40.92795,29.287
24567,40.929617,29.283
24568,40.9313,29.283
24569,40.93295,29.282
24570,40.934617,29.274
24571,40.936283,29.267
24572,40.93795,29.267
24573,40.939617,29.271
24574,40.941283,29.267
24575,40.94295,29.276
24576,40.944617,29.276
24577,40.946283,29.29
24578,40.94795,29.293
24579,40.949617,29.293
24580,40.951283,29.297
24581,40.95295,29.297
24582,40.9546,29.293
24583,40.956333,29.293
24584,40.957933,29.292
24585,40.9596,29.293
24586,40.961267,29.297
24587,40.962933,29.297
24588,40.9646,29.297
24589,40.966267,29.293
24590,40.96795,29.295
24591,40.9696,29.295
24592,40.971267,29.291
24593,40.972933,29.297
24594,40.9746,29.299
24595,40.976267,29.299
24596,40.977933,29.306
24597,40.9796,29.31
24598,40.981267,29.31
24599,40.982933,29.307
24600,40.9846,29.306
24601,40.986267,29.295
24602,40.987933,29.295
24603,40.989717,29.293
24604,40.991267,29.291
24605,40.992933,29.291
24606,40.9946,29.291
24607,40.996267,29.29
24608,40.997933,29.289
24609,40.9996,29.291
24610,41.001267,29.291
24611,41.002933,29.297
24612,41.0046,29.299
24613,41.006267,29.299
24614,41.00795,29.298
24615,41.009617,29.293
24616,41.011267,29.29
24617,41.012933,29.29
24618,41.0146,29.291
24619,41.01625,29.292
24620,41.017917,29.295
24621,41.019583,29.295
24622,41.02125,29.297
24623,41.022917,29.306
24624,41.024583,29.309
24625,41.02625,29.309
24626,41.027917,29.31
24627,41.029583,29.316
24628,41.03125,29.316
24629,41.032917,29.309
24630,41.034583,29.307
24631,41.03625,29.312
24632,41.037917,29.312
24633,41.039583,29.308
24634,41.04125,29.311
24635,41.042917,29.31
24636,41.044583,29.31
24637,41.04625,29.3
24638,41.047917,29.292
24639,41.049583,29.285
24640,41.05125,29.285
24641,41.052917,29.284
24642,41.054583,29.283
24643,41.05625,29.288
24644,41.057917,29.288
24645,41.059583,29.289
24646,41.06125,29.295
24647,41.062917,29.295
24648,41.064583,29.297
24649,41.06625,29.294
24650,41.067917,29.291
24651,41.069583,29.291
24652,41.07125,29.278
24653,41.072917,29.272
24654,41.074583,29.272
24655,41.07625,29.272
24656,41.077967,29.274
24657,41.079617,29.276
24658,41.081233,29.281
24659,41.0829,29.281
24660,41.084567,29.281
24661,41.086233,29.284
24662,41.0879,29.284
24663,41.089567,29.295
24664,41.091233,29.294
24665,41.0929,29.293
24666,41.09455,29.293
24667,41.096217,29.289
24668,41.097883,29.282
24669,41.09955,29.282
24670,41.101217,29.282
24671,41.102883,29.277
24672,41.10455,29.277
24673,41.106217,29.276
24674,41.107983,29.276
24675,41.10955,29.273
24676,41.111217,29.273
24677,41.112883,29.274
24678,41.11455,29.274
24679,41.116217,29.273
24680,41.117883,29.277
24681,41.11955,29.277
24682,41.121217,29.279
24683,41.122883,29.271
24684,41.12455,29.275
24685,41.126217,29.275
24686,41.127883,29.272
24687,41.12955,29.267
24688,41.131217,29.27
24689,41.132867,29.27
24690,41.134533,29.263
24691,41.1362,29.26
24692,41.137867,29.268
24693,41.139533,29.268
24694,41.1412,29.267
24695,41.142883,29.268
24696,41.144533,29.268
24697,41.1462,29.276
24698,41.147867,29.278
24699,41.149533,29.283
24700,41.1512,29.283
24701,41.152917,29.29
24702,41.154633,29.286
24703,41.1562,29.277
24704,41.157867,29.277
24705,41.159533,29.274
24706,41.1612,29.276
24707,41.162867,29.276
24708,41.164533,29.276
24709,41.1662,29.28
24710,41.167867,29.279
24711,41.169533,29.277
24712,41.1712,29.277
24713,41.172867,29.28
24714,41.174533,29.284
24715,41.1762,29.284
24716,41.177867,29.295
24717,41.179533,29.293
24718,41.1812,29.295
24719,41.182867,29.295
24720,41.184533,29.299
24721,41.1862,29.293
24722,41.187867,29.296
24723,41.189533,29.296
24724,41.1912,29.293
24725,41.192917,29.283
24726,41.194517,29.277
24727,41.196183,29.277
24728,41.19785,29.278
24729,41.199517,29.277
24730,41.201183,29.277
24731,41.20285,29.282
24732,41.204517,29.289
24733,41.206183,29.288
24734,41.20785,29.288
24735,41.209583,29.296
24736,41.211183,29.295
24737,41.21285,29.295
24738,41.214517,29.295
24739,41.216183,29.293
24740,41.21785,29.292
24741,41.219517,29.294
24742,41.221183,29.294
24743,41.22285,29.286
24744,41.224517,29.288
24745,41.226267,29.281
24746,41.22785,29.281
24747,41.229517,29.28
24748,41.231183,29.29
24749,41.23285,29.29
24750,41.234517,29.286
24751,41.236183,29.285
24752,41.23785,29.282
24753,41.239517,29.282
24754,41.241183,29.276
24755,41.24285,29.273
24756,41.244517,29.267
24757,41.246183,29.267
24758,41.24785,29.262
24759,41.249517,29.259
24760,41.251183,29.257
24761,41.25285,29.257
24762,41.2545,29.266
24763,41.256167,29.273
24764,41.257833,29.273
24765,41.2595,29.279
24766,41.261167,29.287
24767,41.262833,29.286
24768,41.2645,29.286
24769,41.266167,29.288
24770,41.267833,29.283
24771,41.2695,29.281
24772,41.271167,29.281
24773,41.272833,29.281
24774,41.2745,29.279
24775,41.276167,29.283
24776,41.277833,29.283
24777,41.2795,29.281
24778,41.281167,29.279
24779,41.282833,29.279
24780,41.2845,29.282
24781,41.286167,29.281
24782,41.287833,29.283
24783,41.2895,29.283
24784,41.291167,29.286
24785,41.292833,29.284
24786,41.2945,29.281
24787,41.296183,29.281
24788,41.297833,29.281
24789,41.2995,29.283
24790,41.301167,29.282
24791,41.302833,29.282
24792,41.3045,29.284
24793,41.306167,29.283
24794,41.307867,29.283
24795,41.3095,29.283
24796,41.31115,29.29
24797,41.312833,29.291
24798,41.3145,29.291
24799,41.31615,29.291
24800,41.317817,29.29
24801,41.319483,29.284
24802,41.32115,29.284
24803,41.322817,29.292
24804,41.324483,29.292
24805,41.32615,29.289
24806,41.3279,29.289
24807,41.329483,29.283
24808,41.33115,29.272
24809,41.332817,29.272
24810,41.334483,29.272
24811,41.33615,29.279
24812,41.337817,29.286
24813,41.339483,29.286
24814,41.34115,29.291
24815,41.342817,29.29
24816,41.344567,29.286
24817,41.34615,29.286
24818,41.347817,29.286
24819,41.349483,29.286
24820,41.35115,29.283
24821,41.352817,29.283
24822,41.354483,29.278
24823,41.35615,29.276
24824,41.357817,29.271
24825,41.359483,29.271
24826,41.361267,29.272
24827,41.362817,29.274
24828,41.364483,29.276
24829,41.36615,29.276
24830,41.367817,29.282
24831,41.369483,29.286
24832,41.37115,29.286
24833,41.372817,29.285
24834,41.3745,29.281
24835,41.376183,29.274
24836,41.3778,29.274
24837,41.379467,29.267
24838,41.381133,29.265
24839,41.3828,29.263
24840,41.38445,29.263
24841,41.386117,29.268
24842,41.387783,29.274
24843,41.38945,29.272
24844,41.391117,29.272
24845,41.392783,29.269
24846,41.39445,29.267
24847,41.396117,29.267
24848,41.3978,29.263
24849,41.39945,29.264
24850,41.401117,29.262
24851,41.402783,29.262
24852,41.40445,29.261
24853,41.406117,29.264
24854,41.407783,29.268
24855,41.40945,29.268
24856,41.411117,29.27
24857,41.412783,29.266
24858,41.41445,29.261
24859,41.416117,29.261
24860,41.417783,29.261
24861,41.41945,29.268
24862,41.421117,29.268
24863,41.422783,29.278
24864,41.42445,29.285
24865,41.426117,29.292
24866,41.427783,29.292
24867,41.429467,29.289
24868,41.431117,29.289
24869,41.432783,29.29
24870,41.434433,29.29
24871,41.436133,29.287
24872,41.437767,29.293
24873,41.439433,29.289
24874,41.4411,29.289
24875,41.442767,29.288
24876,41.444433,29.287
24877,41.446183,29.291
24878,41.447767,29.291
24879,41.449433,29.294
24880,41.4511,29.301
24881,41.452767,29.301
24882,41.454433,29.302
24883,41.4561,29.299
24884,41.457767,29.298
24885,41.459433,29.298
24886,41.4611,29.299
24887,41.462833,29.305
24888,41.464433,29.305
24889,41.4661,29.305
24890,41.467767,29.306
24891,41.469433,29.306
24892,41.4711,29.305
24893,41.472767,29.305
24894,41.474433,29.302
24895,41.4761,29.3
24896,41.477767,29.3
24897,41.479533,29.291
24898,41.4811,29.284
24899,41.482767,29.285
24900,41.484433,29.285
24901,41.4861,29.285
24902,41.4878,29.288
24903,41.489433,29.296
24904,41.4911,29.296
24905,41.49275,29.303
24906,41.494417,29.305
24907,41.496083,29.311
24908,41.49775,29.311
24909,41.499417,29.311
24910,41.501083,29.304
24911,41.50275,29.306
24912,41.504417,29.306
24913,41.506083,29.301
24914,41.50775,29.296
24915,41.509417,29.296
24916,41.511083,29.295
24917,41.5128,29.29
24918,41.514417,29.289
24919,41.516083,29.289
24920,41.51775,29.286
24921,41.519417,29.289
24922,41.521083,29.292
24923,41.52275,29.292
24924,41.524417,29.294
24925,41.526083,29.297
24926,41.52775,29.294
24927,41.529417,29.294
24928,41.531083,29.286
24929,41.53275,29.285
24930,41.534417,29.285
24931,41.536083,29.284
24932,41.53775,29.286
24933,41.539417,29.293
24934,41.541083,29.293
24935,41.54275,29.292
24936,41.544417,29.292
24937,41.546083,29.292
24938,41.54775,29.292
24939,41.549417,29.297
24940,41.551083,29.297
24941,41.552733,29.297
24942,41.5544,29.297
24943,41.556067,29.297
24944,41.557733,29.294
24945,41.5594,29.294
24946,41.561067,29.294
24947,41.562733,29.295
24948,41.564417,29.295
24949,41.566067,29.295
24950,41.567733,29.298
24951,41.5694,29.303
24952,41.571067,29.305
24953,41.572767,29.305
24954,41.5744,29.305
24955,41.576067,29.296
24956,41.577733,29.293
24957,41.5794,29.293
24958,41.58115,29.288
24959,41.582733,29.292
24960,41.5844,29.298
24961,41.586067,29.298
24962,41.587733,29.3
24963,41.589433,29.303
24964,41.591067,29.303
24965,41.592733,29.305
24966,41.5944,29.302
24967,41.596067,29.304
24968,41.59785,29.304
24969,41.599417,29.309
24970,41.601067,29.303
24971,41.602733,29.303
24972,41.6044,29.303
24973,41.606067,29.298
24974,41.607733,29.295
24975,41.6094,29.296
24976,41.611067,29.296
24977,41.612733,29.293
24978,41.6144,29.299
24979,41.61605,29.299
24980,41.617717,29.299
24981,41.619383,29.297
24982,41.62105,29.301
24983,41.622717,29.301
24984,41.624383,29.299
24985,41.62605,29.299
24986,41.627717,29.305
24987,41.629383,29.305
24988,41.63105,29.309
24989,41.632717,29.307
24990,41.634383,29.307
24991,41.63605,29.307
24992,41.637717,29.308
24993,41.639383,29.312
24994,41.64105,29.317
24995,41.642717,29.317
24996,41.644383,29.324
24997,41.64605,29.327
24998,41.647717,29.327
24999,41.649383,29.324
25000,41.65105,29.322
25001,41.652717,29.321
25002,41.654383,29.321
25003,41.656083,29.318
25004,41.657717,29.32
25005,41.659417,29.321
25006,41.66105,29.321
25007,41.662717,29.323
25008,41.664383,29.328
25009,41.66605,29.331
25010,41.667717,29.331
25011,41.669383,29.331
25012,41.67105,29.323
25013,41.672717,29.323
25014,41.674367,29.311
25015,41.676017,29.303
25016,41.677683,29.303
25017,41.67935,29.303
25018,41.681017,29.304
25019,41.682683,29.309
25020,41.68435,29.305
25021,41.686017,29.305
25022,41.687683,29.303
25023,41.68935,29.308
25024,41.691017,29.309
25025,41.692683,29.309
25026,41.69435,29.314
25027,41.696017,29.307
25028,41.697683,29.295
25029,41.69935,29.295
25030,41.701017,29.29
25031,41.702683,29.286
25032,41.70435,29.286
25033,41.706017,29.285
25034,41.707683,29.288
25035,41.70935,29.288
25036,41.711017,29.288
25037,41.712683,29.286
25038,41.71435,29.296
25039,41.716117,29.299
25040,41.717683,29.299
25041,41.71935,29.301
25042,41.721017,29.306
25043,41.722683,29.305
25044,41.72435,29.305
25045,41.726017,29.306
25046,41.727683,29.313
25047,41.72935,29.313
25048,41.731017,29.308
25049,41.732683,29.304
25050,41.734333,29.301
25051,41.736033,29.301
25052,41.737717,29.292
25053,41.739383,29.294
25054,41.741,29.295
25055,41.742667,29.295
25056,41.744333,29.296
25057,41.746,29.295
25058,41.747667,29.293
25059,41.749333,29.293
25060,41.751,29.294
25061,41.752667,29.295
25062,41.754333,29.297
25063,41.756,29.297
25064,41.757667,29.302
25065,41.759333,29.303
25066,41.761,29.303
25067,41.762667,29.301
25068,41.764333,29.298
25069,41.766,29.294
25070,41.767667,29.294
25071,41.769333,29.292
25072,41.771,29.291
25073,41.772667,29.29
25074,41.77435,29.29
25075,41.776,29.292
25076,41.777667,29.292
25077,41.779333,29.289
25078,41.781,29.289
25079,41.782667,29.29
25080,41.784333,29.288
25081,41.786,29.288
25082,41.787667,29.288
25083,41.789333,29.301
25084,41.791,29.307
25085,41.792667,29.307
25086,41.794333,29.315
25087,41.795983,29.32
25088,41.79765,29.319
25089,41.799317,29.319
25090,41.801,29.314
25091,41.8027,29.307
25092,41.804317,29.302
25093,41.805983,29.302
25094,41.80765,29.297
25095,41.809317,29.301
25096,41.810983,29.301
25097,41.812683,29.3
25098,41.814317,29.304
25099,41.815983,29.307
25100,41.81765,29.307
25101,41.819317,29.303
25102,41.820983,29.303
25103,41.82265,29.299
25104,41.824317,29.299
25105,41.825983,29.295
25106,41.82765,29.293
25107,41.829317,29.298
25108,41.830983,29.298
25109,41.83265,29.3
25110,41.834417,29.3
25111,41.835983,29.305
25112,41.83765,29.305
25113,41.839317,29.305
25114,41.840983,29.301
25115,41.84265,29.301
25116,41.844317,29.298
25117,41.845983,29.292
25118,41.84765,29.287
25119,41.849317,29.287
25120,41.850983,29.289
25121,41.85265,29.291
25122,41.854317,29.294
25123,41.855967,29.294
25124,41.857633,29.296
25125,41.8593,29.296
25126,41.860967,29.296
25127,41.862633,29.296
25128,41.8643,29.3
25129,41.865967,29.305
25130,41.867633,29.305
25131,41.8693,29.303
25132,41.870967,29.306
25133,41.872633,29.299
25134,41.8743,29.299
25135,41.876,29.295
25136,41.877633,29.297
25137,41.8793,29.304
25138,41.880967,29.304
25139,41.882633,29.303
25140,41.8843,29.296
25141,41.885967,29.293
25142,41.887633,29.293
25143,41.8893,29.285
25144,41.890967,29.288
25145,41.892633,29.293
25146,41.894317,29.293
25147,41.895967,29.295
25148,41.897633,29.293
25149,41.8993,29.293
25150,41.900967,29.298
25151,41.902633,29.302
25152,41.9043,29.299
25153,41.905967,29.299
25154,41.907633,29.298
25155,41.9093,29.293
25156,41.910967,29.283
25157,41.912633,29.283
25158,41.914283,29.284
25159,41.91595,29.285
25160,41.917617,29.281
25161,41.9193,29.281
25162,41.92095,29.292
25163,41.922617,29.294
25164,41.924283,29.294
25165,41.92595,29.293
25166,41.927617,29.294
25167,41.929283,29.287
25168,41.93095,29.287
25169,41.932617,29.29
25170,41.934283,29.293
25171,41.93595,29.299
25172,41.937617,29.299
25173,41.939283,29.302
25174,41.94095,29.3
25175,41.942617,29.297
25176,41.944283,29.297
25177,41.94595,29.291
25178,41.947617,29.285
25179,41.949317,29.283
25180,41.95095,29.283
25181,41.952733,29.284
25182,41.954283,29.279
25183,41.95595,29.279
25184,41.957617,29.284
25185,41.959283,29.284
25186,41.96095,29.283
25187,41.962617,29.283
25188,41.964283,29.289
25189,41.96595,29.287
25190,41.9676,29.29
25191,41.969267,29.29
25192,41.970933,29.296
25193,41.9726,29.296
25194,41.97425,29.302
25195,41.975917,29.302
25196,41.977583,29.308
25197,41.97925,29.303
25198,41.980917,29.303
25199,41.982583,29.304
25200,41.98425,29.301
25201,41.985917,29.299
25202,41.987617,29.299
25203,41.98925,29.301
25204,41.990917,29.301
25205,41.992583,29.298
25206,41.99425,29.298
25207,41.995917,29.291
25208,41.997583,29.295
25209,41.99925,29.293
25210,42.000917,29.293
25211,42.002583,29.296
25212,42.00425,29.3
25213,42.005917,29.3
25214,42.007583,29.294
25215,42.00925,29.295
25216,42.010917,29.299
25217,42.012583,29.299
25218,42.01425,29.306
25219,42.015917,29.316
25220,42.017617,29.32
25221,42.01925,29.32
25222,42.020917,29.32
25223,42.022583,29.317
25224,42.02425,29.312
25225,42.025917,29.312
25226,42.027583,29.313
25227,42.02925,29.314
25228,42.030917,29.311
25229,42.032583,29.311
25230,42.03425,29.31
25231,42.0359,29.305
25232,42.037617,29.305
25233,42.039233,29.303
25234,42.0409,29.301
25235,42.042567,29.296
25236,42.044233,29.296
25237,42.0459,29.302
25238,42.047567,29.3
25239,42.049233,29.301
25240,42.0509,29.301
25241,42.052567,29.299
25242,42.054233,29.295
25243,42.0559,29.292
25244,42.057567,29.292
25245,42.059233,29.293
25246,42.0609,29.295
25247,42.062567,29.295
25248,42.064233,29.293
25249,42.0659,29.295
25250,42.067567,29.301
25251,42.069233,29.301
25252,42.07095,29.308
25253,42.072567,29.31
25254,42.074233,29.308
25255,42.0759,29.308
25256,42.077567,29.3
25257,42.079233,29.297
25258,42.0809,29.294
25259,42.082567,29.294
25260,42.084233,29.297
25261,42.0859,29.302
25262,42.087567,29.297
25263,42.089233,29.297
25264,42.0909,29.299
25265,42.092567,29.288
25266,42.094217,29.288
25267,42.095917,29.275
25268,42.09755,29.276
25269,42.099217,29.272
25270,42.100883,29.272
25271,42.10255,29.28
25272,42.104217,29.293
25273,42.105883,29.293
25274,42.10755,29.293
25275,42.109217,29.299
25276,42.110883,29.297
25277,42.11255,29.29
25278,42.114217,29.29
25279,42.115883,29.29
25280,42.11755,29.289
25281,42.119217,29.289
25282,42.120883,29.293
25283,42.12255,29.293
25284,42.124217,29.293
25285,42.125883,29.293
25286,42.12755,29.282
25287,42.129217,29.275
25288,42.130883,29.277
25289,42.13255,29.277
25290,42.134217,29.276
25291,42.135883,29.282
25292,42.13755,29.289
25293,42.139217,29.289
25294,42.140883,29.293
25295,42.14255,29.296
25296,42.144217,29.294
25297,42.145883,29.294
25298,42.14755,29.292
25299,42.149217,29.289
25300,42.1509,29.289
25301,42.15255,29.289
25302,42.1542,29.293
25303,42.15595,29.296
25304,42.157533,29.296
25305,42.1592,29.296
25306,42.160867,29.297
25307,42.162567,29.3
25308,42.1642,29.3
25309,42.165867,29.298
25310,42.167533,29.3
25311,42.1692,29.296
25312,42.170867,29.296
25313,42.172617,29.289
25314,42.1742,29.291
25315,42.175867,29.291
25316,42.17755,29.29
25317,42.1792,29.291
25318,42.180867,29.289
25319,42.182533,29.289
25320,42.1842,29.286
25321,42.185867,29.28
25322,42.187533,29.279
25323,42.189317,29.279
25324,42.190867,29.281
25325,42.192533,29.282
25326,42.1942,29.285
25327,42.195867,29.285
25328,42.197533,29.291
25329,42.1992,29.293
25330,42.200867,29.294
25331,42.202533,29.294
25332,42.2042,29.298
25333,42.205967,29.293
25334,42.207533,29.293
25335,42.2092,29.291
25336,42.210867,29.293
25337,42.212533,29.296
25338,42.214183,29.296
25339,42.21585,29.303
25340,42.217517,29.304
25341,42.219183,29.306
25342,42.22085,29.306
25343,42.222517,29.308
25344,42.224183,29.308
25345,42.22585,29.308
25346,42.227517,29.308
25347,42.229183,29.308
25348,42.23085,29.307
25349,42.232517,29.307
25350,42.234183,29.305
25351,42.235867,29.305
25352,42.237583,29.304
25353,42.239183,29.304
25354,42.24085,29.3
25355,42.242517,29.3
25356,42.244183,29.295
25357,42.24585,29.295
25358,42.247517,29.292
25359,42.249183,29.294
25360,42.25085,29.29
25361,42.252517,29.29
25362,42.254183,29.294
25363,42.25585,29.29
25364,42.257517,29.29
25365,42.259167,29.286
25366,42.260833,29.284
25367,42.2625,29.286
25368,42.264167,29.286
25369,42.265833,29.289
25370,42.2675,29.291
25371,42.269167,29.293
25372,42.270833,29.293
25373,42.2725,29.293
25374,42.274167,29.296
25375,42.275817,29.294
25376,42.277483,29.294
25377,42.27915,29.299
25378,42.280817,29.294
25379,42.282483,29.295
25380,42.28415,29.295
25381,42.285817,29.296
25382,42.287483,29.29
25383,42.28915,29.29
25384,42.290883,29.297
25385,42.292483,29.301
25386,42.29415,29.303
25387,42.295817,29.303
25388,42.297483,29.304
25389,42.29915,29.304
25390,42.300817,29.299
25391,42.302483,29.299
25392,42.30415,29.304
25393,42.305817,29.31
25394,42.307533,29.307
25395,42.30915,29.307
25396,42.310817,29.305
25397,42.3125,29.295
25398,42.314217,29.287
25399,42.315817,29.287
25400,42.317483,29.288
25401,42.31915,29.289
25402,42.320817,29.289
25403,42.322483,29.296
25404,42.32415,29.298
25405,42.325817,29.299
25406,42.327483,29.299
25407,42.32915,29.301
25408,42.330817,29.293
25409,42.332483,29.294
25410,42.33415,29.294
25411,42.3358,29.299
25412,42.337467,29.298
25413,42.339133,29.305
25414,42.3408,29.305
25415,42.342467,29.307
25416,42.344133,29.304
25417,42.3458,29.304
25418,42.347467,29.31
25419,42.349133,29.31
25420,42.3508,29.308
25421,42.352483,29.308
25422,42.354133,29.301
25423,42.3558,29.293
25424,42.357467,29.283
25425,42.359133,29.283
25426,42.3608,29.274
25427,42.362467,29.273
25428,42.364133,29.276
25429,42.3658,29.276
25430,42.367467,29.288
25431,42.369133,29.302
25432,42.3708,29.302
25433,42.372467,29.309
25434,42.374133,29.311
25435,42.3758,29.308
25436,42.377467,29.308
25437,42.379133,29.298
25438,42.3808,29.289
25439,42.382483,29.287
25440,42.384133,29.287
25441,42.3858,29.289
25442,42.387467,29.291
25443,42.389133,29.298
25444,42.390833,29.298
25445,42.39245,29.304
25446,42.394133,29.303
25447,42.395783,29.303
25448,42.39745,29.303
25449,42.399117,29.301
25450,42.400783,29.302
25451,42.40245,29.302
25452,42.404117,29.3
25453,42.405783,29.306
25454,42.40745,29.306
25455,42.40915,29.306
25456,42.410783,29.302
25457,42.41245,29.3
25458,42.414117,29.297
25459,42.415783,29.297
25460,42.41745,29.297
25461,42.419117,29.29
25462,42.420783,29.29
25463,42.42245,29.29
25464,42.424117,29.291
25465,42.425833,29.294
25466,42.42745,29.294
25467,42.429117,29.3
25468,42.430783,29.301
25469,42.43245,29.297
25470,42.434117,29.297
25471,42.435783,29.297
25472,42.43745,29.297
25473,42.439117,29.296
25474,42.440783,29.296
25475,42.44255,29.303
25476,42.444117,29.299
25477,42.445783,29.304
25478,42.44745,29.304
25479,42.449117,29.31
25480,42.450783,29.303
25481,42.45245,29.303
25482,42.454117,29.303
25483,42.455767,29.296
25484,42.457433,29.289
25485,42.4591,29.289
25486,42.460767,29.29
25487,42.46245,29.291
25488,42.464167,29.293
25489,42.465767,29.293
25490,42.467433,29.293
25491,42.4691,29.299
25492,42.470767,29.304
25493,42.472433,29.304
25494,42.4741,29.303
25495,42.475767,29.305
25496,42.477433,29.303
25497,42.4791,29.303
25498,42.480767,29.297
25499,42.48245,29.302
25500,42.484133,29.302
25501,42.485767,29.308
25502,42.487433,29.304
25503,42.4891,29.304
25504,42.490767,29.304
25505,42.492433,29.298
25506,42.4941,29.297
25507,42.495767,29.303
25508,42.497433,29.303
25509,42.4991,29.308
25510,42.500767,29.315
25511,42.502433,29.311
25512,42.5041,29.311
25513,42.505767,29.305
25514,42.507433,29.301
25515,42.5091,29.301
25516,42.510767,29.294
25517,42.512433,29.297
25518,42.5141,29.294
25519,42.51575,29.294
25520,42.517417,29.301
25521,42.519083,29.305
25522,42.52075,29.301
25523,42.522417,29.301
25524,42.524083,29.305
25525,42.52575,29.3
25526,42.527417,29.304
25527,42.529083,29.304
25528,42.53075,29.309
25529,42.532417,29.307
25530,42.534083,29.305
25531,42.53575,29.305
25532,42.537417,29.3
25533,42.539083,29.302
25534,42.54075,29.302
25535,42.542417,29.308
25536,42.544083,29.311
25537,42.54575,29.311
25538,42.547417,29.311
25539,42.549083,29.304
25540,42.550733,29.297
25541,42.5524,29.292
25542,42.554067,29.292
25543,42.555733,29.289
25544,42.5574,29.288
25545,42.559067,29.288
25546,42.5608,29.288
25547,42.5624,29.294
25548,42.564067,29.294
25549,42.565733,29.294
25550,42.5674,29.296
25551,42.569067,29.295
25552,42.570767,29.292
25553,42.5724,29.292
25554,42.57405,29.293
25555,42.575717,29.297
25556,42.577383,29.298
25557,42.57905,29.298
25558,42.580717,29.293
25559,42.582383,29.297
25560,42.58405,29.292
25561,42.585717,29.292
25562,42.587383,29.3
25563,42.58905,29.305
25564,42.590717,29.305
25565,42.592383,29.303
25566,42.59405,29.296
25567,42.595717,29.289
25568,42.597383,29.289
25569,42.5991,29.286
25570,42.600717,29.29
25571,42.602383,29.303
25572,42.60405,29.303
25573,42.605717,29.308
25574,42.607383,29.314
25575,42.60905,29.31
25576,42.610717,29.31
25577,42.612383,29.306
25578,42.61405,29.304
25579,42.615717,29.303
25580,42.617383,29.303
25581,42.61905,29.303
25582,42.620717,29.305
25583,42.622383,29.305
25584,42.62405,29.305
25585,42.625717,29.306
25586,42.627383,29.306
25587,42.62905,29.306
25588,42.630717,29.302
25589,42.632383,29.298
25590,42.63405,29.292
25591,42.6357,29.292
25592,42.637367,29.29
25593,42.639033,29.29
25594,42.6407,29.293
25595,42.642367,29.293
25596,42.644033,29.296
25597,42.645717,29.298
25598,42.647383,29.298
25599,42.649033,29.302
25600,42.6507,29.303
25601,42.652367,29.296
25602,42.654033,29.296
25603,42.6557,29.292
25604,42.657367,29.282
25605,42.659033,29.283
25606,42.6607,29.283
25607,42.662383,29.284
25608,42.664033,29.283
25609,42.6657,29.29
25610,42.667367,29.29
25611,42.669033,29.286
25612,42.6707,29.295
25613,42.672417,29.3
25614,42.674033,29.3
25615,42.6757,29.3
25616,42.677367,29.296
25617,42.679133,29.287
25618,42.6807,29.287
25619,42.682367,29.284
25620,42.684033,29.291
25621,42.6857,29.291
25622,42.687367,29.297
25623,42.689033,29.304
25624,42.6907,29.31
25625,42.692367,29.31
25626,42.694017,29.314
25627,42.695683,29.318
25628,42.69735,29.32
25629,42.699017,29.32
25630,42.700683,29.318
25631,42.70235,29.313
25632,42.704017,29.313
25633,42.705683,29.312
25634,42.70735,29.306
25635,42.709017,29.31
25636,42.710683,29.31
25637,42.71235,29.311
25638,42.714017,29.312
25639,42.715683,29.322
25640,42.71735,29.322
25641,42.719017,29.324
25642,42.720683,29.322
25643,42.72235,29.329
25644,42.724017,29.329
25645,42.725683,29.329
25646,42.72735,29.327
25647,42.729017,29.329
25648,42.730683,29.329
25649,42.73235,29.325
25650,42.734033,29.325
25651,42.735683,29.325
25652,42.73735,29.329
25653,42.739017,29.324
25654,42.740683,29.328
25655,42.74235,29.328
25656,42.74405,29.331
25657,42.745683,29.331
25658,42.74735,29.335
25659,42.749017,29.335
25660,42.750683,29.328
25661,42.75235,29.329
25662,42.754017,29.332
25663,42.755683,29.332
25664,42.757333,29.34
25665,42.759,29.346
25666,42.760667,29.346
25667,42.762333,29.343
25668,42.764083,29.342
25669,42.765667,29.336
25670,42.767333,29.336
25671,42.769,29.331
25672,42.770667,29.329
25673,42.772333,29.324
25674,42.774,29.324
25675,42.775667,29.325
25676,42.777333,29.327
25677,42.779,29.333
25678,42.780667,29.333
25679,42.782333,29.337
25680,42.784,29.338
25681,42.785667,29.33
25682,42.787333,29.33
25683,42.789,29.329
25684,42.790667,29.322
25685,42.792333,29.322
25686,42.794,29.321
25687,42.795667,29.328
25688,42.797417,29.323
25689,42.799,29.323
25690,42.800667,29.324
25691,42.802333,29.315
25692,42.804,29.315
25693,42.805667,29.315
25694,42.807333,29.312
25695,42.809,29.309
25696,42.810667,29.313
25697,42.812333,29.313
25698,42.814,29.312
25699,42.81565,29.314
25700,42.817317,29.314
25701,42.818983,29.324
25702,42.82065,29.33
25703,42.822317,29.324
25704,42.824033,29.324
25705,42.82565,29.319
25706,42.827317,29.31
25707,42.828983,29.304
25708,42.83065,29.304
25709,42.832317,29.309
25710,42.833983,29.312
25711,42.83565,29.314
25712,42.837317,29.314
25713,42.838983,29.318
25714,42.84065,29.323
25715,42.8423,29.323
25716,42.843967,29.328
25717,42.845633,29.329
25718,42.8473,29.322
25719,42.848967,29.322
25720,42.850633,29.317
25721,42.8523,29.306
25722,42.853967,29.305
25723,42.855633,29.305
25724,42.8573,29.311
25725,42.858967,29.314
25726,42.860633,29.317
25727,42.8623,29.317
25728,42.863967,29.315
25729,42.865633,29.316
25730,42.8673,29.312
25731,42.868967,29.312
25732,42.870633,29.316
25733,42.8723,29.314
25734,42.873967,29.314
25735,42.875617,29.315
25736,42.877283,29.314
25737,42.87895,29.311
25738,42.880617,29.311
25739,42.882367,29.308
25740,42.883967,29.31
25741,42.885667,29.317
25742,42.887283,29.317
25743,42.88895,29.32
25744,42.890617,29.331
25745,42.892283,29.325
25746,42.893967,29.325
25747,42.895617,29.321
25748,42.897283,29.323
25749,42.89895,29.323
25750,42.900617,29.315
25751,42.902283,29.308
25752,42.90395,29.307
25753,42.905617,29.307
25754,42.907283,29.301
25755,42.90895,29.304
25756,42.910617,29.313
25757,42.912283,29.313
25758,42.91395,29.312
25759,42.915717,29.316
25760,42.917283,29.316
25761,42.91895,29.316
25762,42.920617,29.318
25763,42.922283,29.32
25764,42.92395,29.32
25765,42.925617,29.32
25766,42.927283,29.326
25767,42.92895,29.328
25768,42.930617,29.328
25769,42.932283,29.326
25770,42.933933,29.322
25771,42.9356,29.315
25772,42.937267,29.315
25773,42.938933,29.316
25774,42.9406,29.319
25775,42.942267,29.328
25776,42.943933,29.328
25777,42.9456,29.332
25778,42.947267,29.33
25779,42.948933,29.333
25780,42.9506,29.333
25781,42.952267,29.334
25782,42.953933,29.342
25783,42.9556,29.342
25784,42.957267,29.347
25785,42.958933,29.344
25786,42.960633,29.341
25787,42.962267,29.341
25788,42.963933,29.333
25789,42.9656,29.325
25790,42.967267,29.324
25791,42.968933,29.324
25792,42.9706,29.319
25793,42.972267,29.314
25794,42.973933,29.317
25795,42.9756,29.317
25796,42.977283,29.31
25797,42.978933,29.314
25798,42.9806,29.318
25799,42.982267,29.318
25800,42.98395,29.321
25801,42.9856,29.325
25802,42.987267,29.325
25803,42.988933,29.33
25804,42.9906,29.335
25805,42.992267,29.334
25806,42.993917,29.334
25807,42.995583,29.325
25808,42.99725,29.325
25809,42.998917,29.319
25810,43.000617,29.319
25811,43.00225,29.318
25812,43.003917,29.329
25813,43.005583,29.325
25814,43.00725,29.325
25815,43.008917,29.334
25816,43.010583,29.332
25817,43.01225,29.332
25818,43.013917,29.333
25819,43.015583,29.329
25820,43.017317,29.314
25821,43.018917,29.314
25822,43.020583,29.313
25823,43.02225,29.313
25824,43.023917,29.309
25825,43.025583,29.309
25826,43.02725,29.31
25827,43.028917,29.304
25828,43.030583,29.293
25829,43.0323,29.293
25830,43.034017,29.286
25831,43.035583,29.282
25832,43.03725,29.282
25833,43.038917,29.282
25834,43.040583,29.285
25835,43.04225,29.293
25836,43.043917,29.293
25837,43.045583,29.293
25838,43.04725,29.298
25839,43.048917,29.298
25840,43.050683,29.298
25841,43.05225,29.3
25842,43.053917,29.307
25843,43.055567,29.307
25844,43.057233,29.307
25845,43.0589,29.315
25846,43.060567,29.309
25847,43.062233,29.31
25848,43.0639,29.31
25849,43.065567,29.308
25850,43.06725,29.31
25851,43.0689,29.31
25852,43.070567,29.313
25853,43.072233,29.312
25854,43.0739,29.317
25855,43.075567,29.317
25856,43.077233,29.316
25857,43.0789,29.326
25858,43.080567,29.33
25859,43.082233,29.33
25860,43.0839,29.327
25861,43.085567,29.32
25862,43.087233,29.311
25863,43.0889,29.311
25864,43.090567,29.308
25865,43.092233,29.303
25866,43.0939,29.303
25867,43.095567,29.305
25868,43.097233,29.307
25869,43.098917,29.305
25870,43.100567,29.305
25871,43.102233,29.308
25872,43.1039,29.305
25873,43.105567,29.306
25874,43.107233,29.306
25875,43.1089,29.309
25876,43.110567,29.312
25877,43.112233,29.317
25878,43.1139,29.317
25879,43.11555,29.319
25880,43.117217,29.317
25881,43.1189,29.316
25882,43.12055,29.316
25883,43.122217,29.316
25884,43.123883,29.32
25885,43.12555,29.32
25886,43.127217,29.325
25887,43.128883,29.325
25888,43.13055,29.323
25889,43.1322,29.323
25890,43.133867,29.312
25891,43.1356,29.302
25892,43.1372,29.301
25893,43.138867,29.301
25894,43.140533,29.299
25895,43.1422,29.299
25896,43.143867,29.298
25897,43.14555,29.298
25898,43.1472,29.289
25899,43.148867,29.287
25900,43.150533,29.287
25901,43.152283,29.291
25902,43.153867,29.291
25903,43.155533,29.293
25904,43.1572,29.293
25905,43.158883,29.296
25906,43.160533,29.29
25907,43.1622,29.294
25908,43.163867,29.294
25909,43.165533,29.29
25910,43.1672,29.285
25911,43.168867,29.286
25912,43.170533,29.286
25913,43.1722,29.284
25914,43.173867,29.303
25915,43.175517,29.303
25916,43.177217,29.308
25917,43.17885,29.31
25918,43.180517,29.318
25919,43.182183,29.318
25920,43.18385,29.302
25921,43.185517,29.298
25922,43.187183,29.297
25923,43.18885,29.297
25924,43.190517,29.291
25925,43.192183,29.291
25926,43.19385,29.292
25927,43.195517,29.292
25928,43.197183,29.297
25929,43.19885,29.299
25930,43.200517,29.299
25931,43.202183,29.299
25932,43.20385,29.304
25933,43.205517,29.296
25934,43.207183,29.296
25935,43.20885,29.288
25936,43.210517,29.285
25937,43.212183,29.28
25938,43.21385,29.28
25939,43.215517,29.286
25940,43.217183,29.296
25941,43.21885,29.301
25942,43.220517,29.301
25943,43.222183,29.302
25944,43.22385,29.296
25945,43.225517,29.29
25946,43.227183,29.29
25947,43.228883,29.294
25948,43.230517,29.294
25949,43.232183,29.294
25950,43.23385,29.298
25951,43.2355,29.299
25952,43.237167,29.292
25953,43.238833,29.292
25954,43.2405,29.29
25955,43.242167,29.282
25956,43.243833,29.282
25957,43.245517,29.282
25958,43.247167,29.286
25959,43.248833,29.288
25960,43.2505,29.289
25961,43.252167,29.289
25962,43.253883,29.286
25963,43.2555,29.283
25964,43.257167,29.276
25965,43.258833,29.276
25966,43.2605,29.28
25967,43.262167,29.285
25968,43.263833,29.285
25969,43.2655,29.285
25970,43.267167,29.282
25971,43.268833,29.275
25972,43.27055,29.275
25973,43.272167,29.263
25974,43.273833,29.26
25975,43.2755,29.266
25976,43.277167,29.266
25977,43.278833,29.268
25978,43.2805,29.277
25979,43.282167,29.282
25980,43.283833,29.282
25981,43.2855,29.283
25982,43.287267,29.29
25983,43.288833,29.29
25984,43.2905,29.286
25985,43.29215,29.286
25986,43.293817,29.287
25987,43.295483,29.287
25988,43.29715,29.28
25989,43.298817,29.28
25990,43.300483,29.273
25991,43.30215,29.273
25992,43.303817,29.272
25993,43.305483,29.274
25994,43.30715,29.273
25995,43.308817,29.273
25996,43.310483,29.276
25997,43.31215,29.273
25998,43.313817,29.272
25999,43.315483,29.272
26000,43.31715,29.273
26001,43.318817,29.275
26002,43.320517,29.275
26003,43.322167,29.277
26004,43.323817,29.273
26005,43.325483,29.266
26006,43.32715,29.266
26007,43.328817,29.255
26008,43.330483,29.249
26009,43.33215,29.247
26010,43.333817,29.247
26011,43.335483,29.252
26012,43.33715,29.26
26013,43.338817,29.262
26014,43.340483,29.262
26015,43.34215,29.263
26016,43.343817,29.258
26017,43.345483,29.258
26018,43.34715,29.252
26019,43.348817,29.249
26020,43.350483,29.25
26021,43.35215,29.25
26022,43.353817,29.259
26023,43.355467,29.261
26024,43.357133,29.258
26025,43.3588,29.258
26026,43.360467,29.259
26027,43.362133,29.252
26028,43.3638,29.251
26029,43.365467,29.251
26030,43.367133,29.263
26031,43.3688,29.262
26032,43.370467,29.262
26033,43.37215,29.262
26034,43.3738,29.262
26035,43.375467,29.26
26036,43.377133,29.26
26037,43.3788,29.259
26038,43.380467,29.257
26039,43.382133,29.255
26040,43.3838,29.255
26041,43.385467,29.253
26042,43.38715,29.254
26043,43.38885,29.261
26044,43.390467,29.261
26045,43.392133,29.268
26046,43.393833,29.275
26047,43.395517,29.28
26048,43.397133,29.28
26049,43.3988,29.277
26050,43.400467,29.279
26051,43.402133,29.279
26052,43.4038,29.279
26053,43.405467,29.276
26054,43.407133,29.28
26055,43.4088,29.28
26056,43.410467,29.281
26057,43.412133,29.286
26058,43.4138,29.287
26059,43.41545,29.287
26060,43.417117,29.287
26061,43.418783,29.286
26062,43.42045,29.282
26063,43.422117,29.282
26064,43.423767,29.284
26065,43.425433,29.285
26066,43.4271,29.285
26067,43.428767,29.281
26068,43.430433,29.272
26069,43.4321,29.268
26070,43.433767,29.268
26071,43.435433,29.266
26072,43.4371,29.266
26073,43.438767,29.266
26074,43.440433,29.266
26075,43.4421,29.265
26076,43.443767,29.26
26077,43.445433,29.262
26078,43.4471,29.262
26079,43.448767,29.262
26080,43.450433,29.261
26081,43.4521,29.263
26082,43.453767,29.263
26083,43.455433,29.257
26084,43.4571,29.256
26085,43.458767,29.256
26086,43.460433,29.255
26087,43.4621,29.258
26088,43.463767,29.26
26089,43.46545,29.26
26090,43.4671,29.263
26091,43.4688,29.264
26092,43.470433,29.26
26093,43.4721,29.26
26094,43.47375,29.266
26095,43.475417,29.265
26096,43.477083,29.266
26097,43.47875,29.266
26098,43.480417,29.266
26099,43.482083,29.266
26100,43.48375,29.266
26101,43.485417,29.272
26102,43.487083,29.279
26103,43.48875,29.276
26104,43.490417,29.276
26105,43.492083,29.272
26106,43.49375,29.265
26107,43.495417,29.258
26108,43.497083,29.258
26109,43.49875,29.259
26110,43.500417,29.256
26111,43.502083,29.256
26112,43.50375,29.256
26113,43.505417,29.256
26114,43.507083,29.259
26115,43.50875,29.258
26116,43.510417,29.258
26117,43.512083,29.26
26118,43.51375,29.26
26119,43.515417,29.26
26120,43.517083,29.253
26121,43.51875,29.251
26122,43.520417,29.245
26123,43.522083,29.245
26124,43.52385,29.241
26125,43.525417,29.242
26126,43.527083,29.242
26127,43.52875,29.242
26128,43.530417,29.24
26129,43.532083,29.249
26130,43.53375,29.248
26131,43.5354,29.248
26132,43.537067,29.247
26133,43.538733,29.253
26134,43.5404,29.253
26135,43.542067,29.252
26136,43.543733,29.253
26137,43.545433,29.259
26138,43.547067,29.259
26139,43.548733,29.263
26140,43.5504,29.262
26141,43.552067,29.268
26142,43.553733,29.268
26143,43.5554,29.268
26144,43.557067,29.27
26145,43.55875,29.273
26146,43.5604,29.273
26147,43.562083,29.274
26148,43.563733,29.274
26149,43.5654,29.272
26150,43.567067,29.272
26151,43.568733,29.275
26152,43.5704,29.269
26153,43.572067,29.269
26154,43.573733,29.267
26155,43.5754,29.261
26156,43.577067,29.253
26157,43.578733,29.253
26158,43.5804,29.258
26159,43.582067,29.264
26160,43.583733,29.267
26161,43.5854,29.267
26162,43.587067,29.266
26163,43.588733,29.261
26164,43.5904,29.261
26165,43.592067,29.261
26166,43.593733,29.261
26167,43.595383,29.261
26168,43.59705,29.261
26169,43.598717,29.267
26170,43.600383,29.268
26171,43.60205,29.277
26172,43.603717,29.277
26173,43.605383,29.283
26174,43.60705,29.278
26175,43.608783,29.279
26176,43.6104,29.279
26177,43.61205,29.269
26178,43.613717,29.271
26179,43.615383,29.271
26180,43.61705,29.271
26181,43.618717,29.268
26182,43.620383,29.267
26183,43.62205,29.267
26184,43.623717,29.26
26185,43.625383,29.257
26186,43.62705,29.251
26187,43.628717,29.251
26188,43.630383,29.251
26189,43.63205,29.25
26190,43.633717,29.249
26191,43.635383,29.249
26192,43.63705,29.251
26193,43.638717,29.248
26194,43.640383,29.243
26195,43.64205,29.243
26196,43.64375,29.245
26197,43.645383,29.245
26198,43.64705,29.248
26199,43.648717,29.248
26200,43.650383,29.252
26201,43.65205,29.259
26202,43.653717,29.259
26203,43.655367,29.266
26204,43.657033,29.272
26205,43.6587,29.279
26206,43.660367,29.279
26207,43.662033,29.276
26208,43.6637,29.277
26209,43.665367,29.28
26210,43.667033,29.28
26211,43.6687,29.283
26212,43.670367,29.287
26213,43.672033,29.283
26214,43.6737,29.283
26215,43.675367,29.274
26216,43.677033,29.271
26217,43.6787,29.271
26218,43.680367,29.265
26219,43.682033,29.266
26220,43.6837,29.269
26221,43.685383,29.269
26222,43.687083,29.264
26223,43.6887,29.269
26224,43.690367,29.274
26225,43.692033,29.274
26226,43.6937,29.274
26227,43.695367,29.274
26228,43.697033,29.267
26229,43.6987,29.267
26230,43.700367,29.262
26231,43.702033,29.26
26232,43.7037,29.265
26233,43.705367,29.265
26234,43.707033,29.266
26235,43.7087,29.262
26236,43.710367,29.262
26237,43.712033,29.259
26238,43.713683,29.258
26239,43.715333,29.263
26240,43.717,29.263
26241,43.718667,29.264
26242,43.72035,29.268
26243,43.72205,29.261
26244,43.723667,29.261
26245,43.725333,29.254
26246,43.72705,29.261
26247,43.728667,29.264
26248,43.730333,29.264
26249,43.732,29.27
26250,43.733667,29.273
26251,43.735333,29.273
26252,43.737017,29.267
26253,43.738667,29.263
26254,43.740333,29.26
26255,43.742,29.26
26256,43.743667,29.259
26257,43.745333,29.257
26258,43.747,29.264
26259,43.748667,29.264
26260,43.750333,29.263
26261,43.752,29.268
26262,43.753667,29.269
26263,43.755333,29.269
26264,43.757,29.261
26265,43.758667,29.267
26266,43.76045,29.259
26267,43.762,29.259
26268,43.763667,29.257
26269,43.765333,29.257
26270,43.767,29.257
26271,43.768667,29.254
26272,43.770333,29.259
26273,43.772,29.266
26274,43.773667,29.266
26275,43.775317,29.273
26276,43.776983,29.266
26277,43.77865,29.262
26278,43.780317,29.262
26279,43.781983,29.257
26280,43.78365,29.252
26281,43.785317,29.26
26282,43.786983,29.26
26283,43.78865,29.259
26284,43.790317,29.258
26285,43.791983,29.258
26286,43.79365,29.256
26287,43.795317,29.252
26288,43.796983,29.253
26289,43.79865,29.253
26290,43.800317,29.256
26291,43.801983,29.256
26292,43.80365,29.256
26293,43.805317,29.256
26294,43.806983,29.255
26295,43.808683,29.259
26296,43.810317,29.26
26297,43.811983,29.26
26298,43.81365,29.257
26299,43.815317,29.254
26300,43.816983,29.254
26301,43.81865,29.252
26302,43.820317,29.252
26303,43.821983,29.257
26304,43.82365,29.257
26305,43.825317,29.261
26306,43.826983,29.263
26307,43.82865,29.261
26308,43.830317,29.261
26309,43.832017,29.257
26310,43.83365,29.253
26311,43.8353,29.251
26312,43.836967,29.251
26313,43.838633,29.257
26314,43.8403,29.261
26315,43.841967,29.265
26316,43.843633,29.265
26317,43.845317,29.266
26318,43.846967,29.268
26319,43.848633,29.268
26320,43.8503,29.263
26321,43.851967,29.254
26322,43.853633,29.246
26323,43.8553,29.246
26324,43.856967,29.235
26325,43.858633,29.234
26326,43.8603,29.239
26327,43.862067,29.239
26328,43.863633,29.24
26329,43.8653,29.243
26330,43.866967,29.248
26331,43.868633,29.248
26332,43.8703,29.248
26333,43.871967,29.252
26334,43.873633,29.252
26335,43.8753,29.259
26336,43.876967,29.259
26337,43.878733,29.26
26338,43.8803,29.26
26339,43.881967,29.26
26340,43.883633,29.251
26341,43.8853,29.247
26342,43.886967,29.247
26343,43.888633,29.248
26344,43.8903,29.251
26345,43.891967,29.259
26346,43.893633,29.259
26347,43.8954,29.259
26348,43.896983,29.259
26349,43.898617,29.255
26350,43.900283,29.255
26351,43.90195,29.254
26352,43.903617,29.261
26353,43.905283,29.261
26354,43.90695,29.262
26355,43.908617,29.263
26356,43.910333,29.259
26357,43.91195,29.259
26358,43.913617,29.255
26359,43.915283,29.259
26360,43.91695,29.26
26361,43.918617,29.26
26362,43.920283,29.26
26363,43.92195,29.259
26364,43.923617,29.258
26365,43.925283,29.258
26366,43.92695,29.258
26367,43.928617,29.264
26368,43.930283,29.264
26369,43.93195,29.267
26370,43.933617,29.266
26371,43.935283,29.268
26372,43.93695,29.268
26373,43.938617,29.272
26374,43.940283,29.272
26375,43.94195,29.272
26376,43.943617,29.272
26377,43.945283,29.269
26378,43.94695,29.265
26379,43.948617,29.273
26380,43.950283,29.273
26381,43.95195,29.278
26382,43.953617,29.285
26383,43.955267,29.282
26384,43.956933,29.282
26385,43.9586,29.275
26386,43.960267,29.274
26387,43.961933,29.274
26388,43.9636,29.272
26389,43.965283,29.274
26390,43.966933,29.279
26391,43.9686,29.279
26392,43.970267,29.28
26393,43.971933,29.279
26394,43.9736,29.279
26395,43.975267,29.279
26396,43.97695,29.277
26397,43.978617,29.272
26398,43.980317,29.273
26399,43.981933,29.273
26400,43.9836,29.28
26401,43.985267,29.28
26402,43.986933,29.28
26403,43.9886,29.287
26404,43.990267,29.289
26405,43.991933,29.285
26406,43.9936,29.285
26407,43.995267,29.285
26408,43.997,29.285
26409,43.9986,29.283
26410,44.000267,29.283
26411,44.001933,29.28
26412,44.0036,29.281
26413,44.005267,29.28
26414,44.006917,29.28
26415,44.008583,29.278
26416,44.01025,29.274
26417,44.011917,29.274
26418,44.0137,29.274
26419,44.015233,29.27
26420,44.0169,29.266
26421,44.018567,29.266
26422,44.020233,29.262
26423,44.0219,29.255
26424,44.023567,29.251
26425,44.025233,29.251
26426,44.0269,29.251
26427,44.028567,29.255
26428,44.030233,29.256
26429,44.0319,29.256
26430,44.033567,29.256
26431,44.035233,29.261
26432,44.0369,29.259
26433,44.038567,29.259
26434,44.040233,29.26
26435,44.0419,29.264
26436,44.043567,29.264
26437,44.045233,29.26
26438,44.0469,29.261
26439,44.048567,29.261
26440,44.050267,29.261
26441,44.051917,29.251
26442,44.053567,29.253
26443,44.055233,29.255
26444,44.0569,29.255
26445,44.058567,29.255
26446,44.060233,29.26
26447,44.0619,29.258
26448,44.063567,29.258
26449,44.065233,29.254
26450,44.0669,29.25
26451,44.068567,29.25
26452,44.070233,29.25
26453,44.0719,29.256
26454,44.073567,29.259
26455,44.075217,29.259
26456,44.076883,29.26
26457,44.07855,29.263
26458,44.080217,29.255
26459,44.081883,29.255
26460,44.08355,29.251
26461,44.085217,29.251
26462,44.086883,29.247
26463,44.08855,29.247
26464,44.090217,29.244
26465,44.091883,29.25
26466,44.09355,29.251
26467,44.095217,29.251
26468,44.096883,29.253
26469,44.0986,29.258
26470,44.100217,29.258
26471,44.101883,29.254
26472,44.10355,29.252
26473,44.105217,29.256
26474,44.106883,29.256
26475,44.10855,29.256
26476,44.110217,29.254
26477,44.111883,29.255
26478,44.11355,29.255
26479,44.115317,29.255
26480,44.116883,29.253
26481,44.11855,29.254
26482,44.120217,29.254
26483,44.121883,29.252
26484,44.12355,29.253
26485,44.125217,29.253
26486,44.126883,29.261
26487,44.128583,29.261
26488,44.13025,29.262
26489,44.131967,29.262
26490,44.13355,29.257
26491,44.1352,29.249
26492,44.136867,29.255
26493,44.138533,29.255
26494,44.140217,29.258
26495,44.141867,29.263
26496,44.143533,29.264
26497,44.1452,29.264
26498,44.146867,29.259
26499,44.148533,29.254
26500,44.1502,29.249
26501,44.151867,29.249
26502,44.153533,29.25
26503,44.1552,29.243
26504,44.156867,29.243
26505,44.158533,29.245
26506,44.1602,29.246
26507,44.161867,29.252
26508,44.163533,29.252
26509,44.1652,29.265
26510,44.166867,29.264
26511,44.168533,29.261
26512,44.1702,29.261
26513,44.171867,29.253
26514,44.173533,29.244
26515,44.1752,29.24
26516,44.176867,29.24
26517,44.178533,29.24
26518,44.1802,29.245
26519,44.181867,29.245
26520,44.183533,29.252
26521,44.1852,29.258
26522,44.186867,29.261
26523,44.188533,29.261
26524,44.1902,29.258
26525,44.191867,29.253
26526,44.193533,29.257
26527,44.195217,29.257
26528,44.1969,29.257
26529,44.198517,29.258
26530,44.200183,29.259
26531,44.201867,29.259
26532,44.20355,29.254
26533,44.205183,29.251
26534,44.20685,29.251
26535,44.208517,29.248
26536,44.210183,29.246
26537,44.21185,29.246
26538,44.213517,29.246
26539,44.215183,29.243
26540,44.21685,29.246
26541,44.218517,29.245
26542,44.220183,29.245
26543,44.22185,29.245
26544,44.223517,29.247
26545,44.225183,29.245
26546,44.22685,29.245
26547,44.228517,29.245
26548,44.230183,29.244
26549,44.23185,29.245
26550,44.233517,29.245
26551,44.235183,29.247
26552,44.23685,29.243
26553,44.238517,29.243
26554,44.240183,29.243
26555,44.24185,29.239
26556,44.243517,29.238
26557,44.245183,29.238
26558,44.24685,29.247
26559,44.248517,29.255
26560,44.250217,29.258
26561,44.25185,29.258
26562,44.2535,29.259
26563,44.255167,29.261
26564,44.256833,29.258
26565,44.2585,29.258
26566,44.260167,29.26
26567,44.261833,29.262
26568,44.2635,29.262
26569,44.265167,29.254
26570,44.266833,29.252
26571,44.2685,29.256
26572,44.270167,29.256
26573,44.27185,29.253
26574,44.2735,29.255
26575,44.275167,29.254
26576,44.276833,29.254
26577,44.2785,29.258
26578,44.280167,29.269
26579,44.281833,29.277
26580,44.2835,29.277
26581,44.285167,29.284
26582,44.286833,29.285
26583,44.2885,29.285
26584,44.290167,29.285
26585,44.291883,29.283
26586,44.2935,29.285
26587,44.295167,29.285
26588,44.296833,29.286
26589,44.298483,29.283
26590,44.30015,29.285
26591,44.301817,29.285
26592,44.303483,29.281
26593,44.30515,29.278
26594,44.306817,29.278
26595,44.308483,29.278
26596,44.31015,29.273
26597,44.311817,29.267
26598,44.313467,29.262
26599,44.31515,29.262
26600,44.3168,29.256
26601,44.318467,29.255
26602,44.320133,29.255
26603,44.3218,29.257
26604,44.323467,29.258
26605,44.325133,29.259
26606,44.3268,29.259
26607,44.328467,29.263
26608,44.330133,29.261
26609,44.3318,29.263
26610,44.333467,29.263
26611,44.3352,29.272
26612,44.3368,29.275
26613,44.338467,29.279
26614,44.340133,29.279
26615,44.3418,29.281
26616,44.343467,29.272
26617,44.345183,29.272
26618,44.3468,29.272
26619,44.348467,29.269
26620,44.350133,29.272
26621,44.3518,29.272
26622,44.353467,29.272
26623,44.355133,29.27
26624,44.3568,29.269
26625,44.358467,29.269
26626,44.360133,29.261
26627,44.3618,29.262
26628,44.363467,29.252
26629,44.365133,29.252
26630,44.3668,29.251
26631,44.368583,29.25
26632,44.370133,29.25
26633,44.3718,29.25
26634,44.373467,29.259
26635,44.375117,29.264
26636,44.376783,29.264
26637,44.37845,29.272
26638,44.38015,29.275
26639,44.381817,29.273
26640,44.38345,29.273
26641,44.385117,29.275
26642,44.386783,29.274
26643,44.38845,29.281
26644,44.390117,29.281
26645,44.391783,29.282
26646,44.39345,29.283
26647,44.395117,29.281
26648,44.396783,29.281
26649,44.39845,29.279
26650,44.400117,29.282
26651,44.401783,29.282
26652,44.40345,29.275
26653,44.405117,29.266
26654,44.406783,29.256
26655,44.40845,29.256
26656,44.410117,29.25
26657,44.411783,29.252
26658,44.41345,29.254
26659,44.415117,29.254
26660,44.416817,29.257
26661,44.41845,29.261
26662,44.420117,29.268
26663,44.421783,29.268
26664,44.42345,29.271
26665,44.425117,29.271
26666,44.426783,29.265
26667,44.42845,29.265
26668,44.430117,29.262
26669,44.431783,29.26
26670,44.43345,29.26
26671,44.4351,29.258
26672,44.436767,29.256
26673,44.438433,29.252
26674,44.4401,29.252
26675,44.441767,29.252
26676,44.443433,29.251
26677,44.4451,29.249
26678,44.446767,29.249
26679,44.448433,29.247
26680,44.4501,29.248
26681,44.451767,29.247
26682,44.453483,29.247
26683,44.455117,29.25
26684,44.456767,29.252
26685,44.458433,29.252
26686,44.4601,29.251
26687,44.461767,29.256
26688,44.463433,29.256
26689,44.4651,29.256
26690,44.466767,29.251
26691,44.468433,29.247
26692,44.4701,29.242
26693,44.471767,29.242
26694,44.473433,29.241
26695,44.4751,29.246
26696,44.476767,29.249
26697,44.478433,29.249
26698,44.4801,29.251
26699,44.481767,29.249
26700,44.483433,29.246
26701,44.4851,29.246
26702,44.486867,29.252
26703,44.488433,29.252
26704,44.4901,29.252
26705,44.491767,29.252
26706,44.493417,29.254
26707,44.495117,29.25
26708,44.49675,29.25
26709,44.498417,29.247
26710,44.500083,29.248
26711,44.50175,29.244
26712,44.503417,29.244
26713,44.505083,29.244
26714,44.50675,29.25
26715,44.508417,29.256
26716,44.510083,29.256
26717,44.51175,29.259
26718,44.513417,29.251
26719,44.515083,29.251
26720,44.51675,29.244
26721,44.518417,29.238
26722,44.520083,29.246
26723,44.52175,29.246
26724,44.523417,29.254
26725,44.525083,29.258
26726,44.52675,29.253
26727,44.528417,29.253
26728,44.530083,29.246
26729,44.53175,29.244
26730,44.533417,29.245
26731,44.535083,29.245
26732,44.53675,29.248
26733,44.538417,29.248
26734,44.540083,29.248
26735,44.541767,29.248
26736,44.543417,29.248
26737,44.545083,29.247
26738,44.54675,29.247
26739,44.548417,29.245
26740,44.550083,29.242
26741,44.55175,29.239
26742,44.5534,29.239
26743,44.555067,29.247
26744,44.556733,29.244
26745,44.5584,29.245
26746,44.560067,29.245
26747,44.56175,29.241
26748,44.563467,29.23
26749,44.565067,29.234
26750,44.566733,29.234
26751,44.5684,29.238
26752,44.570067,29.243
26753,44.5718,29.247
26754,44.5734,29.247
26755,44.575067,29.249
26756,44.576733,29.251
26757,44.5784,29.251
26758,44.580067,29.248
26759,44.581733,29.244
26760,44.5834,29.242
26761,44.585067,29.242
26762,44.586733,29.241
26763,44.5884,29.247
26764,44.59005,29.248
26765,44.591717,29.248
26766,44.593383,29.24
26767,44.59505,29.24
26768,44.596717,29.24
26769,44.598383,29.242
26770,44.60005,29.246
26771,44.601717,29.253
26772,44.603383,29.253
26773,44.605167,29.25
26774,44.606717,29.244
26775,44.608383,29.245
26776,44.61005,29.245
26777,44.611717,29.245
26778,44.613383,29.242
26779,44.615033,29.241
26780,44.6167,29.241
26781,44.618367,29.24
26782,44.620033,29.242
26783,44.6217,29.25
26784,44.623367,29.25
26785,44.625033,29.252
26786,44.6267,29.251
26787,44.628367,29.251
26788,44.630033,29.247
26789,44.6317,29.242
26790,44.6334,29.24
26791,44.635033,29.24
26792,44.636733,29.235
26793,44.638367,29.235
26794,44.640033,29.236
26795,44.6417,29.236
26796,44.643367,29.24
26797,44.645033,29.244
26798,44.6467,29.247
26799,44.648367,29.247
26800,44.650033,29.249
26801,44.6517,29.241
26802,44.653367,29.241
26803,44.655033,29.236
26804,44.6567,29.235
26805,44.658367,29.236
26806,44.660033,29.236
26807,44.6617,29.246
26808,44.663367,29.252
26809,44.665033,29.255
26810,44.6667,29.255
26811,44.668367,29.257
26812,44.670033,29.254
26813,44.6717,29.26
26814,44.67335,29.26
26815,44.675017,29.256
26816,44.676683,29.254
26817,44.67835,29.252
26818,44.680017,29.252
26819,44.681683,29.253
26820,44.68335,29.258
26821,44.685017,29.258
26822,44.686683,29.26
26823,44.68835,29.263
26824,44.690083,29.257
26825,44.691683,29.257
26826,44.69335,29.254
26827,44.695017,29.254
26828,44.696683,29.253
26829,44.69835,29.253
26830,44.700017,29.254
26831,44.701683,29.253
26832,44.70335,29.252
26833,44.705017,29.252
26834,44.706783,29.253
26835,44.708383,29.254
26836,44.710033,29.254
26837,44.711683,29.254
26838,44.71335,29.255
26839,44.715017,29.254
26840,44.716683,29.254
26841,44.71835,29.252
26842,44.720017,29.258
26843,44.721683,29.262
26844,44.723433,29.262
26845,44.725017,29.26
26846,44.726683,29.262
26847,44.72835,29.265
26848,44.730017,29.265
26849,44.731683,29.267
26850,44.73335,29.275
26851,44.735,29.28
26852,44.736667,29.28
26853,44.738333,29.279
26854,44.74,29.278
26855,44.741667,29.278
26856,44.743333,29.272
26857,44.745,29.272
26858,44.746667,29.272
26859,44.748333,29.272
26860,44.75,29.266
26861,44.751667,29.263
26862,44.753333,29.262
26863,44.755,29.262
26864,44.756667,29.259
26865,44.758333,29.26
26866,44.76,29.26
26867,44.761667,29.26
26868,44.763333,29.255
26869,44.765,29.257
26870,44.766667,29.257
26871,44.768333,29.261
26872,44.77,29.259
26873,44.771683,29.26
26874,44.773333,29.26
26875,44.775,29.259
26876,44.776667,29.259
26877,44.778333,29.268
26878,44.780017,29.268
26879,44.781667,29.266
26880,44.783333,29.263
26881,44.785,29.254
26882,44.786667,29.254
26883,44.788367,29.249
26884,44.79,29.248
26885,44.791667,29.248
26886,44.793333,29.25
26887,44.794983,29.253
26888,44.79665,29.252
26889,44.798317,29.252
26890,44.799983,29.254
26891,44.80165,29.255
26892,44.803317,29.259
26893,44.804983,29.259
26894,44.80665,29.259
26895,44.808317,29.261
26896,44.809983,29.258
26897,44.81165,29.258
26898,44.813317,29.254
26899,44.814983,29.25
26900,44.81665,29.249
26901,44.818317,29.249
26902,44.819983,29.249
26903,44.82165,29.25
26904,44.823317,29.25
26905,44.82505,29.26
26906,44.82665,29.265
26907,44.828317,29.266
26908,44.829983,29.266
26909,44.83165,29.263
26910,44.833317,29.251
26911,44.834983,29.241
26912,44.83665,29.241
26913,44.838317,29.241
26914,44.839983,29.242
26915,44.841717,29.249
26916,44.843317,29.249
26917,44.844983,29.252
26918,44.84665,29.251
26919,44.848317,29.251
26920,44.849983,29.251
26921,44.85165,29.245
26922,44.853317,29.247
26923,44.854967,29.247
26924,44.856633,29.248
26925,44.858433,29.249
26926,44.859983,29.256
26927,44.861683,29.256
26928,44.8633,29.257
26929,44.864967,29.262
26930,44.866633,29.264
26931,44.8683,29.264
26932,44.869967,29.268
26933,44.871633,29.265
26934,44.8733,29.26
26935,44.874967,29.26
26936,44.876633,29.261
26937,44.8783,29.257
26938,44.87995,29.257
26939,44.881617,29.256
26940,44.883283,29.261
26941,44.88495,29.257
26942,44.886617,29.257
26943,44.888283,29.257
26944,44.88995,29.26
26945,44.891617,29.255
26946,44.893283,29.255
26947,44.89495,29.253
26948,44.896617,29.244
26949,44.898283,29.239
26950,44.89995,29.239
26951,44.901617,29.24
26952,44.903283,29.239
26953,44.90495,29.239
26954,44.906617,29.244
26955,44.908283,29.248
26956,44.90995,29.243
26957,44.911617,29.243
26958,44.913267,29.24
26959,44.914933,29.238
26960,44.9166,29.237
26961,44.918267,29.237
26962,44.919933,29.238
26963,44.9216,29.237
26964,44.923267,29.238
26965,44.924933,29.238
26966,44.9266,29.236
26967,44.928317,29.243
26968,44.929933,29.252
26969,44.9316,29.252
26970,44.933267,29.259
26971,44.934933,29.262
26972,44.9366,29.262
26973,44.938267,29.258
26974,44.939933,29.256
26975,44.9416,29.251
26976,44.943367,29.251
26977,44.944933,29.249
26978,44.946617,29.253
26979,44.948267,29.257
26980,44.949933,29.257
26981,44.9516,29.259
26982,44.953267,29.266
26983,44.954933,29.264
26984,44.9566,29.264
26985,44.958267,29.258
26986,44.960033,29.264
26987,44.9616,29.264
26988,44.963267,29.262
26989,44.964933,29.262
26990,44.9666,29.268
26991,44.968267,29.268
26992,44.969933,29.263
26993,44.9716,29.257
26994,44.973267,29.254
26995,44.974917,29.254
26996,44.9767,29.248
26997,44.97825,29.245
26998,44.979917,29.247
26999,44.981583,29.247
27000,44.98325,29.246
27001,44.984917,29.246
27002,44.986583,29.246
27003,44.98825,29.248
27004,44.989917,29.254
27005,44.991583,29.26
27006,44.99325,29.26
27007,44.994917,29.26
27008,44.996583,29.259
27009,44.99825,29.254
27010,44.999917,29.254
27011,45.001583,29.251
27012,45.003267,29.253
27013,45.004917,29.257
27014,45.006583,29.257
27015,45.00825,29.258
27016,45.009917,29.259
27017,45.011583,29.259
27018,45.01325,29.259
27019,45.014917,29.26
27020,45.016583,29.255
27021,45.01825,29.255
27022,45.019917,29.253
27023,45.021583,29.251
27024,45.02325,29.246
27025,45.024917,29.246
27026,45.026583,29.241
27027,45.02825,29.24
27028,45.029917,29.241
27029,45.031583,29.241
27030,45.033233,29.25
27031,45.0349,29.256
27032,45.036567,29.26
27033,45.038233,29.26
27034,45.0399,29.261
27035,45.041567,29.262
27036,45.043233,29.262
27037,45.044917,29.268
27038,45.046583,29.276
27039,45.048233,29.275
27040,45.0499,29.275
27041,45.051567,29.267
27042,45.053233,29.263
27043,45.0549,29.257
27044,45.056567,29.257
27045,45.058233,29.256
27046,45.0599,29.258
27047,45.06165,29.262
27048,45.063233,29.262
27049,45.0649,29.261
27050,45.066567,29.257
27051,45.068233,29.252
27052,45.0699,29.252
27053,45.071567,29.248
27054,45.073233,29.246
27055,45.0749,29.246
27056,45.076567,29.247
27057,45.0783,29.248
27058,45.0799,29.247
27059,45.081567,29.247
27060,45.083233,29.252
27061,45.0849,29.255
27062,45.086567,29.256
27063,45.088233,29.256
27064,45.0899,29.254
27065,45.091567,29.258
27066,45.093233,29.264
27067,45.095017,29.264
27068,45.09655,29.269
27069,45.098217,29.272
27070,45.099883,29.272
27071,45.10155,29.265
27072,45.103217,29.251
27073,45.104883,29.246
27074,45.10655,29.246
27075,45.108217,29.242
27076,45.109883,29.243
27077,45.11155,29.249
27078,45.113217,29.249
27079,45.114883,29.242
27080,45.11655,29.245
27081,45.118217,29.247
27082,45.119883,29.247
27083,45.12155,29.247
27084,45.123217,29.25
27085,45.124883,29.249
27086,45.12655,29.249
27087,45.128217,29.252
27088,45.129883,29.251
27089,45.13155,29.251
27090,45.133217,29.254
27091,45.1349,29.254
27092,45.13655,29.245
27093,45.138217,29.245
27094,45.139883,29.246
27095,45.14155,29.248
27096,45.143217,29.247
27097,45.144883,29.247
27098,45.14655,29.244
27099,45.148217,29.24
27100,45.149917,29.237
27101,45.15155,29.237
27102,45.153217,29.239
27103,45.154867,29.247
27104,45.156533,29.247
27105,45.1582,29.251
27106,45.159867,29.252
27107,45.161533,29.252
27108,45.1632,29.252
27109,45.164867,29.25
27110,45.166533,29.256
27111,45.1682,29.258
27112,45.169867,29.258
27113,45.171517,29.26
27114,45.173183,29.261
27115,45.17485,29.255
27116,45.176517,29.255
27117,45.178183,29.256
27118,45.1799,29.255
27119,45.181517,29.255
27120,45.183183,29.256
27121,45.18485,29.261
27122,45.186517,29.259
27123,45.188183,29.259
27124,45.18985,29.259
27125,45.191517,29.257
27126,45.193183,29.252
27127,45.19485,29.252
27128,45.196517,29.246
27129,45.198183,29.246
27130,45.19985,29.247
27131,45.201517,29.247
27132,45.203183,29.247
27133,45.20485,29.249
27134,45.206517,29.249
27135,45.208183,29.249
27136,45.20985,29.248
27137,45.211517,29.244
27138,45.213283,29.244
27139,45.21485,29.244
27140,45.2165,29.242
27141,45.218167,29.241
27142,45.219833,29.241
27143,45.2215,29.247
27144,45.223167,29.251
27145,45.22485,29.252
27146,45.226567,29.252
27147,45.228167,29.254
27148,45.229833,29.253
27149,45.2315,29.252
27150,45.233167,29.252
27151,45.234833,29.246
27152,45.2365,29.248
27153,45.238167,29.248
27154,45.239833,29.248
27155,45.2415,29.25
27156,45.243167,29.254
27157,45.244833,29.254
27158,45.2465,29.251
27159,45.248167,29.251
27160,45.249833,29.245
27161,45.2515,29.245
27162,45.253167,29.243
27163,45.254833,29.24
27164,45.2565,29.241
27165,45.258167,29.241
27166,45.259833,29.242
27167,45.2615,29.236
27168,45.263167,29.237
27169,45.264833,29.237
27170,45.2665,29.238
27171,45.268167,29.237
27172,45.269833,29.237
27173,45.2715,29.241
27174,45.273167,29.24
27175,45.274817,29.233
27176,45.276483,29.233
27177,45.27815,29.228
27178,45.279817,29.224
27179,45.281483,29.224
27180,45.28315,29.224
27181,45.284817,29.23
27182,45.286483,29.234
27183,45.28815,29.237
27184,45.289817,29.237
27185,45.291483,29.233
27186,45.2932,29.224
27187,45.294817,29.224
27188,45.296483,29.225
27189,45.298217,29.229
27190,45.299817,29.238
27191,45.301483,29.238
27192,45.30315,29.243
27193,45.304817,29.245
27194,45.306483,29.245
27195,45.30815,29.245
27196,45.309817,29.243
27197,45.311483,29.24
27198,45.31315,29.235
27199,45.314817,29.235
27200,45.316483,29.239
27201,45.31815,29.238
27202,45.319817,29.245
27203,45.321483,29.245
27204,45.32315,29.254
27205,45.324817,29.259
27206,45.326483,29.259
27207,45.32815,29.261
27208,45.329817,29.259
27209,45.331533,29.256
27210,45.33315,29.256
27211,45.3348,29.248
27212,45.336467,29.253
27213,45.338133,29.259
27214,45.3398,29.259
27215,45.341467,29.261
27216,45.343133,29.264
27217,45.3448,29.258
27218,45.346467,29.258
27219,45.348133,29.254
27220,45.349817,29.258
27221,45.351467,29.258
27222,45.353133,29.261
27223,45.3548,29.265
27224,45.356467,29.268
27225,45.358133,29.268
27226,45.3598,29.263
27227,45.361467,29.263
27228,45.363133,29.259
27229,45.3648,29.259
27230,45.366467,29.261
27231,45.368133,29.268
27232,45.369833,29.268
27233,45.371467,29.268
27234,45.373183,29.27
27235,45.3748,29.264
27236,45.376467,29.265
27237,45.378133,29.265
27238,45.3798,29.26
27239,45.381467,29.266
27240,45.383133,29.266
27241,45.3848,29.269
27242,45.386467,29.263
27243,45.388133,29.264
27244,45.3898,29.264
27245,45.391467,29.257
27246,45.393133,29.256
27247,45.394783,29.262
27248,45.39645,29.262
27249,45.398117,29.267
27250,45.399783,29.272
27251,45.40145,29.273
27252,45.403117,29.273
27253,45.404783,29.269
27254,45.40645,29.265
27255,45.408117,29.265
27256,45.409783,29.264
27257,45.41145,29.269
27258,45.413117,29.267
27259,45.414783,29.267
27260,45.4165,29.267
27261,45.418117,29.265
27262,45.419783,29.262
27263,45.42145,29.262
27264,45.423117,29.269
27265,45.424783,29.271
27266,45.42645,29.27
27267,45.428117,29.27
27268,45.429783,29.271
27269,45.43145,29.266
27270,45.433117,29.266
27271,45.434783,29.267
27272,45.43645,29.271
27273,45.438117,29.272
27274,45.439783,29.272
27275,45.44145,29.275
27276,45.443117,29.275
27277,45.444783,29.274
27278,45.44645,29.274
27279,45.44815,29.273
27280,45.4499,29.267
27281,45.45145,29.265
27282,45.453117,29.265
27283,45.454767,29.262
27284,45.456433,29.252
27285,45.4581,29.252
27286,45.459767,29.252
27287,45.461433,29.245
27288,45.463083,29.24
27289,45.46475,29.24
27290,45.466417,29.244
27291,45.468083,29.241
27292,45.46975,29.25
27293,45.471417,29.25
27294,45.473083,29.253
27295,45.47475,29.253
27296,45.476417,29.255
27297,45.478083,29.255
27298,45.47975,29.251
27299,45.481417,29.248
27300,45.483083,29.253
27301,45.48475,29.253
27302,45.486417,29.252
27303,45.488083,29.251
27304,45.48975,29.251
27305,45.491417,29.252
27306,45.493083,29.247
27307,45.49475,29.247
27308,45.496417,29.247
27309,45.498083,29.254
27310,45.49975,29.26
27311,45.501417,29.268
27312,45.503083,29.268
27313,45.50475,29.272
27314,45.506417,29.268
27315,45.508083,29.265
27316,45.50975,29.265
27317,45.511417,29.257
27318,45.513083,29.262
27319,45.514733,29.266
27320,45.516433,29.266
27321,45.518083,29.268
27322,45.519783,29.268
27323,45.5214,29.268
27324,45.523067,29.26
27325,45.52475,29.257
27326,45.5264,29.259
27327,45.528067,29.259
27328,45.529733,29.264
27329,45.5314,29.268
27330,45.533067,29.264
27331,45.53475,29.264
27332,45.5364,29.263
27333,45.538067,29.261
27334,45.539733,29.256
27335,45.5414,29.256
27336,45.543067,29.26
27337,45.544733,29.256
27338,45.5464,29.256
27339,45.548067,29.259
27340,45.549733,29.26
27341,45.5514,29.259
27342,45.553067,29.259
27343,45.554733,29.258
27344,45.5564,29.256
27345,45.558067,29.253
27346,45.559733,29.253
27347,45.5614,29.251
27348,45.563067,29.249
27349,45.564733,29.245
27350,45.5664,29.245
27351,45.568183,29.246
27352,45.569733,29.244
27353,45.5714,29.244
27354,45.573067,29.249
27355,45.574717,29.255
27356,45.576383,29.254
27357,45.57805,29.254
27358,45.579717,29.257
27359,45.581383,29.252
27360,45.58305,29.252
27361,45.584717,29.252
27362,45.586383,29.256
27363,45.58805,29.256
27364,45.589717,29.256
27365,45.591383,29.256
27366,45.59305,29.254
27367,45.594767,29.251
27368,45.596383,29.256
27369,45.59805,29.256
27370,45.599717,29.262
27371,45.601383,29.268
27372,45.60305,29.268
27373,45.604717,29.275
27374,45.606383,29.275
27375,45.60805,29.276
27376,45.609717,29.276
27377,45.611383,29.269
27378,45.61305,29.264
27379,45.614717,29.256
27380,45.616383,29.256
27381,45.61805,29.253
27382,45.619717,29.256
27383,45.621383,29.254
27384,45.62305,29.254
27385,45.624717,29.258
27386,45.626383,29.253
27387,45.62805,29.253
27388,45.629717,29.251
27389,45.631383,29.257
27390,45.63305,29.261
27391,45.6347,29.261
27392,45.636367,29.263
27393,45.638033,29.265
27394,45.6397,29.262
27395,45.641367,29.262
27396,45.643033,29.262
27397,45.6447,29.268
27398,45.646367,29.273
27399,45.648033,29.273
27400,45.6497,29.276
27401,45.651367,29.278
27402,45.6531,29.276
27403,45.6547,29.276
27404,45.6564,29.274
27405,45.65805,29.27
27406,45.6597,29.27
27407,45.661367,29.262
27408,45.663033,29.261
27409,45.6647,29.262
27410,45.666367,29.262
27411,45.668033,29.268
27412,45.669767,29.275
27413,45.671367,29.274
27414,45.673033,29.274
27415,45.6747,29.274
27416,45.676367,29.276
27417,45.678033,29.28
27418,45.6797,29.28
27419,45.681367,29.287
27420,45.683033,29.287
27421,45.6847,29.287
27422,45.68645,29.285
27423,45.688033,29.285
27424,45.6897,29.278
27425,45.691367,29.278
27426,45.693033,29.278
27427,45.694683,29.275
27428,45.69635,29.277
27429,45.698017,29.277
27430,45.699683,29.285
27431,45.70135,29.28
27432,45.7031,29.278
27433,45.704683,29.278
27434,45.70635,29.277
27435,45.708017,29.274
27436,45.709683,29.28
27437,45.71135,29.28
27438,45.713017,29.285
27439,45.714683,29.28
27440,45.71635,29.28
27441,45.718017,29.278
27442,45.719683,29.271
27443,45.72135,29.265
27444,45.723017,29.265
27445,45.724683,29.263
27446,45.72635,29.258
27447,45.728017,29.263
27448,45.729683,29.263
27449,45.73135,29.269
27450,45.733017,29.276
27451,45.734733,29.282
27452,45.736417,29.282
27453,45.738017,29.278
27454,45.739683,29.276
27455,45.74135,29.276
27456,45.743017,29.268
27457,45.744683,29.263
27458,45.74635,29.268
27459,45.748017,29.268
27460,45.749683,29.263
27461,45.75135,29.264
27462,45.753017,29.267
27463,45.75465,29.267
27464,45.756317,29.263
27465,45.757983,29.262
27466,45.75965,29.261
27467,45.761317,29.261
27468,45.762983,29.256
27469,45.76465,29.255
27470,45.766317,29.255
27471,45.767983,29.262
27472,45.76965,29.267
27473,45.771317,29.269
27474,45.772983,29.269
27475,45.77465,29.275
27476,45.776317,29.274
27477,45.777983,29.277
27478,45.77965,29.277
27479,45.781317,29.28
27480,45.782983,29.28
27481,45.78465,29.282
27482,45.786317,29.282
27483,45.78805,29.275
27484,45.78965,29.273
27485,45.791317,29.275
27486,45.792983,29.275
27487,45.79465,29.274
27488,45.796317,29.276
27489,45.797983,29.276
27490,45.79965,29.272
27491,45.801317,29.264
27492,45.802983,29.263
27493,45.804717,29.263
27494,45.806317,29.259
27495,45.808,29.258
27496,45.80965,29.256
27497,45.811317,29.256
27498,45.812983,29.257
27499,45.814633,29.257
27500,45.8163,29.258
27501,45.817967,29.258
27502,45.819633,29.256
27503,45.821417,29.249
27504,45.822967,29.249
27505,45.824633,29.248
27506,45.8263,29.252
27507,45.827967,29.252
27508,45.829633,29.252
27509,45.8313,29.255
27510,45.832967,29.253
27511,45.834633,29.254
27512,45.8363,29.254
27513,45.837967,29.258
27514,45.839633,29.255
27515,45.8413,29.26
27516,45.842967,29.26
27517,45.844633,29.256
27518,45.8463,29.254
27519,45.847967,29.251
27520,45.849633,29.251
27521,45.8513,29.245
27522,45.852967,29.24
27523,45.854633,29.24
27524,45.8563,29.24
27525,45.857967,29.243
27526,45.859633,29.24
27527,45.8613,29.24
27528,45.862967,29.245
27529,45.864633,29.245
27530,45.8663,29.252
27531,45.867967,29.252
27532,45.869633,29.256
27533,45.8713,29.254
27534,45.87295,29.256
27535,45.874617,29.256
27536,45.876283,29.251
27537,45.87795,29.255
27538,45.87965,29.255
27539,45.881283,29.259
27540,45.88295,29.262
27541,45.884617,29.263
27542,45.886283,29.263
27543,45.88795,29.267
27544,45.889617,29.27
27545,45.891283,29.271
27546,45.89295,29.271
27547,45.894617,29.277
27548,45.896283,29.278
27549,45.89795,29.275
27550,45.899617,29.275
27551,45.901283,29.274
27552,45.90295,29.271
27553,45.904617,29.266
27554,45.9063,29.266
27555,45.90795,29.265
27556,45.909617,29.27
27557,45.911283,29.27
27558,45.91295,29.273
27559,45.914617,29.278
27560,45.916283,29.284
27561,45.91795,29.284
27562,45.919617,29.282
27563,45.921283,29.276
27564,45.922983,29.276
27565,45.924617,29.276
27566,45.926283,29.271
27567,45.92795,29.27
27568,45.929617,29.276
27569,45.931283,29.276
27570,45.93295,29.274
27571,45.9346,29.274
27572,45.936267,29.274
27573,45.937933,29.271
27574,45.939717,29.264
27575,45.941267,29.266
27576,45.942933,29.266
27577,45.9446,29.269
27578,45.946267,29.27
27579,45.947933,29.275
27580,45.9496,29.275
27581,45.951267,29.271
27582,45.95295,29.269
27583,45.954617,29.267
27584,45.956267,29.267
27585,45.957933,29.26
27586,45.9596,29.259
27587,45.961267,29.263
27588,45.962933,29.263
27589,45.9646,29.261
27590,45.966267,29.269
27591,45.967933,29.269
27592,45.9696,29.276
27593,45.971267,29.276
27594,45.972933,29.278
27595,45.9746,29.278
27596,45.976267,29.273
27597,45.977933,29.267
27598,45.9796,29.269
27599,45.981283,29.269
27600,45.982933,29.277
27601,45.9846,29.283
27602,45.986267,29.293
27603,45.987933,29.293
27604,45.9896,29.299
27605,45.991267,29.3
27606,45.992933,29.3
27607,45.994583,29.298
27608,45.99625,29.295
27609,45.997917,29.298
27610,45.999583,29.298
27611,46.00125,29.3
27612,46.002917,29.305
27613,46.004583,29.304
27614,46.00625,29.304
27615,46.007917,29.299
27616,46.009583,29.293
27617,46.01125,29.288
27618,46.012917,29.288
27619,46.014583,29.289
27620,46.01625,29.285
27621,46.017917,29.285
27622,46.019583,29.288
27623,46.02125,29.29
27624,46.022917,29.288
27625,46.024667,29.288
27626,46.02625,29.291
27627,46.027917,29.289
27628,46.029583,29.288
27629,46.03125,29.288
27630,46.032917,29.28
27631,46.034583,29.279
27632,46.03625,29.279
27633,46.037917,29.279
27634,46.039583,29.28
27635,46.04125,29.289
27636,46.042917,29.289
27637,46.044583,29.289
27638,46.046233,29.289
27639,46.0479,29.289
27640,46.049567,29.289
27641,46.051233,29.288
27642,46.052883,29.294
27643,46.05455,29.29
27644,46.056217,29.29
27645,46.058017,29.286
27646,46.05955,29.279
27647,46.061217,29.275
27648,46.062883,29.275
27649,46.06455,29.28
27650,46.066217,29.284
27651,46.067883,29.288
27652,46.06955,29.288
27653,46.071217,29.292
27654,46.072883,29.291
27655,46.07455,29.291
27656,46.076217,29.284
27657,46.077883,29.278
27658,46.07955,29.268
27659,46.081217,29.268
27660,46.082883,29.261
27661,46.08455,29.262
27662,46.086217,29.262
27663,46.087883,29.262
27664,46.08955,29.267
27665,46.091217,29.274
27666,46.092883,29.277
27667,46.09455,29.277
27668,46.096217,29.285
27669,46.0979,29.283
27670,46.09955,29.289
27671,46.1013,29.289
27672,46.102883,29.288
27673,46.10455,29.283
27674,46.106217,29.283
27675,46.107883,29.283
27676,46.10955,29.278
27677,46.111217,29.284
27678,46.112883,29.284
27679,46.114533,29.291
27680,46.1162,29.29
27681,46.117867,29.286
27682,46.119533,29.286
27683,46.1212,29.282
27684,46.122867,29.273
27685,46.124533,29.272
27686,46.1262,29.272
27687,46.127867,29.276
27688,46.129533,29.275
27689,46.1312,29.275
27690,46.132867,29.279
27691,46.134533,29.278
27692,46.1362,29.274
27693,46.137867,29.274
27694,46.139533,29.273
27695,46.1412,29.27
27696,46.142933,29.267
27697,46.144533,29.267
27698,46.1462,29.262
27699,46.147867,29.255
27700,46.149533,29.255
27701,46.1512,29.255
27702,46.152867,29.26
27703,46.154533,29.266
27704,46.156217,29.268
27705,46.157867,29.268
27706,46.159533,29.27
27707,46.1612,29.262
27708,46.162867,29.262
27709,46.164533,29.264
27710,46.1662,29.269
27711,46.167867,29.272
27712,46.169533,29.272
27713,46.171233,29.279
27714,46.172867,29.277
27715,46.174517,29.272
27716,46.176283,29.272
27717,46.17785,29.274
27718,46.179517,29.277
27719,46.181183,29.279
27720,46.18285,29.279
27721,46.184517,29.277
27722,46.186183,29.268
27723,46.18785,29.268
27724,46.189517,29.263
27725,46.191183,29.263
27726,46.19285,29.267
27727,46.194517,29.267
27728,46.196183,29.275
27729,46.19785,29.277
27730,46.199517,29.271
27731,46.201183,29.271
27732,46.20285,29.268
27733,46.204517,29.265
27734,46.206183,29.26
27735,46.20785,29.26
27736,46.209517,29.263
27737,46.211183,29.27
27738,46.21285,29.27
27739,46.214517,29.27
27740,46.216183,29.268
27741,46.21785,29.265
27742,46.219517,29.265
27743,46.221183,29.261
27744,46.22285,29.258
27745,46.224517,29.258
27746,46.226183,29.258
27747,46.22785,29.259
27748,46.229517,29.255
27749,46.231183,29.254
27750,46.23285,29.254
27751,46.2345,29.256
27752,46.236167,29.253
27753,46.237833,29.253
27754,46.2395,29.253
27755,46.241167,29.252
27756,46.24285,29.245
27757,46.24455,29.245
27758,46.246217,29.25
27759,46.247833,29.249
27760,46.2495,29.251
27761,46.251167,29.251
27762,46.252833,29.255
27763,46.2545,29.258
27764,46.256167,29.265
27765,46.257833,29.265
27766,46.2595,29.263
27767,46.261233,29.265
27768,46.262833,29.26
27769,46.2645,29.26
27770,46.266167,29.26
27771,46.267833,29.264
27772,46.2695,29.264
27773,46.271167,29.269
27774,46.272833,29.272
27775,46.2745,29.268
27776,46.276167,29.268
27777,46.277833,29.264
27778,46.2795,29.258
27779,46.281167,29.263
27780,46.282833,29.263
27781,46.2845,29.269
27782,46.286167,29.272
27783,46.287833,29.274
27784,46.2895,29.274
27785,46.291167,29.266
27786,46.292833,29.265
27787,46.2946,29.265
27788,46.29615,29.265
27789,46.297817,29.263
27790,46.299483,29.267
27791,46.30115,29.267
27792,46.302817,29.264
27793,46.304483,29.26
27794,46.30615,29.26
27795,46.307817,29.26
27796,46.309483,29.254
27797,46.31115,29.251
27798,46.312817,29.259
27799,46.314483,29.259
27800,46.31615,29.267
27801,46.317817,29.275
27802,46.319483,29.275
27803,46.321167,29.275
27804,46.322833,29.273
27805,46.324517,29.267
27806,46.32615,29.267
27807,46.327817,29.26
27808,46.329483,29.26
27809,46.33115,29.255
27810,46.332817,29.255
27811,46.334483,29.26
27812,46.33615,29.26
27813,46.3378,29.26
27814,46.339467,29.26
27815,46.341133,29.266
27816,46.3428,29.271
27817,46.344467,29.284
27818,46.346133,29.284
27819,46.3478,29.294
27820,46.349467,29.299
27821,46.351133,29.299
27822,46.3528,29.297
27823,46.35445,29.29
27824,46.356117,29.286
27825,46.357783,29.286
27826,46.35945,29.281
27827,46.361117,29.283
27828,46.362783,29.279
27829,46.36445,29.279
27830,46.366117,29.282
27831,46.367783,29.283
27832,46.36945,29.284
27833,46.371117,29.284
27834,46.372783,29.297
27835,46.37445,29.305
27836,46.376117,29.306
27837,46.377783,29.306
27838,46.3795,29.306
27839,46.381117,29.301
27840,46.382783,29.301
27841,46.38445,29.292
27842,46.386117,29.292
27843,46.387783,29.298
27844,46.38945,29.298
27845,46.391117,29.295
27846,46.392783,29.296
27847,46.3945,29.296
27848,46.396183,29.296
27849,46.397783,29.291
27850,46.39945,29.29
27851,46.401117,29.289
27852,46.402783,29.289
27853,46.40445,29.291
27854,46.406117,29.287
27855,46.407783,29.287
27856,46.40945,29.284
27857,46.411117,29.278
27858,46.4129,29.268
27859,46.414433,29.268
27860,46.4161,29.268
27861,46.417767,29.268
27862,46.419433,29.266
27863,46.4211,29.266
27864,46.422767,29.265
27865,46.424433,29.259
27866,46.4261,29.26
27867,46.427767,29.26
27868,46.429433,29.262
27869,46.4311,29.266
27870,46.432767,29.274
27871,46.434433,29.274
27872,46.4361,29.276
27873,46.437767,29.283
27874,46.439433,29.283
27875,46.4411,29.294
27876,46.442767,29.3
27877,46.444433,29.299
27878,46.4461,29.299
27879,46.447767,29.292
27880,46.449433,29.286
27881,46.4511,29.281
27882,46.452767,29.281
27883,46.454433,29.283
27884,46.4561,29.284
27885,46.457767,29.28
27886,46.459433,29.28
27887,46.4611,29.284
27888,46.462767,29.283
27889,46.464433,29.283
27890,46.4661,29.289
27891,46.467767,29.292
27892,46.469433,29.288
27893,46.4711,29.288
27894,46.4728,29.284
27895,46.47445,29.276
27896,46.476083,29.269
27897,46.47775,29.269
27898,46.479417,29.263
27899,46.481083,29.269
27900,46.48275,29.269
27901,46.484417,29.269
27902,46.486083,29.276
27903,46.48775,29.287
27904,46.489417,29.287
27905,46.491083,29.287
27906,46.49275,29.294
27907,46.494417,29.299
27908,46.496083,29.299
27909,46.497767,29.292
27910,46.499417,29.291
27911,46.501083,29.297
27912,46.50275,29.297
27913,46.504417,29.295
27914,46.506083,29.293
27915,46.50775,29.289
27916,46.509417,29.289
27917,46.511083,29.281
27918,46.51275,29.28
27919,46.514467,29.283
27920,46.516083,29.283
27921,46.51775,29.286
27922,46.519417,29.29
27923,46.521083,29.29
27924,46.52275,29.292
27925,46.524417,29.291
27926,46.526083,29.298
27927,46.52775,29.298
27928,46.529417,29.305
27929,46.531133,29.303
27930,46.53275,29.311
27931,46.5344,29.311
27932,46.536067,29.31
27933,46.537733,29.302
27934,46.5394,29.304
27935,46.541067,29.304
27936,46.542733,29.3
27937,46.5444,29.299
27938,46.546067,29.305
27939,46.54785,29.305
27940,46.5494,29.302
27941,46.551117,29.301
27942,46.552817,29.301
27943,46.5544,29.303
27944,46.556067,29.297
27945,46.557733,29.3
27946,46.559417,29.3
27947,46.561067,29.306
27948,46.562733,29.306
27949,46.5644,29.313
27950,46.566067,29.313
27951,46.567733,29.313
27952,46.5694,29.306
27953,46.571067,29.309
27954,46.572733,29.309
27955,46.5744,29.304
27956,46.576067,29.308
27957,46.577733,29.308
27958,46.5794,29.311
27959,46.581067,29.307
27960,46.582733,29.309
27961,46.5844,29.309
27962,46.586067,29.31
27963,46.587733,29.306
27964,46.5894,29.308
27965,46.591067,29.308
27966,46.592717,29.302
27967,46.594383,29.296
27968,46.59605,29.302
27969,46.597717,29.302
27970,46.599383,29.301
27971,46.60105,29.303
27972,46.602717,29.303
27973,46.604383,29.305
27974,46.60605,29.297
27975,46.607717,29.295
27976,46.609383,29.295
27977,46.61105,29.296
27978,46.612717,29.294
27979,46.614383,29.295
27980,46.616067,29.295
27981,46.617717,29.296
27982,46.619383,29.294
27983,46.62105,29.294
27984,46.62275,29.294
27985,46.62445,29.294
27986,46.62605,29.29
27987,46.627717,29.293
27988,46.629367,29.293
27989,46.631033,29.296
27990,46.632767,29.299
27991,46.634367,29.299
27992,46.636033,29.299
27993,46.6377,29.298
27994,46.639367,29.291
27995,46.641033,29.291
27996,46.6427,29.287
27997,46.644367,29.286
27998,46.646033,29.293
27999,46.6477,29.293
28000,46.649433,29.297
28001,46.651033,29.299
28002,46.6527,29.3
28003,46.65435,29.3
28004,46.656017,29.295
28005,46.657683,29.303
28006,46.65935,29.303
28007,46.661017,29.302
28008,46.662683,29.305
28009,46.66435,29.304
28010,46.666117,29.304
28011,46.667683,29.297
28012,46.66935,29.297
28013,46.671017,29.295
28014,46.672683,29.295
28015,46.67435,29.291
28016,46.676017,29.289
28017,46.677683,29.288
28018,46.67935,29.288
28019,46.681017,29.283
28020,46.682683,29.278
28021,46.68435,29.272
28022,46.686017,29.272
28023,46.687683,29.272
28024,46.68935,29.275
28025,46.691017,29.275
28026,46.692683,29.286
28027,46.69435,29.289
28028,46.696017,29.285
28029,46.697717,29.285
28030,46.699417,29.277
28031,46.701017,29.267
28032,46.702683,29.269
28033,46.70435,29.269
28034,46.706017,29.271
28035,46.707683,29.279
28036,46.70935,29.28
28037,46.711017,29.28
28038,46.712683,29.275
28039,46.714333,29.27
28040,46.716,29.27
28041,46.717667,29.262
28042,46.719333,29.256
28043,46.721,29.252
28044,46.722667,29.252
28045,46.724333,29.255
28046,46.726,29.26
28047,46.727667,29.268
28048,46.729333,29.268
28049,46.731,29.273
28050,46.732667,29.271
28051,46.73435,29.269
28052,46.736,29.269
28053,46.737667,29.265
28054,46.739333,29.269
28055,46.741,29.272
28056,46.742667,29.272
28057,46.744333,29.276
28058,46.746,29.276
28059,46.747667,29.276
28060,46.749333,29.274
28061,46.751083,29.27
28062,46.752667,29.266
28063,46.754333,29.266
28064,46.756,29.264
28065,46.757667,29.268
28066,46.759333,29.269
28067,46.761,29.269
28068,46.762667,29.27
28069,46.764333,29.265
28070,46.766,29.258
28071,46.767717,29.258
28072,46.769333,29.26
28073,46.771017,29.263
28074,46.772683,29.263
28075,46.774317,29.267
28076,46.775983,29.261
28077,46.77765,29.252
28078,46.779317,29.252
28079,46.780983,29.247
28080,46.78265,29.246
28081,46.78445,29.251
28082,46.785983,29.251
28083,46.78765,29.253
28084,46.789317,29.259
28085,46.790983,29.265
28086,46.79265,29.265
28087,46.794317,29.273
28088,46.795983,29.277
28089,46.79765,29.277
28090,46.799317,29.284
28091,46.800983,29.284
28092,46.80265,29.279
28093,46.804317,29.279
28094,46.805983,29.279
28095,46.80765,29.268
28096,46.809317,29.265
28097,46.810983,29.265
28098,46.81265,29.268
28099,46.814317,29.265
28100,46.815983,29.27
28101,46.81765,29.27
28102,46.819317,29.271
28103,46.820983,29.273
28104,46.82265,29.275
28105,46.824317,29.275
28106,46.825983,29.278
28107,46.82765,29.288
28108,46.829317,29.288
28109,46.830983,29.291
28110,46.832633,29.297
28111,46.8343,29.294
28112,46.835967,29.294
28113,46.837633,29.29
28114,46.8393,29.286
28115,46.840967,29.28
28116,46.84265,29.28
28117,46.844367,29.274
28118,46.846,29.263
28119,46.847633,29.256
28120,46.8493,29.256
28121,46.850967,29.251
28122,46.852633,29.249
28123,46.8543,29.249
28124,46.855967,29.251
28125,46.857633,29.25
28126,46.8593,29.249
28127,46.860967,29.249
28128,46.862633,29.25
28129,46.8643,29.247
28130,46.865967,29.249
28131,46.867633,29.249
28132,46.8693,29.252
28133,46.870967,29.253
28134,46.872633,29.255
28135,46.8743,29.255
28136,46.875967,29.258
28137,46.877633,29.261
28138,46.8793,29.269
28139,46.880967,29.269
28140,46.882633,29.273
28141,46.8843,29.27
28142,46.885967,29.27
28143,46.887633,29.267
28144,46.8893,29.26
28145,46.890967,29.254
28146,46.892633,29.254
28147,46.894283,29.256
28148,46.89595,29.254
28149,46.897617,29.252
28150,46.899283,29.252
28151,46.90095,29.255
28152,46.902733,29.254
28153,46.904283,29.263
28154,46.90595,29.263
28155,46.907617,29.269
28156,46.909283,29.267
28157,46.91095,29.267
28158,46.912617,29.273
28159,46.914283,29.265
28160,46.91595,29.26
28161,46.917617,29.26
28162,46.919267,29.257
28163,46.920967,29.249
28164,46.92265,29.245
28165,46.924267,29.245
28166,46.925933,29.24
28167,46.9276,29.235
28168,46.929267,29.236
28169,46.930933,29.236
28170,46.9326,29.238
28171,46.934267,29.244
28172,46.935933,29.248
28173,46.9376,29.248
28174,46.939267,29.242
28175,46.940933,29.237
28176,46.9426,29.237
28177,46.944267,29.23
28178,46.945933,29.234
28179,46.9476,29.242
28180,46.949267,29.242
28181,46.950933,29.248
28182,46.9526,29.258
28183,46.95425,29.263
28184,46.955917,29.263
28185,46.957583,29.267
28186,46.95925,29.274
28187,46.960917,29.278
28188,46.962583,29.278
28189,46.96425,29.28
28190,46.965917,29.282
28191,46.967583,29.282
28192,46.96925,29.284
28193,46.970917,29.278
28194,46.972583,29.271
28195,46.97425,29.271
28196,46.975917,29.264
28197,46.977583,29.259
28198,46.97925,29.26
28199,46.980917,29.26
28200,46.982583,29.266
28201,46.98425,29.273
28202,46.985917,29.268
28203,46.9876,29.268
28204,46.98925,29.262
28205,46.990917,29.257
28206,46.992583,29.257
28207,46.99425,29.25
28208,46.995967,29.252
28209,46.997583,29.253
28210,46.99925,29.253
28211,47.000917,29.251
28212,47.002583,29.249
28213,47.00425,29.248
28214,47.005917,29.248
28215,47.007583,29.25
28216,47.00925,29.25
28217,47.010917,29.253
28218,47.012583,29.253
28219,47.014233,29.25
28220,47.0159,29.252
28221,47.017567,29.251
28222,47.019233,29.251
28223,47.021,29.251
28224,47.022567,29.26
28225,47.024233,29.26
28226,47.0259,29.264
28227,47.027567,29.263
28228,47.029233,29.261
28229,47.0309,29.261
28230,47.032567,29.247
28231,47.034233,29.238
28232,47.0359,29.233
28233,47.037567,29.233
28234,47.039233,29.235
28235,47.0409,29.245
28236,47.042567,29.248
28237,47.044233,29.248
28238,47.0459,29.254
28239,47.047567,29.255
28240,47.049233,29.255
28241,47.0509,29.248
28242,47.052567,29.246
28243,47.054233,29.244
28244,47.0559,29.244
28245,47.057567,29.242
28246,47.059233,29.248
28247,47.0609,29.246
28248,47.062583,29.246
28249,47.064233,29.248
28250,47.0659,29.253
28251,47.067567,29.252
28252,47.069233,29.252
28253,47.0709,29.26
28254,47.072567,29.266
28255,47.074217,29.265
28256,47.075883,29.265
28257,47.07755,29.269
28258,47.079233,29.263
28259,47.080933,29.263
28260,47.08255,29.259
28261,47.084217,29.249
28262,47.085883,29.238
28263,47.08755,29.238
28264,47.089217,29.24
28265,47.090883,29.242
28266,47.09255,29.253
28267,47.094217,29.253
28268,47.095883,29.259
28269,47.09755,29.252
28270,47.099217,29.247
28271,47.100883,29.247
28272,47.10255,29.246
28273,47.104217,29.246
28274,47.105933,29.248
28275,47.10755,29.248
28276,47.109217,29.249
28277,47.110883,29.246
28278,47.11255,29.246
28279,47.114217,29.25
28280,47.115883,29.254
28281,47.11755,29.249
28282,47.119217,29.249
28283,47.120883,29.246
28284,47.12255,29.238
28285,47.124217,29.238
28286,47.125883,29.238
28287,47.12755,29.24
28288,47.129217,29.244
28289,47.130883,29.249
28290,47.13255,29.249
28291,47.1342,29.249
28292,47.135867,29.252
28293,47.13755,29.252
28294,47.139283,29.259
28295,47.140867,29.26
28296,47.142533,29.26
28297,47.1442,29.26
28298,47.145867,29.268
28299,47.147533,29.269
28300,47.1492,29.27
28301,47.150867,29.27
28302,47.152533,29.269
28303,47.1542,29.262
28304,47.155867,29.256
28305,47.157533,29.256
28306,47.1592,29.256
28307,47.160867,29.256
28308,47.162533,29.256
28309,47.1642,29.255
28310,47.165867,29.258
28311,47.167567,29.259
28312,47.1692,29.259
28313,47.170867,29.26
28314,47.172533,29.266
28315,47.1742,29.268
28316,47.175867,29.268
28317,47.177533,29.268
28318,47.1792,29.269
28319,47.180867,29.266
28320,47.182533,29.266
28321,47.1842,29.258
28322,47.185867,29.254
28323,47.187533,29.254
28324,47.1892,29.25
28325,47.190867,29.247
28326,47.192517,29.249
28327,47.194183,29.249
28328,47.19585,29.251
28329,47.197517,29.261
28330,47.199183,29.269
28331,47.20085,29.269
28332,47.202517,29.277
28333,47.204183,29.284
28334,47.20585,29.286
28335,47.207517,29.286
28336,47.209217,29.288
28337,47.210833,29.284
28338,47.2125,29.28
28339,47.214167,29.28
28340,47.215833,29.28
28341,47.2175,29.276
28342,47.219167,29.276
28343,47.220833,29.281
28344,47.2225,29.286
28345,47.2242,29.29
28346,47.225833,29.29
28347,47.2275,29.298
28348,47.229167,29.292
28349,47.230833,29.286
28350,47.2325,29.286
28351,47.234167,29.281
28352,47.235833,29.273
28353,47.2375,29.271
28354,47.239167,29.271
28355,47.240833,29.267
28356,47.2425,29.26
28357,47.244167,29.26
28358,47.245833,29.265
28359,47.2475,29.264
28360,47.249167,29.271
28361,47.250867,29.271
28362,47.2525,29.277
28363,47.25415,29.276
28364,47.255817,29.276
28365,47.2576,29.276
28366,47.25915,29.28
28367,47.260817,29.286
28368,47.262483,29.29
28369,47.26415,29.29
28370,47.265817,29.294
28371,47.267483,29.289
28372,47.26915,29.284
28373,47.270817,29.284
28374,47.272483,29.284
28375,47.27415,29.284
28376,47.275817,29.284
28377,47.277483,29.289
28378,47.27915,29.289
28379,47.280817,29.284
28380,47.282483,29.284
28381,47.284167,29.286
28382,47.285817,29.29
28383,47.287483,29.293
28384,47.28915,29.293
28385,47.290817,29.302
28386,47.292483,29.303
28387,47.29415,29.3
28388,47.295817,29.3
28389,47.297483,29.303
28390,47.29915,29.299
28391,47.300817,29.299
28392,47.302483,29.298
28393,47.30415,29.297
28394,47.305817,29.297
28395,47.307483,29.297
28396,47.30915,29.295
28397,47.310817,29.296
28398,47.312483,29.298
28399,47.31415,29.298
28400,47.3158,29.295
28401,47.317467,29.298
28402,47.319133,29.303
28403,47.3208,29.303
28404,47.322467,29.303
28405,47.324133,29.3
28406,47.3258,29.302
28407,47.327467,29.302
28408,47.329133,29.296
28409,47.3308,29.294
28410,47.332467,29.294
28411,47.334167,29.293
28412,47.3358,29.284
28413,47.337467,29.275
28414,47.339133,29.275
28415,47.3408,29.273
28416,47.342483,29.274
28417,47.344133,29.281
28418,47.3458,29.281
28419,47.347467,29.288
28420,47.349133,29.284
28421,47.3508,29.278
28422,47.352467,29.278
28423,47.354133,29.276
28424,47.3558,29.275
28425,47.357533,29.275
28426,47.3592,29.28
28427,47.3608,29.284
28428,47.362467,29.283
28429,47.364133,29.283
28430,47.3658,29.282
28431,47.367467,29.283
28432,47.369133,29.281
28433,47.3708,29.281
28434,47.37245,29.283
28435,47.374117,29.283
28436,47.3759,29.277
28437,47.37745,29.277
28438,47.379117,29.274
28439,47.380783,29.268
28440,47.38245,29.268
28441,47.384117,29.269
28442,47.385783,29.268
28443,47.38745,29.268
28444,47.389117,29.268
28445,47.390783,29.268
28446,47.39245,29.267
28447,47.394117,29.279
28448,47.395783,29.279
28449,47.39745,29.283
28450,47.399117,29.283
28451,47.400783,29.28
28452,47.40245,29.28
28453,47.404117,29.273
28454,47.405783,29.272
28455,47.40745,29.279
28456,47.409117,29.279
28457,47.410783,29.286
28458,47.41245,29.287
28459,47.414117,29.287
28460,47.415783,29.285
28461,47.41745,29.284
28462,47.419117,29.281
28463,47.420783,29.281
28464,47.422483,29.284
28465,47.424117,29.289
28466,47.425783,29.291
28467,47.42745,29.291
28468,47.429117,29.292
28469,47.430783,29.283
28470,47.432483,29.282
28471,47.4341,29.282
28472,47.435767,29.28
28473,47.437433,29.283
28474,47.4391,29.283
28475,47.440767,29.289
28476,47.442433,29.292
28477,47.4441,29.292
28478,47.445767,29.292
28479,47.447433,29.29
28480,47.4491,29.295
28481,47.450767,29.293
28482,47.452433,29.293
28483,47.4541,29.291
28484,47.455767,29.297
28485,47.457433,29.293
28486,47.4591,29.293
28487,47.460767,29.287
28488,47.462433,29.287
28489,47.4641,29.286
28490,47.465767,29.286
28491,47.467433,29.287
28492,47.4691,29.293
28493,47.470767,29.293
28494,47.472433,29.294
28495,47.4741,29.288
28496,47.475767,29.29
28497,47.4775,29.29
28498,47.4791,29.288
28499,47.480767,29.288
28500,47.482433,29.283
28501,47.4841,29.283
28502,47.485767,29.274
28503,47.487433,29.268
28504,47.4891,29.267
28505,47.490767,29.267
28506,47.492433,29.272
28507,47.49415,29.277
28508,47.49575,29.277
28509,47.497417,29.282
28510,47.499083,29.289
28511,47.50075,29.293
28512,47.5024,29.293
28513,47.504067,29.286
28514,47.505733,29.283
28515,47.507417,29.27
28516,47.509133,29.27
28517,47.510833,29.266
28518,47.5124,29.28
28519,47.514067,29.291
28520,47.515733,29.291
28521,47.5174,29.297
28522,47.519067,29.298
28523,47.520733,29.289
28524,47.5224,29.289
28525,47.524067,29.279
28526,47.525733,29.274
28527,47.5274,29.274
28528,47.529067,29.268
28529,47.530733,29.268
28530,47.5324,29.269
28531,47.534067,29.269
28532,47.535733,29.272
28533,47.5374,29.276
28534,47.539067,29.27
28535,47.54075,29.27
28536,47.5424,29.271
28537,47.544067,29.273
28538,47.545733,29.268
28539,47.5474,29.268
28540,47.549067,29.275
28541,47.550733,29.277
28542,47.5524,29.277
28543,47.55405,29.28
28544,47.555717,29.28
28545,47.557383,29.28
28546,47.55905,29.28
28547,47.560717,29.277
28548,47.562383,29.271
28549,47.56405,29.279
28550,47.565717,29.279
28551,47.567383,29.283
28552,47.56905,29.286
28553,47.570733,29.291
28554,47.572383,29.291
28555,47.57405,29.288
28556,47.57575,29.286
28557,47.577383,29.286
28558,47.57905,29.285
28559,47.580717,29.283
28560,47.582383,29.288
28561,47.58405,29.288
28562,47.585717,29.288
28563,47.587383,29.296
28564,47.58905,29.295
28565,47.590717,29.295
28566,47.592383,29.291
28567,47.59405,29.289
28568,47.59575,29.285
28569,47.597383,29.285
28570,47.59905,29.285
28571,47.600717,29.28
28572,47.602383,29.281
28573,47.60405,29.281
28574,47.605717,29.278
28575,47.607383,29.279
28576,47.60905,29.279
28577,47.610717,29.285
28578,47.612417,29.288
28579,47.614033,29.289
28580,47.6157,29.289
28581,47.617367,29.292
28582,47.619033,29.29
28583,47.6207,29.29
28584,47.622367,29.29
28585,47.624033,29.288
28586,47.6257,29.29
28587,47.627367,29.289
28588,47.62915,29.289
28589,47.6307,29.287
28590,47.632367,29.281
28591,47.634033,29.281
28592,47.6357,29.271
28593,47.637367,29.27
28594,47.639033,29.27
28595,47.6407,29.27
28596,47.642367,29.27
28597,47.644033,29.274
28598,47.6457,29.278
28599,47.647383,29.278
28600,47.649033,29.284
28601,47.6507,29.288
28602,47.652367,29.293
28603,47.654033,29.293
28604,47.6557,29.293
28605,47.657367,29.29
28606,47.659033,29.287
28607,47.6607,29.287
28608,47.662367,29.279
28609,47.664033,29.271
28610,47.665717,29.271
28611,47.667367,29.27
28612,47.669033,29.272
28613,47.6707,29.275
28614,47.672367,29.275
28615,47.674017,29.288
28616,47.675683,29.291
28617,47.67735,29.292
28618,47.679017,29.292
28619,47.680683,29.29
28620,47.68235,29.285
28621,47.684017,29.276
28622,47.685683,29.276
28623,47.68735,29.272
28624,47.689017,29.271
28625,47.690683,29.271
28626,47.69235,29.268
28627,47.694017,29.272
28628,47.695683,29.278
28629,47.69735,29.278
28630,47.699017,29.282
28631,47.700683,29.281
28632,47.70235,29.285
28633,47.704017,29.285
28634,47.705683,29.282
28635,47.70735,29.282
28636,47.709017,29.279
28637,47.710683,29.279
28638,47.71235,29.266
28639,47.71405,29.257
28640,47.715683,29.247
28641,47.71735,29.247
28642,47.719017,29.243
28643,47.720717,29.247
28644,47.72235,29.247
28645,47.724017,29.244
28646,47.725683,29.248
28647,47.72735,29.252
28648,47.729017,29.252
28649,47.7307,29.253
28650,47.732333,29.257
28651,47.734,29.257
28652,47.735667,29.257
28653,47.737333,29.248
28654,47.739,29.245
28655,47.740667,29.238
28656,47.742333,29.238
28657,47.744,29.234
28658,47.745667,29.24
28659,47.74745,29.246
28660,47.749,29.246
28661,47.750667,29.259
28662,47.752333,29.268
28663,47.754,29.268
28664,47.755667,29.269
28665,47.75735,29.271
28666,47.759,29.269
28667,47.760667,29.269
28668,47.762333,29.264
28669,47.764,29.257
28670,47.765667,29.251
28671,47.767333,29.251
28672,47.769017,29.239
28673,47.770667,29.234
28674,47.772333,29.235
28675,47.774,29.235
28676,47.775667,29.236
28677,47.777333,29.238
28678,47.779,29.238
28679,47.780667,29.242
28680,47.782333,29.239
28681,47.784,29.236
28682,47.785667,29.236
28683,47.787333,29.242
28684,47.789,29.245
28685,47.790667,29.253
28686,47.792333,29.253
28687,47.793967,29.256
28688,47.795667,29.262
28689,47.79735,29.271
28690,47.798967,29.271
28691,47.800633,29.271
28692,47.8023,29.281
28693,47.803967,29.281
28694,47.805633,29.282
28695,47.8073,29.278
28696,47.808967,29.282
28697,47.810633,29.282
28698,47.8123,29.277
28699,47.813967,29.273
28700,47.815633,29.273
28701,47.8173,29.273
28702,47.818967,29.27
28703,47.820633,29.264
28704,47.8223,29.265
28705,47.823967,29.265
28706,47.825633,29.266
28707,47.8273,29.268
28708,47.828967,29.268
28709,47.830633,29.271
28710,47.83235,29.264
28711,47.833967,29.256
28712,47.835633,29.256
28713,47.837317,29.254
28714,47.838967,29.255
28715,47.840633,29.257
28716,47.8423,29.257
28717,47.843967,29.262
28718,47.845633,29.263
28719,47.8473,29.26
28720,47.848967,29.26
28721,47.850633,29.263
28722,47.8523,29.259
28723,47.85395,29.259
28724,47.855617,29.259
28725,47.857283,29.26
28726,47.85895,29.25
28727,47.860617,29.25
28728,47.862283,29.247
28729,47.86395,29.25
28730,47.865717,29.253
28731,47.867283,29.253
28732,47.86895,29.258
28733,47.870617,29.26
28734,47.872317,29.256
28735,47.87395,29.256
28736,47.875617,29.247
28737,47.877283,29.251
28738,47.87895,29.253
28739,47.880617,29.253
28740,47.882283,29.253
28741,47.88395,29.259
28742,47.885617,29.259
28743,47.887283,29.255
28744,47.88895,29.257
28745,47.890617,29.254
28746,47.892283,29.254
28747,47.89395,29.252
28748,47.895617,29.253
28749,47.897283,29.253
28750,47.89895,29.253
28751,47.900617,29.256
28752,47.902283,29.256
28753,47.90395,29.258
28754,47.905617,29.258
28755,47.907283,29.259
28756,47.90895,29.264
28757,47.910617,29.268
28758,47.912283,29.268
28759,47.913933,29.265
28760,47.9156,29.265
28761,47.917267,29.265
28762,47.918933,29.265
28763,47.9206,29.263
28764,47.922267,29.262
28765,47.923933,29.262
28766,47.9256,29.264
28767,47.9273,29.267
28768,47.928933,29.265
28769,47.9306,29.265
28770,47.932267,29.264
28771,47.933933,29.265
28772,47.9356,29.265
28773,47.937267,29.265
28774,47.938967,29.269
28775,47.9406,29.275
28776,47.942267,29.275
28777,47.94395,29.268
28778,47.9456,29.257
28779,47.947267,29.254
28780,47.948933,29.254
28781,47.95065,29.255
28782,47.952267,29.263
28783,47.953933,29.272
28784,47.9556,29.272
28785,47.957267,29.276
28786,47.958933,29.271
28787,47.9606,29.271
28788,47.962267,29.271
28789,47.963933,29.266
28790,47.9656,29.267
28791,47.967267,29.267
28792,47.968933,29.265
28793,47.9706,29.26
28794,47.972267,29.258
28795,47.973917,29.258
28796,47.975583,29.252
28797,47.97725,29.252
28798,47.978917,29.258
28799,47.980583,29.258
28800,47.98225,29.266
28801,47.98405,29.27
28802,47.985583,29.276
28803,47.98725,29.276
28804,47.988917,29.28
28805,47.990583,29.273
28806,47.99225,29.267
28807,47.993917,29.267
28808,47.995583,29.261
28809,47.99725,29.253
28810,47.998917,29.253
28811,48.000583,29.259
28812,48.00225,29.263
28813,48.003917,29.262
28814,48.005583,29.262
28815,48.00725,29.266
28816,48.008917,29.266
28817,48.010583,29.265
28818,48.01225,29.265
28819,48.013967,29.264
28820,48.015583,29.263
28821,48.01725,29.257
28822,48.018917,29.257
28823,48.020617,29.26
28824,48.02225,29.26
28825,48.023917,29.26
28826,48.025583,29.249
28827,48.02725,29.245
28828,48.028917,29.236
28829,48.030583,29.236
28830,48.032233,29.236
28831,48.0339,29.247
28832,48.035567,29.252
28833,48.037233,29.252
28834,48.0389,29.254
28835,48.040567,29.255
28836,48.042233,29.248
28837,48.0439,29.248
28838,48.045567,29.245
28839,48.047233,29.25
28840,48.0489,29.245
28841,48.050567,29.245
28842,48.052233,29.242
28843,48.0539,29.244
28844,48.055567,29.244
28845,48.057233,29.241
28846,48.0589,29.245
28847,48.060567,29.247
28848,48.062233,29.247
28849,48.0639,29.246
28850,48.065567,29.248
28851,48.067233,29.249
28852,48.068967,29.249
28853,48.070567,29.249
28854,48.072233,29.253
28855,48.0739,29.254
28856,48.075567,29.254
28857,48.077233,29.255
28858,48.0789,29.26
28859,48.080567,29.26
28860,48.082233,29.259
28861,48.0839,29.257
28862,48.085633,29.255
28863,48.087217,29.255
28864,48.0889,29.25
28865,48.09055,29.254
28866,48.092217,29.254
28867,48.093867,29.254
28868,48.095533,29.261
28869,48.0972,29.271
28870,48.098867,29.272
28871,48.100533,29.272
28872,48.102317,29.273
28873,48.103867,29.269
28874,48.105533,29.262
28875,48.1072,29.262
28876,48.108867,29.258
28877,48.110533,29.266
28878,48.1122,29.266
28879,48.113867,29.27
28880,48.115533,29.276
28881,48.1172,29.281
28882,48.118883,29.281
28883,48.120533,29.284
28884,48.1222,29.285
28885,48.123867,29.284
28886,48.125533,29.284
28887,48.1272,29.285
28888,48.128867,29.276
28889,48.130533,29.273
28890,48.1322,29.273
28891,48.133867,29.277
28892,48.135533,29.278
28893,48.1372,29.278
28894,48.138867,29.284
28895,48.140533,29.286
28896,48.1422,29.277
28897,48.143867,29.277
28898,48.145533,29.276
28899,48.1472,29.275
28900,48.148867,29.276
28901,48.150533,29.276
28902,48.152183,29.282
28903,48.15385,29.277
28904,48.155517,29.27
28905,48.157183,29.27
28906,48.15885,29.259
28907,48.16055,29.255
28908,48.162183,29.255
28909,48.16385,29.254
28910,48.165517,29.256
28911,48.167183,29.264
28912,48.16885,29.264
28913,48.170517,29.264
28914,48.172183,29.264
28915,48.17385,29.269
28916,48.175533,29.269
28917,48.177183,29.271
28918,48.17885,29.27
28919,48.180517,29.269
28920,48.182183,29.269
28921,48.18385,29.267
28922,48.185517,29.262
28923,48.18725,29.265
28924,48.18885,29.265
28925,48.190517,29.265
28926,48.192183,29.267
28927,48.19385,29.267
28928,48.195517,29.269
28929,48.197183,29.269
28930,48.19885,29.268
28931,48.200517,29.268
28932,48.202183,29.263
28933,48.2039,29.259
28934,48.205517,29.259
28935,48.207183,29.259
28936,48.20885,29.263
28937,48.210517,29.27
28938,48.212183,29.273
28939,48.213833,29.273
28940,48.2155,29.277
28941,48.217167,29.281
28942,48.218833,29.281
28943,48.220617,29.277
28944,48.222167,29.275
28945,48.223833,29.27
28946,48.2255,29.27
28947,48.227167,29.264
28948,48.228833,29.27
28949,48.2305,29.274
28950,48.232167,29.274
28951,48.233833,29.279
28952,48.235517,29.28
28953,48.237167,29.272
28954,48.238833,29.272
28955,48.2405,29.268
28956,48.242167,29.262
28957,48.243833,29.261
28958,48.2455,29.261
28959,48.247167,29.267
28960,48.248833,29.271
28961,48.2505,29.271
28962,48.252167,29.276
28963,48.253833,29.273
28964,48.2555,29.27
28965,48.257167,29.27
28966,48.258833,29.275
28967,48.2605,29.276
28968,48.262167,29.278
28969,48.26385,29.278
28970,48.2655,29.277
28971,48.267167,29.27
28972,48.268833,29.271
28973,48.2705,29.271
28974,48.272167,29.276
28975,48.273817,29.28
28976,48.275483,29.28
28977,48.27715,29.279
28978,48.278817,29.279
28979,48.280483,29.277
28980,48.28215,29.277
28981,48.283817,29.281
28982,48.285483,29.292
28983,48.28715,29.297
28984,48.288817,29.297
28985,48.290483,29.301
28986,48.29215,29.301
28987,48.293817,29.299
28988,48.295483,29.299
28989,48.29715,29.292
28990,48.29885,29.289
28991,48.300483,29.285
28992,48.30215,29.285
28993,48.303817,29.278
28994,48.305483,29.273
28995,48.30715,29.273
28996,48.308817,29.268
28997,48.310483,29.268
28998,48.31215,29.272
28999,48.313817,29.272
29000,48.315483,29.277
29001,48.31715,29.273
29002,48.318817,29.267
29003,48.320483,29.267
29004,48.322183,29.256
29005,48.323817,29.244
29006,48.325483,29.244
29007,48.32715,29.244
29008,48.328817,29.248
29009,48.330483,29.252
29010,48.33215,29.252
29011,48.3338,29.256
29012,48.335467,29.265
29013,48.337133,29.261
29014,48.338883,29.261
29015,48.340467,29.265
29016,48.342133,29.273
29017,48.3438,29.27
29018,48.345467,29.27
29019,48.34715,29.276
29020,48.348833,29.271
29021,48.350467,29.265
29022,48.352133,29.265
29023,48.3538,29.261
29024,48.355533,29.252
29025,48.357133,29.25
29026,48.3588,29.25
29027,48.360467,29.255
29028,48.362133,29.263
29029,48.3638,29.263
29030,48.365467,29.273
29031,48.367133,29.28
29032,48.3688,29.284
29033,48.370467,29.284
29034,48.372133,29.289
29035,48.3738,29.288
29036,48.375483,29.288
29037,48.377117,29.288
29038,48.378783,29.285
29039,48.38045,29.28
29040,48.382117,29.274
29041,48.383783,29.274
29042,48.38545,29.268
29043,48.387117,29.263
29044,48.388783,29.263
29045,48.39045,29.257
29046,48.3921,29.259
29047,48.393767,29.255
29048,48.395433,29.255
29049,48.3971,29.253
29050,48.398767,29.257
29051,48.400433,29.262
29052,48.4021,29.262
29053,48.403767,29.271
29054,48.405433,29.278
29055,48.4071,29.274
29056,48.408767,29.274
29057,48.410433,29.273
29058,48.4121,29.273
29059,48.413767,29.273
29060,48.415433,29.267
29061,48.4171,29.262
29062,48.418767,29.255
29063,48.420433,29.255
29064,48.4221,29.253
29065,48.423767,29.252
29066,48.425433,29.256
29067,48.427133,29.256
29068,48.428767,29.256
29069,48.430433,29.252
29070,48.4321,29.252
29071,48.433767,29.252
29072,48.435433,29.256
29073,48.4371,29.261
29074,48.438767,29.263
29075,48.440467,29.263
29076,48.4421,29.263
29077,48.443767,29.259
29078,48.445433,29.259
29079,48.447117,29.254
29080,48.448767,29.248
29081,48.450433,29.242
29082,48.452083,29.242
29083,48.45375,29.238
29084,48.455417,29.235
29085,48.45715,29.234
29086,48.45875,29.234
29087,48.460417,29.24
29088,48.462083,29.243
29089,48.46375,29.249
29090,48.465417,29.249
29091,48.467083,29.253
29092,48.46875,29.252
29093,48.470417,29.252
29094,48.472083,29.254
29095,48.47385,29.259
29096,48.475417,29.263
29097,48.477083,29.263
29098,48.47875,29.268
29099,48.480417,29.271
29100,48.482083,29.273
29101,48.48375,29.273
29102,48.485417,29.274
29103,48.487083,29.274
29104,48.48875,29.269
29105,48.490417,29.269
29106,48.492083,29.268
29107,48.49375,29.265
29108,48.495417,29.263
29109,48.497083,29.263
29110,48.49875,29.268
29111,48.500417,29.27
29112,48.502083,29.27
29113,48.50375,29.269
29114,48.505417,29.271
29115,48.507083,29.272
29116,48.50875,29.272
29117,48.510417,29.273
29118,48.512067,29.277
29119,48.513733,29.281
29120,48.515433,29.281
29121,48.517067,29.278
29122,48.518733,29.274
29123,48.5204,29.272
29124,48.522083,29.272
29125,48.5238,29.266
29126,48.5254,29.262
29127,48.527067,29.262
29128,48.528733,29.259
29129,48.5304,29.259
29130,48.532067,29.265
29131,48.533733,29.265
29132,48.5354,29.271
29133,48.537067,29.271
29134,48.538733,29.273
29135,48.5404,29.273
29136,48.542067,29.269
29137,48.543733,29.265
29138,48.5454,29.271
29139,48.547067,29.271
29140,48.548733,29.27
29141,48.5504,29.277
29142,48.552067,29.283
29143,48.553733,29.283
29144,48.5554,29.291
29145,48.557067,29.297
29146,48.55875,29.297
29147,48.5604,29.296
29148,48.562067,29.294
29149,48.563733,29.287
29150,48.5654,29.287
29151,48.567067,29.285
29152,48.568733,29.279
29153,48.5704,29.277
29154,48.572067,29.277
29155,48.573717,29.277
29156,48.575417,29.277
29157,48.57705,29.278
29158,48.578717,29.278
29159,48.580383,29.274
29160,48.58205,29.271
29161,48.583717,29.271
29162,48.585383,29.269
29163,48.58705,29.274
29164,48.588717,29.275
29165,48.590383,29.275
29166,48.592167,29.273
29167,48.593717,29.273
29168,48.595383,29.267
29169,48.59705,29.267
29170,48.598767,29.267
29171,48.600417,29.271
29172,48.60205,29.266
29173,48.603717,29.266
29174,48.605383,29.27
29175,48.60705,29.274
29176,48.608717,29.274
29177,48.610383,29.269
29178,48.61205,29.273
29179,48.613717,29.269
29180,48.615383,29.269
29181,48.61705,29.264
29182,48.618717,29.266
29183,48.620383,29.27
29184,48.62205,29.27
29185,48.623717,29.277
29186,48.625383,29.282
29187,48.62705,29.282
29188,48.628717,29.282
29189,48.630383,29.278
29190,48.632033,29.278
29191,48.6337,29.277
29192,48.635367,29.277
29193,48.637033,29.282
29194,48.6387,29.287
29195,48.640367,29.287
29196,48.642033,29.286
29197,48.6437,29.289
29198,48.645367,29.285
29199,48.647033,29.285
29200,48.6487,29.281
29201,48.650367,29.272
29202,48.652033,29.259
29203,48.6537,29.259
29204,48.655367,29.255
29205,48.657033,29.256
29206,48.6587,29.262
29207,48.660367,29.262
29208,48.662033,29.273
29209,48.663733,29.27
29210,48.665367,29.27
29211,48.667017,29.266
29212,48.668683,29.261
29213,48.67035,29.258
29214,48.672017,29.258
29215,48.6737,29.262
29216,48.67535,29.263
29217,48.677017,29.271
29218,48.678683,29.271
29219,48.68035,29.273
29220,48.682017,29.278
29221,48.683683,29.282
29222,48.68535,29.282
29223,48.687017,29.283
29224,48.688683,29.283
29225,48.69035,29.278
29226,48.692017,29.278
29227,48.6937,29.276
29228,48.695333,29.272
29229,48.697017,29.272
29230,48.698667,29.267
29231,48.700333,29.267
29232,48.702,29.263
29233,48.703667,29.263
29234,48.705333,29.263
29235,48.707,29.269
29236,48.708667,29.272
29237,48.71045,29.272
29238,48.712,29.281
29239,48.713667,29.277
29240,48.715333,29.272
29241,48.717,29.272
29242,48.718667,29.271
29243,48.720333,29.26
29244,48.722,29.26
29245,48.723667,29.26
29246,48.725333,29.255
29247,48.727,29.248
29248,48.728667,29.248
29249,48.730333,29.248
29250,48.732,29.254
29251,48.733667,29.257
29252,48.735333,29.257
29253,48.737,29.261
29254,48.738667,29.261
29255,48.740333,29.257
29256,48.742017,29.257
29257,48.743667,29.262
29258,48.745333,29.273
29259,48.747,29.273
29260,48.748667,29.273
29261,48.750333,29.272
29262,48.752,29.265
29263,48.75365,29.265
29264,48.755317,29.26
29265,48.757,29.266
29266,48.75865,29.268
29267,48.760317,29.268
29268,48.761983,29.27
29269,48.76365,29.266
29270,48.765317,29.262
29271,48.766983,29.262
29272,48.76865,29.263
29273,48.770317,29.269
29274,48.771983,29.269
29275,48.77365,29.269
29276,48.775317,29.273
29277,48.776983,29.277
29278,48.77865,29.277
29279,48.780317,29.274
29280,48.781983,29.277
29281,48.78365,29.276
29282,48.785317,29.276
29283,48.786983,29.269
29284,48.78865,29.267
29285,48.790317,29.263
29286,48.791983,29.263
29287,48.79365,29.257
29288,48.795367,29.262
29289,48.796983,29.262
29290,48.79865,29.262
29291,48.800317,29.261
29292,48.801983,29.262
29293,48.80365,29.262
29294,48.805317,29.264
29295,48.806983,29.272
29296,48.80865,29.283
29297,48.810317,29.283
29298,48.812,29.292
29299,48.813683,29.292
29300,48.8153,29.294
29301,48.816967,29.294
29302,48.818633,29.29
29303,48.8203,29.289
29304,48.821967,29.29
29305,48.823633,29.29
29306,48.8253,29.284
29307,48.826967,29.285
29308,48.828733,29.283
29309,48.8303,29.283
29310,48.831967,29.282
29311,48.833633,29.282
29312,48.8353,29.282
29313,48.836967,29.284
29314,48.838633,29.278
29315,48.8403,29.273
29316,48.841967,29.273
29317,48.843633,29.265
29318,48.8453,29.255
29319,48.846983,29.256
29320,48.848633,29.256
29321,48.8503,29.255
29322,48.851967,29.258
29323,48.853633,29.259
29324,48.8553,29.259
29325,48.856967,29.259
29326,48.858633,29.266
29327,48.8603,29.266
29328,48.861967,29.265
29329,48.863633,29.267
29330,48.8653,29.264
29331,48.866967,29.264
29332,48.868633,29.255
29333,48.8703,29.254
29334,48.871967,29.253
29335,48.873617,29.253
29336,48.875283,29.252
29337,48.87695,29.249
29338,48.878617,29.249
29339,48.880283,29.249
29340,48.88195,29.248
29341,48.883617,29.252
29342,48.885283,29.256
29343,48.886967,29.256
29344,48.888617,29.26
29345,48.890283,29.259
29346,48.89195,29.259
29347,48.893617,29.258
29348,48.895283,29.265
29349,48.89695,29.273
29350,48.898617,29.273
29351,48.900283,29.279
29352,48.90195,29.282
29353,48.903617,29.275
29354,48.905283,29.275
29355,48.90695,29.265
29356,48.908617,29.259
29357,48.910283,29.254
29358,48.91195,29.254
29359,48.913667,29.257
29360,48.915283,29.263
29361,48.91695,29.263
29362,48.918617,29.27
29363,48.920317,29.272
29364,48.92195,29.277
29365,48.923617,29.277
29366,48.925283,29.282
29367,48.92695,29.286
29368,48.928617,29.298
29369,48.930283,29.298
29370,48.93195,29.306
29371,48.9336,29.304
29372,48.935267,29.302
29373,48.936933,29.302
29374,48.9386,29.294
29375,48.940267,29.285
29376,48.941933,29.283
29377,48.9436,29.283
29378,48.945267,29.277
29379,48.947033,29.271
29380,48.9486,29.271
29381,48.950267,29.267
29382,48.951933,29.267
29383,48.9536,29.27
29384,48.955267,29.27
29385,48.956933,29.272
29386,48.958583,29.272
29387,48.96025,29.271
29388,48.961917,29.271
29389,48.963617,29.273
29390,48.96525,29.272
29391,48.966917,29.272
29392,48.968583,29.272
29393,48.97025,29.266
29394,48.971917,29.262
29395,48.973583,29.262
29396,48.97525,29.269
29397,48.976917,29.272
29398,48.978583,29.272
29399,48.98025,29.272
29400,48.981917,29.275
29401,48.983583,29.269
29402,48.98525,29.267
29403,48.986917,29.267
29404,48.988583,29.271
29405,48.99025,29.265
29406,48.991917,29.268
29407,48.993567,29.268
29408,48.995233,29.274
29409,48.9969,29.273
29410,48.998567,29.273
29411,49.000233,29.279
29412,49.0019,29.275
29413,49.003567,29.268
29414,49.005233,29.268
29415,49.006917,29.273
29416,49.008567,29.274
29417,49.010233,29.288
29418,49.0119,29.288
29419,49.013567,29.302
29420,49.015233,29.301
29421,49.0169,29.3
29422,49.018567,29.3
29423,49.020233,29.293
29424,49.0219,29.286
29425,49.023567,29.284
29426,49.025233,29.284
29427,49.0269,29.284
29428,49.028567,29.283
29429,49.030233,29.283
29430,49.03195,29.277
29431,49.033567,29.27
29432,49.035233,29.269
29433,49.0369,29.269
29434,49.038567,29.27
29435,49.040233,29.275
29436,49.0419,29.285
29437,49.043567,29.285
29438,49.045233,29.283
29439,49.0469,29.286
29440,49.048617,29.278
29441,49.050233,29.278
29442,49.0519,29.272
29443,49.05355,29.264
29444,49.055217,29.264
29445,49.056883,29.263
29446,49.05855,29.27
29447,49.060217,29.272
29448,49.061883,29.272
29449,49.06355,29.278
29450,49.065333,29.278
29451,49.066883,29.278
29452,49.06855,29.278
29453,49.070217,29.285
29454,49.071883,29.289
29455,49.07355,29.283
29456,49.075217,29.283
29457,49.076883,29.282
29458,49.07855,29.282
29459,49.080217,29.282
29460,49.081883,29.282
29461,49.08355,29.285
29462,49.085217,29.286
29463,49.086883,29.286
29464,49.08855,29.283
29465,49.090217,29.283
29466,49.091883,29.288
29467,49.09355,29.288
29468,49.095267,29.285
29469,49.096883,29.286
29470,49.09855,29.286
29471,49.100217,29.286
29472,49.101883,29.288
29473,49.10355,29.291
29474,49.105217,29.292
29475,49.106883,29.292
29476,49.108583,29.293
29477,49.110217,29.292
29478,49.111883,29.292
29479,49.113533,29.295
29480,49.1152,29.292
29481,49.116867,29.289
29482,49.118533,29.289
29483,49.1202,29.287
29484,49.121867,29.288
29485,49.123533,29.292
29486,49.1252,29.292
29487,49.126867,29.293
29488,49.128533,29.29
29489,49.1302,29.291
29490,49.131867,29.291
29491,49.133533,29.291
29492,49.1352,29.289
29493,49.136867,29.286
29494,49.138533,29.286
29495,49.1402,29.277
29496,49.141867,29.273
29497,49.143533,29.273
29498,49.1452,29.271
29499,49.146867,29.275
29500,49.148533,29.279
29501,49.1502,29.279
29502,49.151867,29.275
29503,49.15355,29.272
29504,49.1552,29.274
29505,49.156867,29.274
29506,49.158533,29.27
29507,49.1602,29.275
29508,49.161867,29.278
29509,49.163533,29.278
29510,49.1652,29.275
29511,49.166917,29.268
29512,49.168533,29.268
29513,49.1702,29.263
29514,49.1719,29.258
29515,49.173517,29.256
29516,49.175183,29.256
29517,49.17685,29.265
29518,49.178517,29.264
29519,49.180233,29.269
29520,49.18185,29.269
29521,49.183583,29.267
29522,49.185183,29.262
29523,49.18685,29.267
29524,49.188517,29.267
29525,49.190183,29.27
29526,49.19185,29.277
29527,49.193517,29.277
29528,49.195183,29.279
29529,49.19685,29.274
29530,49.198517,29.275
29531,49.200283,29.275
29532,49.20185,29.273
29533,49.203517,29.278
29534,49.205183,29.285
29535,49.20685,29.285
29536,49.208517,29.287
29537,49.210183,29.293
29538,49.21185,29.293
29539,49.213517,29.293
29540,49.215183,29.285
29541,49.21685,29.277
29542,49.218517,29.265
29543,49.220183,29.265
29544,49.22185,29.259
29545,49.223517,29.262
29546,49.225183,29.262
29547,49.22685,29.263
29548,49.228517,29.266
29549,49.230183,29.264
29550,49.23185,29.264
29551,49.2335,29.26
29552,49.235167,29.256
29553,49.236833,29.257
29554,49.2385,29.257
29555,49.240167,29.267
29556,49.241833,29.268
29557,49.2435,29.269
29558,49.245167,29.269
29559,49.246833,29.271
29560,49.2485,29.262
29561,49.250183,29.262
29562,49.2519,29.261
29563,49.253483,29.268
29564,49.25515,29.271
29565,49.256817,29.271
29566,49.258483,29.278
29567,49.26015,29.288
29568,49.261817,29.292
29569,49.263483,29.292
29570,49.26515,29.294
29571,49.266817,29.294
29572,49.268483,29.291
29573,49.27015,29.291
29574,49.271817,29.288
29575,49.273483,29.284
29576,49.27515,29.282
29577,49.276817,29.282
29578,49.278483,29.283
29579,49.28015,29.291
29580,49.281817,29.291
29581,49.283483,29.297
29582,49.2852,29.299
29583,49.286817,29.301
29584,49.288483,29.301
29585,49.29015,29.296
29586,49.291817,29.289
29587,49.293467,29.29
29588,49.295133,29.29
29589,49.2968,29.286
29590,49.298467,29.285
29591,49.300133,29.278
29592,49.301867,29.278
29593,49.303467,29.272
29594,49.305133,29.266
29595,49.3068,29.266
29596,49.308467,29.261
29597,49.310133,29.262
29598,49.3118,29.269
29599,49.313467,29.269
29600,49.315133,29.272
29601,49.3168,29.278
29602,49.318583,29.28
29603,49.320133,29.28
29604,49.3218,29.275
29605,49.323467,29.279
29606,49.325133,29.278
29607,49.3268,29.278
29608,49.328483,29.28
29609,49.330133,29.286
29610,49.33185,29.287
29611,49.333467,29.287
29612,49.335133,29.293
29613,49.3368,29.297
29614,49.338467,29.297
29615,49.340133,29.297
29616,49.3418,29.298
29617,49.343467,29.293
29618,49.345133,29.293
29619,49.3468,29.286
29620,49.348467,29.286
29621,49.350133,29.279
29622,49.3518,29.279
29623,49.35345,29.276
29624,49.355117,29.275
29625,49.356783,29.268
29626,49.35845,29.268
29627,49.360117,29.266
29628,49.361783,29.267
29629,49.36345,29.267
29630,49.365117,29.268
29631,49.366783,29.268
29632,49.36845,29.273
29633,49.370117,29.273
29634,49.371783,29.274
29635,49.37345,29.279
29636,49.375117,29.288
29637,49.376783,29.288
29638,49.37845,29.292
29639,49.380117,29.294
29640,49.381783,29.294
29641,49.38345,29.294
29642,49.385117,29.289
29643,49.386817,29.281
29644,49.38845,29.281
29645,49.390117,29.28
29646,49.391783,29.277
29647,49.39345,29.273
29648,49.395133,29.273
29649,49.3968,29.272
29650,49.39845,29.27
29651,49.400117,29.27
29652,49.401783,29.27
29653,49.403483,29.271
29654,49.405117,29.272
29655,49.406783,29.273
29656,49.40845,29.273
29657,49.410117,29.281
29658,49.411783,29.289
29659,49.413433,29.295
29660,49.4151,29.295
29661,49.416767,29.293
29662,49.418433,29.29
29663,49.4201,29.29
29664,49.421767,29.28
29665,49.423433,29.28
29666,49.4251,29.281
29667,49.426767,29.281
29668,49.428433,29.278
29669,49.4301,29.283
29670,49.431767,29.284
29671,49.433433,29.284
29672,49.4351,29.284
29673,49.436867,29.289
29674,49.438433,29.282
29675,49.4401,29.282
29676,49.441767,29.279
29677,49.443433,29.28
29678,49.4451,29.28
29679,49.446767,29.279
29680,49.448433,29.29
29681,49.4501,29.29
29682,49.451767,29.29
29683,49.453433,29.285
29684,49.4551,29.285
29685,49.456767,29.287
29686,49.458433,29.287
29687,49.4601,29.292
29688,49.461767,29.296
29689,49.463433,29.291
29690,49.4651,29.291
29691,49.466767,29.284
29692,49.468433,29.285
29693,49.4701,29.289
29694,49.4718,29.289
29695,49.4735,29.294
29696,49.475083,29.296
29697,49.47675,29.296
29698,49.478417,29.287
29699,49.480083,29.276
29700,49.48175,29.272
29701,49.483417,29.272
29702,49.485083,29.272
29703,49.48675,29.276
29704,49.488417,29.28
29705,49.490083,29.28
29706,49.49175,29.286
29707,49.493417,29.284
29708,49.495083,29.283
29709,49.49675,29.283
29710,49.498417,29.285
29711,49.500083,29.282
29712,49.50175,29.282
29713,49.503417,29.283
29714,49.505083,29.285
29715,49.50675,29.282
29716,49.508417,29.282
29717,49.510083,29.285
29718,49.51175,29.283
29719,49.513417,29.28
29720,49.515083,29.28
29721,49.51675,29.281
29722,49.518417,29.279
29723,49.520083,29.274
29724,49.5218,29.274
29725,49.523417,29.269
29726,49.525083,29.266
29727,49.52675,29.263
29728,49.528417,29.263
29729,49.530083,29.265
29730,49.53175,29.267
29731,49.5334,29.267
29732,49.535067,29.273
29733,49.536733,29.278
29734,49.53845,29.281
29735,49.540067,29.281
29736,49.541717,29.285
29737,49.543383,29.282
29738,49.54505,29.276
29739,49.546717,29.276
29740,49.548383,29.279
29741,49.550083,29.274
29742,49.5518,29.271
29743,49.553383,29.271
29744,49.555133,29.282
29745,49.556717,29.283
29746,49.558383,29.283
29747,49.56005,29.287
29748,49.561717,29.283
29749,49.563383,29.275
29750,49.56505,29.275
29751,49.566717,29.263
29752,49.568383,29.259
29753,49.57005,29.256
29754,49.571717,29.256
29755,49.573383,29.251
29756,49.57505,29.254
29757,49.576717,29.258
29758,49.578383,29.258
29759,49.58005,29.259
29760,49.581717,29.265
29761,49.583383,29.265
29762,49.58505,29.27
29763,49.586717,29.271
29764,49.588383,29.279
29765,49.59005,29.279
29766,49.591717,29.286
29767,49.593367,29.296
29768,49.595033,29.298
29769,49.5967,29.298
29770,49.598367,29.298
29771,49.600033,29.298
29772,49.6017,29.294
29773,49.603367,29.294
29774,49.605033,29.303
29775,49.6067,29.308
29776,49.608367,29.299
29777,49.610033,29.299
29778,49.6117,29.294
29779,49.613367,29.279
29780,49.615033,29.279
29781,49.6167,29.268
29782,49.618383,29.268
29783,49.620033,29.27
29784,49.6217,29.27
29785,49.623367,29.276
29786,49.62505,29.281
29787,49.6267,29.286
29788,49.628367,29.286
29789,49.630033,29.29
29790,49.6317,29.289
29791,49.633367,29.293
29792,49.635033,29.293
29793,49.6367,29.293
29794,49.638367,29.288
29795,49.6401,29.291
29796,49.6417,29.291
29797,49.643367,29.294
29798,49.645033,29.297
29799,49.6467,29.297
29800,49.648367,29.301
29801,49.650033,29.299
29802,49.6517,29.295
29803,49.65335,29.295
29804,49.655017,29.298
29805,49.656683,29.293
29806,49.65835,29.294
29807,49.660017,29.294
29808,49.661683,29.286
29809,49.66335,29.273
29810,49.665017,29.276
29811,49.666683,29.276
29812,49.66835,29.277
29813,49.670017,29.283
29814,49.671683,29.283
29815,49.673467,29.287
29816,49.675017,29.289
29817,49.676683,29.296
29818,49.67835,29.296
29819,49.680017,29.303
29820,49.681683,29.307
29821,49.68335,29.31
29822,49.685017,29.31
29823,49.686683,29.312
29824,49.68835,29.308
29825,49.690017,29.313
29826,49.691683,29.313
29827,49.69335,29.307
29828,49.695017,29.297
29829,49.696717,29.297
29830,49.69835,29.293
29831,49.700017,29.285
29832,49.701683,29.285
29833,49.70335,29.285
29834,49.705017,29.286
29835,49.706683,29.286
29836,49.70835,29.281
29837,49.710017,29.281
29838,49.711683,29.281
29839,49.713367,29.28
29840,49.715,29.286
29841,49.716667,29.286
29842,49.718333,29.296
29843,49.72,29.303
29844,49.721667,29.304
29845,49.723333,29.304
29846,49.725,29.297
29847,49.726667,29.296
29848,49.728333,29.296
29849,49.73,29.286
29850,49.731683,29.29
29851,49.733333,29.29
29852,49.735,29.29
29853,49.736667,29.293
29854,49.738333,29.293
29855,49.74,29.29
29856,49.741667,29.29
29857,49.743333,29.297
29858,49.745,29.291
29859,49.746667,29.297
29860,49.748333,29.297
29861,49.75,29.305
29862,49.751667,29.304
29863,49.753333,29.304
29864,49.755,29.311
29865,49.756667,29.31
29866,49.7584,29.307
29867,49.76,29.307
29868,49.761667,29.301
29869,49.763333,29.301
29870,49.765,29.306
29871,49.766667,29.306
29872,49.768333,29.304
29873,49.770017,29.3
29874,49.771667,29.286
29875,49.773317,29.286
29876,49.775,29.283
29877,49.77665,29.283
29878,49.778317,29.283
29879,49.779983,29.293
29880,49.78165,29.299
29881,49.783317,29.301
29882,49.784983,29.301
29883,49.78665,29.299
29884,49.788317,29.297
29885,49.789983,29.295
29886,49.79175,29.295
29887,49.793317,29.289
29888,49.794983,29.29
29889,49.79665,29.28
29890,49.798317,29.28
29891,49.799983,29.28
29892,49.80165,29.281
29893,49.803317,29.284
29894,49.804983,29.284
29895,49.806683,29.289
29896,49.808317,29.292
29897,49.809983,29.292
29898,49.81165,29.292
29899,49.813317,29.289
29900,49.814983,29.286
29901,49.81665,29.286
29902,49.818317,29.282
29903,49.819983,29.282
29904,49.82165,29.274
29905,49.823317,29.274
29906,49.824983,29.272
29907,49.82665,29.268
29908,49.828317,29.27
29909,49.829983,29.27
29910,49.83165,29.277
29911,49.833283,29.28
29912,49.83495,29.28
29913,49.836617,29.291
29914,49.838283,29.295
29915,49.83995,29.301
29916,49.841617,29.301
29917,49.843283,29.303
29918,49.845017,29.299
29919,49.846617,29.293
29920,49.848283,29.293
29921,49.84995,29.29
29922,49.851617,29.29
29923,49.853283,29.293
29924,49.85495,29.293
29925,49.856617,29.298
29926,49.858283,29.297
29927,49.85995,29.292
29928,49.861617,29.292
29929,49.863283,29.288
29930,49.86495,29.277
29931,49.866617,29.277
29932,49.868283,29.272
29933,49.86995,29.278
29934,49.871617,29.278
29935,49.873283,29.278
29936,49.87495,29.284
29937,49.876683,29.289
29938,49.878283,29.283
29939,49.87995,29.283
29940,49.881633,29.281
29941,49.883283,29.279
29942,49.88495,29.279
29943,49.886617,29.279
29944,49.888283,29.288
29945,49.88995,29.291
29946,49.891617,29.291
29947,49.893333,29.288
29948,49.894933,29.283
29949,49.8966,29.277
29950,49.898267,29.277
29951,49.899933,29.269
29952,49.9016,29.274
29953,49.903267,29.276
29954,49.904933,29.276
29955,49.906617,29.275
29956,49.908267,29.276
29957,49.91005,29.268
29958,49.9116,29.268
29959,49.913267,29.264
29960,49.914933,29.262
29961,49.9166,29.265
29962,49.918283,29.265
29963,49.919933,29.27
29964,49.9216,29.275
29965,49.923267,29.275
29966,49.924933,29.28
29967,49.9266,29.277
29968,49.928267,29.275
29969,49.929933,29.275
29970,49.9316,29.27
29971,49.933267,29.265
29972,49.934933,29.265
29973,49.9366,29.265
29974,49.938267,29.263
29975,49.939933,29.27
29976,49.9416,29.273
29977,49.943267,29.273
29978,49.944933,29.276
29979,49.9466,29.272
29980,49.948267,29.272
29981,49.949933,29.273
29982,49.9516,29.269
29983,49.95325,29.261
29984,49.954917,29.261
29985,49.956583,29.271
29986,49.95825,29.27
29987,49.959917,29.269
29988,49.961583,29.269
29989,49.96325,29.278
29990,49.964917,29.272
29991,49.966583,29.266
29992,49.96825,29.266
29993,49.96995,29.269
29994,49.971583,29.264
29995,49.97325,29.264
29996,49.974917,29.268
29997,49.976583,29.271
29998,49.97825,29.276
29999,49.979917,29.276
30000,49.981583,29.286
30001,49.98325,29.286
30002,49.984917,29.291
30003,49.9866,29.291
30004,49.98825,29.297
30005,49.989917,29.295
30006,49.991583,29.297
30007,49.99325,29.297
30008,49.994933,29.292
30009,49.996583,29.283
30010,49.99825,29.28
30011,49.999917,29.28
30012,50.001583,29.288
30013,50.00325,29.299
30014,50.004917,29.299
30015,50.006583,29.301
30016,50.00825,29.303
30017,50.009917,29.293
30018,50.011683,29.293
30019,50.013233,29.292
30020,50.0149,29.298
30021,50.016567,29.301
30022,50.018233,29.301
30023,50.0199,29.305
30024,50.021567,29.307
30025,50.023233,29.302
30026,50.0249,29.302
30027,50.026567,29.301
30028,50.028317,29.299
30029,50.0299,29.299
30030,50.031567,29.293
30031,50.033233,29.294
30032,50.0349,29.293
30033,50.036567,29.293
30034,50.038233,29.295
30035,50.0399,29.29
30036,50.041567,29.282
30037,50.043233,29.282
30038,50.045017,29.273
30039,50.046567,29.263
30040,50.048233,29.258
30041,50.0499,29.258
30042,50.051567,29.265
30043,50.053233,29.264
30044,50.0549,29.266
30045,50.056567,29.266
30046,50.058233,29.27
30047,50.059933,29.265
30048,50.061567,29.265
30049,50.063233,29.269
30050,50.0649,29.274
30051,50.066583,29.279
30052,50.068233,29.279
30053,50.0699,29.286
30054,50.071567,29.283
30055,50.073217,29.283
30056,50.074883,29.283
30057,50.07655,29.282
30058,50.078217,29.28
30059,50.079883,29.285
30060,50.08155,29.285
30061,50.083217,29.286
30062,50.084883,29.283
30063,50.08655,29.283
30064,50.088217,29.278
30065,50.089883,29.279
30066,50.09155,29.279
30067,50.093217,29.279
30068,50.094883,29.284
30069,50.09655,29.296
30070,50.098217,29.297
30071,50.099883,29.297
30072,50.10155,29.297
30073,50.103217,29.295
30074,50.104883,29.288
30075,50.10655,29.288
30076,50.108217,29.288
30077,50.109883,29.287
30078,50.11155,29.288
30079,50.113217,29.288
30080,50.114883,29.29
30081,50.11655,29.289
30082,50.118217,29.289
30083,50.119883,29.286
30084,50.12155,29.29
30085,50.123217,29.287
30086,50.124867,29.287
30087,50.126533,29.285
30088,50.1282,29.288
30089,50.129867,29.284
30090,50.131533,29.284
30091,50.1332,29.282
30092,50.13485,29.288
30093,50.13655,29.284
30094,50.138183,29.284
30095,50.13985,29.281
30096,50.141517,29.282
30097,50.143183,29.282
30098,50.14485,29.279
30099,50.1466,29.283
30100,50.148183,29.286
30101,50.14985,29.286
30102,50.151517,29.288
30103,50.153183,29.296
30104,50.15485,29.296
30105,50.156517,29.296
30106,50.158183,29.295
30107,50.15985,29.295
30108,50.161517,29.287
30109,50.1633,29.287
30110,50.16485,29.287
30111,50.166517,29.286
30112,50.168183,29.286
30113,50.16985,29.284
30114,50.171517,29.28
30115,50.173183,29.278
30116,50.17485,29.278
30117,50.176517,29.286
30118,50.178183,29.286
30119,50.17985,29.291
30120,50.181517,29.291
30121,50.183183,29.293
30122,50.18485,29.29
30123,50.186517,29.293
30124,50.188183,29.293
30125,50.18985,29.296
30126,50.191517,29.297
30127,50.193167,29.295
30128,50.194833,29.295
30129,50.1965,29.296
30130,50.198167,29.287
30131,50.199833,29.287
30132,50.2015,29.29
30133,50.203167,29.292
30134,50.204833,29.297
30135,50.2065,29.297
30136,50.208217,29.303
30137,50.209833,29.298
30138,50.2115,29.299
30139,50.213167,29.299
30140,50.214833,29.292
30141,50.2165,29.293
30142,50.218167,29.291
30143,50.21985,29.291
30144,50.2215,29.289
30145,50.223167,29.284
30146,50.224833,29.284
30147,50.2265,29.274
30148,50.228167,29.272
30149,50.229833,29.272
30150,50.2315,29.272
30151,50.233167,29.281
30152,50.234833,29.293
30153,50.2365,29.29
30154,50.238167,29.29
30155,50.239833,29.286
30156,50.2415,29.273
30157,50.243167,29.264
30158,50.244833,29.264
30159,50.2465,29.266
30160,50.248217,29.262
30161,50.249833,29.268
30162,50.2515,29.268
30163,50.25315,29.274
30164,50.254817,29.283
30165,50.256483,29.283
30166,50.25815,29.294
30167,50.259817,29.288
30168,50.261483,29.285
30169,50.26315,29.285
30170,50.264817,29.28
30171,50.266483,29.277
30172,50.26815,29.286
30173,50.269817,29.286
30174,50.271483,29.287
30175,50.27315,29.29
30176,50.274817,29.289
30177,50.276483,29.289
30178,50.27815,29.287
30179,50.279817,29.288
30180,50.281583,29.282
30181,50.28315,29.282
30182,50.284817,29.278
30183,50.286483,29.278
30184,50.28815,29.278
30185,50.289817,29.277
30186,50.291483,29.278
30187,50.29315,29.285
30188,50.294817,29.285
30189,50.296483,29.28
30190,50.29815,29.276
30191,50.299817,29.273
30192,50.301483,29.273
30193,50.30315,29.268
30194,50.304817,29.275
30195,50.306483,29.28
30196,50.308167,29.28
30197,50.309817,29.278
30198,50.311483,29.272
30199,50.313133,29.272
30200,50.3148,29.269
30201,50.316467,29.265
30202,50.318133,29.271
30203,50.3198,29.271
30204,50.321467,29.272
30205,50.323133,29.267
30206,50.3248,29.262
30207,50.326467,29.262
30208,50.328133,29.258
30209,50.3298,29.257
30210,50.331467,29.258
30211,50.333133,29.258
30212,50.3348,29.261
30213,50.336467,29.263
30214,50.338133,29.263
30215,50.3398,29.266
30216,50.341467,29.271
30217,50.343133,29.273
30218,50.3448,29.273
30219,50.346467,29.279
30220,50.348167,29.282
30221,50.3498,29.283
30222,50.351467,29.283
30223,50.353133,29.28
30224,50.3548,29.269
30225,50.356467,29.267
30226,50.358133,29.267
30227,50.3598,29.265
30228,50.361467,29.262
30229,50.36315,29.266
30230,50.3648,29.266
30231,50.366483,29.266
30232,50.368133,29.271
30233,50.3698,29.271
30234,50.371467,29.275
30235,50.373133,29.277
30236,50.374783,29.274
30237,50.37645,29.274
30238,50.378117,29.264
30239,50.379783,29.264
30240,50.38145,29.255
30241,50.383133,29.255
30242,50.384783,29.257
30243,50.38645,29.258
30244,50.388117,29.262
30245,50.389783,29.262
30246,50.39145,29.268
30247,50.393117,29.264
30248,50.394833,29.264
30249,50.39645,29.262
30250,50.398117,29.253
30251,50.3999,29.246
30252,50.40145,29.246
30253,50.403117,29.248
30254,50.404783,29.248
30255,50.40645,29.255
30256,50.408117,29.255
30257,50.409783,29.261
30258,50.41145,29.26
30259,50.413117,29.262
30260,50.414767,29.262
30261,50.416433,29.257
30262,50.4181,29.256
30263,50.419767,29.256
30264,50.421433,29.256
30265,50.4231,29.257
30266,50.424767,29.263
30267,50.42645,29.263
30268,50.4281,29.265
30269,50.429767,29.265
30270,50.431417,29.267
30271,50.433083,29.267
30272,50.43475,29.265
30273,50.436417,29.268
30274,50.438083,29.275
30275,50.43975,29.275
30276,50.441417,29.276
30277,50.443083,29.278
30278,50.44475,29.281
30279,50.446417,29.281
30280,50.448083,29.276
30281,50.44975,29.279
30282,50.451417,29.279
30283,50.453083,29.282
30284,50.45475,29.28
30285,50.456417,29.286
30286,50.458083,29.286
30287,50.45975,29.286
30288,50.461417,29.283
30289,50.463083,29.278
30290,50.46475,29.278
30291,50.466417,29.27
30292,50.468083,29.264
30293,50.46975,29.262
30294,50.471433,29.262
30295,50.473083,29.265
30296,50.47475,29.269
30297,50.476417,29.269
30298,50.478083,29.273
30299,50.47975,29.276
30300,50.481417,29.276
30301,50.483083,29.276
30302,50.48475,29.276
30303,50.486417,29.277
30304,50.488083,29.273
30305,50.48975,29.273
30306,50.491417,29.268
30307,50.493067,29.266
30308,50.494767,29.266
30309,50.49645,29.266
30310,50.498067,29.274
30311,50.499733,29.276
30312,50.5014,29.276
30313,50.503067,29.276
30314,50.504733,29.28
30315,50.5064,29.274
30316,50.508067,29.274
30317,50.509733,29.28
30318,50.5114,29.282
30319,50.513067,29.277
30320,50.514733,29.277
30321,50.5164,29.286
30322,50.5181,29.281
30323,50.519733,29.28
30324,50.5214,29.28
30325,50.523067,29.282
30326,50.524733,29.271
30327,50.5264,29.267
30328,50.528067,29.267
30329,50.529733,29.261
30330,50.5314,29.26
30331,50.533067,29.26
30332,50.534733,29.26
30333,50.5364,29.265
30334,50.538083,29.265
30335,50.539733,29.265
30336,50.5414,29.26
30337,50.543067,29.262
30338,50.544733,29.26
30339,50.5464,29.26
30340,50.548067,29.261
30341,50.549733,29.263
30342,50.5514,29.264
30343,50.55305,29.264
30344,50.554717,29.268
30345,50.556383,29.268
30346,50.55805,29.268
30347,50.559717,29.268
30348,50.5614,29.266
30349,50.5631,29.266
30350,50.564717,29.266
30351,50.566383,29.265
30352,50.568067,29.269
30353,50.569717,29.266
30354,50.571383,29.266
30355,50.57305,29.263
30356,50.574717,29.263
30357,50.576383,29.255
30358,50.57805,29.255
30359,50.579717,29.256
30360,50.581383,29.255
30361,50.58305,29.255
30362,50.584717,29.255
30363,50.586383,29.259
30364,50.58805,29.26
30365,50.589717,29.26
30366,50.591383,29.258
30367,50.59305,29.259
30368,50.594717,29.258
30369,50.596383,29.258
30370,50.59805,29.259
30371,50.599717,29.259
30372,50.601383,29.258
30373,50.6031,29.258
30374,50.604717,29.262
30375,50.606383,29.264
30376,50.60805,29.264
30377,50.609717,29.264
30378,50.611383,29.263
30379,50.61305,29.263
30380,50.6147,29.263
30381,50.616367,29.266
30382,50.618033,29.267
30383,50.6197,29.272
30384,50.621367,29.272
30385,50.623033,29.274
30386,50.6247,29.272
30387,50.626367,29.276
30388,50.628033,29.276
30389,50.6297,29.276
30390,50.631367,29.269
30391,50.633033,29.263
30392,50.6347,29.263
30393,50.636417,29.262
30394,50.638033,29.262
30395,50.639717,29.259
30396,50.641367,29.259
30397,50.643033,29.266
30398,50.6447,29.262
30399,50.646367,29.262
30400,50.648067,29.259
30401,50.6497,29.259
30402,50.651367,29.251
30403,50.653033,29.251
30404,50.6547,29.251
30405,50.656367,29.252
30406,50.658033,29.253
30407,50.6597,29.253
30408,50.661367,29.255
30409,50.663033,29.254
30410,50.6647,29.251
30411,50.666367,29.251
30412,50.668033,29.257
30413,50.6697,29.258
30414,50.671367,29.258
30415,50.673033,29.263
30416,50.674683,29.27
30417,50.67635,29.274
30418,50.678017,29.274
30419,50.679683,29.28
30420,50.68135,29.283
30421,50.683017,29.282
30422,50.684683,29.282
30423,50.68635,29.283
30424,50.688017,29.278
30425,50.689683,29.28
30426,50.69135,29.28
30427,50.693017,29.28
30428,50.694683,29.275
30429,50.69635,29.275
30430,50.698017,29.275
30431,50.699683,29.277
30432,50.70135,29.28
30433,50.703017,29.28
30434,50.704683,29.283
30435,50.706333,29.294
30436,50.708,29.293
30437,50.7097,29.293
30438,50.711333,29.297
30439,50.713017,29.297
30440,50.714667,29.289
30441,50.716333,29.289
30442,50.718,29.287
30443,50.719667,29.282
30444,50.7214,29.283
30445,50.723,29.283
30446,50.724667,29.281
30447,50.726333,29.282
30448,50.728,29.282
30449,50.729667,29.291
30450,50.731317,29.3
30451,50.732983,29.311
30452,50.73465,29.311
30453,50.736317,29.312
30454,50.737983,29.306
30455,50.73965,29.303
30456,50.741317,29.303
30457,50.742983,29.299
30458,50.74465,29.302
30459,50.746317,29.301
30460,50.747983,29.301
30461,50.74965,29.294
30462,50.751317,29.292
30463,50.752983,29.292
30464,50.75475,29.294
30465,50.756317,29.299
30466,50.757983,29.296
30467,50.75965,29.296
30468,50.761317,29.299
30469,50.762983,29.29
30470,50.76465,29.285
30471,50.766317,29.285
30472,50.767983,29.288
30473,50.76965,29.286
30474,50.771317,29.292
30475,50.772983,29.292
30476,50.77465,29.296
30477,50.776317,29.302
30478,50.777983,29.304
30479,50.77965,29.304
30480,50.781317,29.301
30481,50.782983,29.298
30482,50.78465,29.298
30483,50.786317,29.293
30484,50.788033,29.287
30485,50.78965,29.281
30486,50.791317,29.281
30487,50.792967,29.282
30488,50.794633,29.282
30489,50.7963,29.282
30490,50.797967,29.282
30491,50.799633,29.29
30492,50.8013,29.294
30493,50.802967,29.295
30494,50.804633,29.295
30495,50.806317,29.302
30496,50.807967,29.301
30497,50.809633,29.301
30498,50.8113,29.297
30499,50.812967,29.296
30500,50.814633,29.292
30501,50.8163,29.292
30502,50.817967,29.295
30503,50.819633,29.301
30504,50.8213,29.301
30505,50.822967,29.301
30506,50.824633,29.298
30507,50.8263,29.294
30508,50.827967,29.29
30509,50.829633,29.29
30510,50.8313,29.287
30511,50.832967,29.287
30512,50.834633,29.285
30513,50.8363,29.285
30514,50.837967,29.283
30515,50.839683,29.29
30516,50.8413,29.29
30517,50.842967,29.29
30518,50.844633,29.293
30519,50.8463,29.291
30520,50.847967,29.291
30521,50.849633,29.28
30522,50.8513,29.28
30523,50.85295,29.274
30524,50.854617,29.274
30525,50.856283,29.274
30526,50.857983,29.282
30527,50.859617,29.279
30528,50.861283,29.279
30529,50.86295,29.283
30530,50.864617,29.28
30531,50.866283,29.28
30532,50.86795,29.275
30533,50.869617,29.275
30534,50.871283,29.273
30535,50.87305,29.273
30536,50.874617,29.27
30537,50.876283,29.268
30538,50.87795,29.269
30539,50.879617,29.269
30540,50.881283,29.269
30541,50.88295,29.275
30542,50.884617,29.276
30543,50.886283,29.276
30544,50.88795,29.279
30545,50.889733,29.281
30546,50.891283,29.283
30547,50.89295,29.283
30548,50.894617,29.287
30549,50.896317,29.288
30550,50.89795,29.288
30551,50.899617,29.285
30552,50.901283,29.278
30553,50.90295,29.271
30554,50.904617,29.271
30555,50.906283,29.265
30556,50.90795,29.261
30557,50.909617,29.259
30558,50.911283,29.259
30559,50.912933,29.266
30560,50.9146,29.265
30561,50.916267,29.271
30562,50.917933,29.271
30563,50.9196,29.276
30564,50.921267,29.27
30565,50.922933,29.27
30566,50.9246,29.273
30567,50.926267,29.272
30568,50.927933,29.265
30569,50.9296,29.265
30570,50.9313,29.268
30571,50.932933,29.263
30572,50.9346,29.259
30573,50.936267,29.259
30574,50.937933,29.263
30575,50.9396,29.263
30576,50.941283,29.27
30577,50.942933,29.27
30578,50.9446,29.274
30579,50.946267,29.278
30580,50.947933,29.279
30581,50.9496,29.279
30582,50.951267,29.276
30583,50.952933,29.272
30584,50.9546,29.272
30585,50.956267,29.268
30586,50.957933,29.269
30587,50.9596,29.27
30588,50.961267,29.27
30589,50.962933,29.276
30590,50.9646,29.276
30591,50.966267,29.279
30592,50.967933,29.279
30593,50.9696,29.28
30594,50.97125,29.279
30595,50.972917,29.283
30596,50.974683,29.283
30597,50.97625,29.275
30598,50.977917,29.277
30599,50.979583,29.277
30600,50.98125,29.273
30601,50.982917,29.274
30602,50.984583,29.28
30603,50.98625,29.28
30604,50.987917,29.282
30605,50.989583,29.285
30606,50.9913,29.284
30607,50.992917,29.284
30608,50.994583,29.284
30609,50.99625,29.282
30610,50.9979,29.283
30611,50.999567,29.283
30612,51.001233,29.285
30613,51.0029,29.288
30614,51.004567,29.288
30615,51.006233,29.289
30616,51.008,29.284
30617,51.009583,29.283
30618,51.011233,29.283
30619,51.0129,29.283
30620,51.014567,29.28
30621,51.016233,29.279
30622,51.0179,29.279
30623,51.019567,29.279
30624,51.021233,29.274
30625,51.0229,29.274
30626,51.024567,29.274
30627,51.026233,29.274
30628,51.0279,29.268
30629,51.029567,29.266
30630,51.031233,29.266
30631,51.032883,29.261
30632,51.03455,29.26
30633,51.036217,29.26
30634,51.037883,29.262
30635,51.03955,29.259
30636,51.041217,29.263
30637,51.042883,29.263
30638,51.04455,29.27
30639,51.046217,29.272
30640,51.047883,29.274
30641,51.04955,29.274
30642,51.051217,29.272
30643,51.052883,29.264
30644,51.05455,29.26
30645,51.056217,29.26
30646,51.057883,29.262
30647,51.059583,29.262
30648,51.061217,29.262
30649,51.062883,29.268
30650,51.06455,29.271
30651,51.066217,29.271
30652,51.067883,29.271
30653,51.06955,29.275
30654,51.071217,29.272
30655,51.072883,29.267
30656,51.07455,29.267
30657,51.076217,29.266
30658,51.077917,29.264
30659,51.07955,29.265
30660,51.081217,29.265
30661,51.082883,29.269
30662,51.08455,29.266
30663,51.086217,29.258
30664,51.087883,29.258
30665,51.08955,29.255
30666,51.091217,29.256
30667,51.0929,29.256
30668,51.094533,29.261
30669,51.0962,29.267
30670,51.097867,29.272
30671,51.099533,29.272
30672,51.1012,29.266
30673,51.102867,29.26
30674,51.104533,29.256
30675,51.1062,29.256
30676,51.107867,29.251
30677,51.10955,29.252
30678,51.1112,29.254
30679,51.112867,29.254
30680,51.114533,29.254
30681,51.116217,29.252
30682,51.117867,29.252
30683,51.119533,29.255
30684,51.1212,29.262
30685,51.122867,29.271
30686,51.124533,29.271
30687,51.126317,29.276
30688,51.127867,29.278
30689,51.129533,29.272
30690,51.1312,29.272
30691,51.132867,29.27
30692,51.134533,29.269
30693,51.1362,29.271
30694,51.137867,29.271
30695,51.139533,29.273
30696,51.1412,29.267
30697,51.142867,29.271
30698,51.144533,29.271
30699,51.1462,29.272
30700,51.1479,29.267
30701,51.149533,29.267
30702,51.1512,29.268
30703,51.152867,29.26
30704,51.154517,29.259
30705,51.156217,29.259
30706,51.15785,29.266
30707,51.159517,29.264
30708,51.161183,29.264
30709,51.16285,29.264
30710,51.164517,29.263
30711,51.166183,29.257
30712,51.16785,29.264
30713,51.169517,29.264
30714,51.171183,29.266
30715,51.17285,29.266
30716,51.174517,29.266
30717,51.176183,29.265
30718,51.17785,29.258
30719,51.179517,29.259
30720,51.181183,29.259
30721,51.18285,29.253
30722,51.184517,29.255
30723,51.186183,29.258
30724,51.18785,29.258
30725,51.189517,29.266
30726,51.191183,29.268
30727,51.19285,29.269
30728,51.194517,29.269
30729,51.196183,29.261
30730,51.19785,29.252
30731,51.199517,29.252
30732,51.201183,29.258
30733,51.20285,29.26
30734,51.204517,29.272
30735,51.206183,29.272
30736,51.20785,29.275
30737,51.209517,29.271
30738,51.2112,29.266
30739,51.212833,29.266
30740,51.2145,29.263
30741,51.216167,29.26
30742,51.217833,29.258
30743,51.2195,29.258
30744,51.221167,29.258
30745,51.222833,29.258
30746,51.2245,29.26
30747,51.226167,29.26
30748,51.227883,29.266
30749,51.2295,29.272
30750,51.231167,29.272
30751,51.232833,29.276
30752,51.2345,29.282
30753,51.236167,29.279
30754,51.237833,29.279
30755,51.2395,29.278
30756,51.241167,29.27
30757,51.242833,29.264
30758,51.244617,29.264
30759,51.246167,29.261
30760,51.247833,29.258
30761,51.2495,29.266
30762,51.251167,29.266
30763,51.252833,29.265
30764,51.2545,29.259
30765,51.256167,29.259
30766,51.257833,29.261
30767,51.2595,29.255
30768,51.261167,29.263
30769,51.262833,29.263
30770,51.2645,29.277
30771,51.266167,29.278
30772,51.267833,29.275
30773,51.2695,29.275
30774,51.271167,29.265
30775,51.272817,29.248
30776,51.274483,29.241
30777,51.27615,29.241
30778,51.277817,29.236
30779,51.279483,29.229
30780,51.28115,29.231
30781,51.282817,29.231
30782,51.284483,29.231
30783,51.28615,29.237
30784,51.287817,29.237
30785,51.289467,29.248
30786,51.29115,29.254
30787,51.2928,29.256
30788,51.294467,29.256
30789,51.296133,29.259
30790,51.297817,29.262
30791,51.299483,29.26
30792,51.301167,29.26
30793,51.3028,29.254
30794,51.304467,29.247
30795,51.306133,29.245
30796,51.3078,29.245
30797,51.309467,29.251
30798,51.311133,29.257
30799,51.3128,29.257
30800,51.314467,29.262
30801,51.316133,29.259
30802,51.3178,29.255
30803,51.319467,29.255
30804,51.321133,29.255
30805,51.3228,29.26
30806,51.324467,29.26
30807,51.326133,29.26
30808,51.3278,29.258
30809,51.32955,29.256
30810,51.331133,29.252
30811,51.3328,29.252
30812,51.33445,29.252
30813,51.336117,29.255
30814,51.337783,29.255
30815,51.33945,29.259
30816,51.341117,29.261
30817,51.342783,29.261
30818,51.34445,29.261
30819,51.346117,29.261
30820,51.347783,29.264
30821,51.34945,29.268
30822,51.351117,29.268
30823,51.352783,29.277
30824,51.35445,29.276
30825,51.356117,29.272
30826,51.357783,29.272
30827,51.35945,29.267
30828,51.361117,29.258
30829,51.3629,29.258
30830,51.36445,29.258
30831,51.366117,29.262
30832,51.367783,29.261
30833,51.36945,29.261
30834,51.371117,29.262
30835,51.372783,29.262
30836,51.37445,29.257
30837,51.376117,29.257
30838,51.377783,29.263
30839,51.379483,29.262
30840,51.3812,29.264
30841,51.382783,29.264
30842,51.38445,29.266
30843,51.386117,29.264
30844,51.387783,29.267
30845,51.38945,29.267
30846,51.391117,29.27
30847,51.392767,29.268
30848,51.394433,29.268
30849,51.3961,29.267
30850,51.397767,29.266
30851,51.399433,29.267
30852,51.4011,29.267
30853,51.402767,29.272
30854,51.404433,29.273
30855,51.4061,29.273
30856,51.407767,29.273
30857,51.409433,29.272
30858,51.4111,29.271
30859,51.412767,29.271
30860,51.414433,29.271
30861,51.4161,29.27
30862,51.417767,29.261
30863,51.419433,29.255
30864,51.4211,29.255
30865,51.422767,29.255
30866,51.424433,29.252
30867,51.4261,29.252
30868,51.427767,29.256
30869,51.429433,29.256
30870,51.4311,29.252
30871,51.432767,29.252
30872,51.434433,29.252
30873,51.4361,29.25
30874,51.437767,29.25
30875,51.439433,29.25
30876,51.4411,29.25
30877,51.442767,29.251
30878,51.444433,29.255
30879,51.4461,29.255
30880,51.447817,29.258
30881,51.449433,29.263
30882,51.45115,29.263
30883,51.452767,29.263
30884,51.454417,29.258
30885,51.456083,29.254
30886,51.45775,29.254
30887,51.459417,29.248
30888,51.461083,29.253
30889,51.46275,29.257
30890,51.464417,29.257
30891,51.466083,29.258
30892,51.46775,29.262
30893,51.469417,29.262
30894,51.471083,29.262
30895,51.47275,29.26
30896,51.474417,29.259
30897,51.476083,29.252
30898,51.47775,29.252
30899,51.479417,29.247
30900,51.481183,29.251
30901,51.48275,29.251
30902,51.484417,29.251
30903,51.486083,29.254
30904,51.48775,29.258
30905,51.489417,29.258
30906,51.491083,29.254
30907,51.49275,29.256
30908,51.494417,29.258
30909,51.496083,29.258
30910,51.49775,29.253
30911,51.499417,29.255
30912,51.501083,29.254
30913,51.50275,29.254
30914,51.504417,29.252
30915,51.506083,29.253
30916,51.50775,29.253
30917,51.509417,29.25
30918,51.511067,29.251
30919,51.512733,29.249
30920,51.5144,29.249
30921,51.516067,29.25
30922,51.517733,29.258
30923,51.519417,29.261
30924,51.521067,29.261
30925,51.522733,29.27
30926,51.5244,29.277
30927,51.526133,29.276
30928,51.527733,29.276
30929,51.5294,29.273
30930,51.531067,29.272
30931,51.532733,29.268
30932,51.5344,29.268
30933,51.536067,29.261
30934,51.537733,29.268
30935,51.539417,29.268
30936,51.5411,29.262
30937,51.542733,29.259
30938,51.5444,29.262
30939,51.546067,29.262
30940,51.547733,29.255
30941,51.5494,29.255
30942,51.551067,29.258
30943,51.552733,29.258
30944,51.5544,29.258
30945,51.556067,29.266
30946,51.557733,29.272
30947,51.5594,29.272
30948,51.561067,29.269
30949,51.562733,29.269
30950,51.5644,29.269
30951,51.5661,29.262
30952,51.567733,29.26
30953,51.5694,29.258
30954,51.571067,29.258
30955,51.572733,29.255
30956,51.574383,29.252
30957,51.57605,29.251
30958,51.577717,29.251
30959,51.579383,29.25
30960,51.581033,29.252
30961,51.5827,29.252
30962,51.584367,29.252
30963,51.586033,29.252
30964,51.5877,29.253
30965,51.589367,29.253
30966,51.591033,29.251
30967,51.5927,29.251
30968,51.594367,29.256
30969,51.596033,29.256
30970,51.5977,29.254
30971,51.599467,29.256
30972,51.601033,29.258
30973,51.6027,29.258
30974,51.604367,29.258
30975,51.606033,29.261
30976,51.6077,29.262
30977,51.609367,29.262
30978,51.611033,29.259
30979,51.6127,29.253
30980,51.614367,29.249
30981,51.616033,29.249
30982,51.6177,29.245
30983,51.619367,29.246
30984,51.621033,29.246
30985,51.6227,29.243
30986,51.624367,29.245
30987,51.62605,29.248
30988,51.6277,29.248
30989,51.629367,29.248
30990,51.631033,29.25
30991,51.6327,29.255
30992,51.63435,29.255
30993,51.636017,29.255
30994,51.637683,29.254
30995,51.63935,29.253
30996,51.641017,29.253
30997,51.642683,29.246
30998,51.64435,29.244
30999,51.646017,29.244
31000,51.647683,29.25
31001,51.64935,29.249
31002,51.651017,29.247
31003,51.652683,29.247
31004,51.65435,29.254
31005,51.656017,29.257
31006,51.657683,29.264
31007,51.65935,29.264
31008,51.661017,29.27
31009,51.662683,29.271
31010,51.66435,29.265
31011,51.666017,29.265
31012,51.667683,29.265
31013,51.66935,29.264
31014,51.671067,29.265
31015,51.672683,29.265
31016,51.67435,29.264
31017,51.676017,29.259
31018,51.677683,29.259
31019,51.67935,29.257
31020,51.681017,29.248
31021,51.682683,29.249
31022,51.68435,29.249
31023,51.686017,29.252
31024,51.687683,29.255
31025,51.68935,29.259
31026,51.691017,29.259
31027,51.692683,29.258
31028,51.69435,29.262
31029,51.696,29.261
31030,51.697667,29.261
31031,51.699333,29.26
31032,51.701083,29.261
31033,51.702667,29.261
31034,51.704333,29.255
31035,51.706,29.256
31036,51.7077,29.258
31037,51.709333,29.258
31038,51.711,29.263
31039,51.712667,29.271
31040,51.714333,29.273
31041,51.716,29.273
31042,51.717767,29.278
31043,51.719333,29.281
31044,51.721,29.28
31045,51.722667,29.28
31046,51.724333,29.277
31047,51.726,29.275
31048,51.727667,29.266
31049,51.729333,29.266
31050,51.731,29.258
31051,51.732667,29.258
31052,51.734417,29.258
31053,51.736,29.261
31054,51.737667,29.268
31055,51.739333,29.273
31056,51.741,29.273
31057,51.742667,29.281
31058,51.744333,29.28
31059,51.746,29.278
31060,51.747683,29.278
31061,51.749333,29.283
31062,51.750983,29.28
31063,51.75265,29.279
31064,51.754317,29.279
31065,51.755983,29.282
31066,51.75765,29.282
31067,51.759317,29.282
31068,51.760983,29.283
31069,51.76265,29.283
31070,51.764317,29.282
31071,51.765983,29.282
31072,51.76765,29.283
31073,51.769317,29.286
31074,51.770983,29.295
31075,51.77265,29.295
31076,51.774317,29.295
31077,51.775983,29.294
31078,51.77765,29.295
31079,51.779317,29.295
31080,51.780983,29.287
31081,51.78265,29.285
31082,51.784317,29.285
31083,51.785983,29.286
31084,51.787683,29.277
31085,51.789317,29.274
31086,51.790983,29.274
31087,51.79265,29.274
31088,51.794317,29.27
31089,51.795983,29.274
31090,51.79765,29.274
31091,51.799317,29.284
31092,51.800983,29.286
31093,51.802667,29.291
31094,51.804317,29.291
31095,51.805983,29.298
31096,51.80765,29.297
31097,51.809317,29.298
31098,51.810983,29.298
31099,51.812683,29.297
31100,51.8143,29.294
31101,51.815967,29.294
31102,51.817633,29.29
31103,51.819367,29.288
31104,51.820967,29.289
31105,51.822633,29.289
31106,51.8243,29.289
31107,51.825967,29.289
31108,51.827633,29.283
31109,51.8293,29.283
31110,51.830967,29.277
31111,51.832633,29.269
31112,51.8343,29.263
31113,51.836017,29.263
31114,51.837633,29.265
31115,51.8393,29.265
31116,51.840967,29.265
31117,51.842633,29.27
31118,51.8443,29.281
31119,51.845967,29.284
31120,51.847633,29.284
31121,51.8493,29.289
31122,51.850967,29.294
31123,51.852717,29.288
31124,51.8543,29.288
31125,51.855967,29.281
31126,51.857633,29.276
31127,51.8593,29.27
31128,51.860967,29.27
31129,51.862633,29.271
31130,51.8643,29.28
31131,51.865967,29.285
31132,51.867633,29.285
31133,51.8693,29.285
31134,51.870967,29.278
31135,51.8726,29.278
31136,51.874317,29.271
31137,51.875933,29.263
31138,51.8776,29.256
31139,51.879267,29.256
31140,51.880933,29.256
31141,51.8826,29.262
31142,51.884267,29.269
31143,51.885967,29.269
31144,51.8876,29.269
31145,51.889267,29.27
31146,51.890933,29.267
31147,51.8926,29.267
31148,51.894267,29.267
31149,51.895933,29.272
31150,51.8976,29.272
31151,51.899267,29.272
31152,51.900933,29.269
31153,51.9026,29.265
31154,51.904267,29.265
31155,51.905933,29.258
31156,51.9076,29.266
31157,51.909267,29.265
31158,51.910933,29.265
31159,51.9126,29.262
31160,51.914267,29.267
31161,51.915933,29.26
31162,51.9176,29.26
31163,51.919267,29.259
31164,51.920933,29.264
31165,51.922617,29.261
31166,51.924267,29.261
31167,51.925933,29.262
31168,51.9276,29.26
31169,51.929267,29.26
31170,51.930933,29.255
31171,51.932583,29.253
31172,51.93425,29.249
31173,51.935917,29.249
31174,51.93765,29.256
31175,51.93925,29.265
31176,51.940917,29.274
31177,51.942583,29.274
31178,51.94425,29.286
31179,51.945917,29.291
31180,51.947583,29.291
31181,51.94925,29.291
31182,51.950917,29.29
31183,51.952583,29.285
31184,51.9543,29.285
31185,51.955917,29.285
31186,51.957583,29.287
31187,51.95925,29.286
31188,51.960917,29.286
31189,51.962583,29.287
31190,51.96425,29.286
31191,51.965917,29.285
31192,51.967583,29.285
31193,51.96925,29.285
31194,51.971017,29.287
31195,51.972583,29.288
31196,51.97425,29.288
31197,51.975917,29.288
31198,51.977583,29.287
31199,51.97925,29.287
31200,51.980917,29.286
31201,51.982583,29.278
31202,51.98425,29.269
31203,51.985917,29.269
31204,51.987583,29.263
31205,51.98925,29.256
31206,51.990917,29.259
31207,51.992583,29.259
31208,51.994233,29.264
31209,51.9959,29.272
31210,51.997567,29.279
31211,51.999233,29.279
31212,52.0009,29.278
31213,52.002567,29.277
31214,52.004233,29.275
31215,52.0059,29.275
31216,52.007567,29.274
31217,52.009233,29.278
31218,52.0109,29.278
31219,52.012567,29.275
31220,52.014233,29.274
31221,52.0159,29.274
31222,52.017567,29.274
31223,52.019233,29.268
31224,52.0209,29.267
31225,52.022567,29.266
31226,52.024233,29.266
31227,52.0259,29.269
31228,52.0276,29.27
31229,52.02925,29.271
31230,52.0309,29.271
31231,52.032567,29.269
31232,52.034233,29.261
31233,52.0359,29.261
31234,52.037567,29.26
31235,52.039233,29.263
31236,52.0409,29.263
31237,52.042567,29.263
31238,52.044233,29.257
31239,52.0459,29.252
31240,52.047567,29.248
31241,52.049233,29.248
31242,52.0509,29.253
31243,52.05255,29.259
31244,52.054217,29.265
31245,52.05595,29.265
31246,52.05755,29.266
31247,52.059217,29.267
31248,52.060883,29.269
31249,52.06255,29.269
31250,52.064217,29.274
31251,52.065883,29.281
31252,52.06755,29.281
31253,52.069217,29.276
31254,52.070883,29.273
31255,52.07255,29.266
31256,52.074217,29.266
31257,52.075883,29.261
31258,52.07755,29.259
31259,52.079217,29.252
31260,52.080883,29.252
31261,52.08255,29.252
31262,52.084217,29.252
31263,52.085883,29.255
31264,52.08755,29.255
31265,52.089333,29.263
31266,52.090883,29.27
31267,52.09255,29.27
31268,52.094217,29.268
31269,52.095883,29.266
31270,52.09755,29.265
31271,52.099217,29.265
31272,52.100883,29.262
31273,52.10255,29.26
31274,52.104217,29.266
31275,52.105883,29.266
31276,52.10755,29.269
31277,52.10925,29.271
31278,52.110917,29.277
31279,52.112533,29.277
31280,52.1142,29.275
31281,52.115867,29.278
31282,52.117533,29.282
31283,52.1192,29.282
31284,52.120867,29.282
31285,52.122533,29.281
31286,52.1242,29.281
31287,52.125867,29.279
31288,52.127533,29.274
31289,52.1292,29.268
31290,52.130867,29.268
31291,52.132533,29.27
31292,52.1342,29.266
31293,52.135867,29.263
31294,52.137533,29.263
31295,52.1392,29.262
31296,52.140867,29.259
31297,52.142533,29.261
31298,52.1442,29.261
31299,52.145867,29.26
31300,52.147533,29.266
31301,52.1492,29.266
31302,52.150883,29.269
31303,52.152533,29.268
31304,52.1542,29.267
31305,52.155867,29.267
31306,52.157533,29.265
31307,52.1592,29.261
31308,52.160867,29.262
31309,52.162517,29.262
31310,52.164183,29.27
31311,52.16585,29.272
31312,52.167517,29.273
31313,52.169183,29.273
31314,52.17085,29.273
31315,52.1725,29.272
31316,52.1742,29.277
31317,52.17585,29.277
31318,52.17755,29.282
31319,52.179167,29.291
31320,52.180833,29.291
31321,52.1825,29.297
31322,52.184167,29.296
31323,52.185833,29.295
31324,52.1875,29.295
31325,52.189167,29.29
31326,52.190833,29.28
31327,52.1925,29.274
31328,52.194167,29.274
31329,52.195833,29.273
31330,52.1975,29.272
31331,52.199167,29.276
31332,52.200833,29.276
31333,52.2025,29.279
31334,52.204167,29.272
31335,52.205833,29.272
31336,52.2076,29.268
31337,52.209167,29.26
31338,52.210833,29.256
31339,52.2125,29.256
31340,52.214167,29.257
31341,52.215833,29.258
31342,52.2175,29.262
31343,52.219167,29.262
31344,52.220833,29.267
31345,52.2225,29.275
31346,52.224167,29.28
31347,52.225833,29.28
31348,52.2275,29.278
31349,52.229167,29.275
31350,52.230817,29.275
31351,52.2325,29.274
31352,52.23415,29.274
31353,52.235817,29.273
31354,52.237483,29.273
31355,52.23915,29.276
31356,52.240817,29.268
31357,52.242483,29.267
31358,52.24415,29.267
31359,52.245817,29.272
31360,52.247483,29.27
31361,52.24915,29.273
31362,52.250833,29.273
31363,52.252533,29.272
31364,52.25415,29.272
31365,52.255817,29.282
31366,52.257483,29.282
31367,52.25915,29.284
31368,52.260817,29.285
31369,52.262483,29.285
31370,52.26415,29.279
31371,52.265817,29.268
31372,52.267483,29.27
31373,52.26915,29.27
31374,52.270817,29.273
31375,52.272483,29.282
31376,52.27415,29.292
31377,52.275817,29.292
31378,52.277483,29.293
31379,52.27915,29.29
31380,52.280817,29.287
31381,52.282483,29.287
31382,52.28415,29.283
31383,52.285817,29.279
31384,52.287483,29.279
31385,52.28915,29.28
31386,52.290817,29.283
31387,52.292533,29.282
31388,52.294133,29.282
31389,52.2958,29.289
31390,52.297467,29.289
31391,52.299133,29.286
31392,52.3008,29.286
31393,52.302467,29.284
31394,52.304133,29.28
31395,52.3058,29.277
31396,52.307467,29.277
31397,52.309133,29.275
31398,52.3108,29.273
31399,52.312467,29.274
31400,52.314133,29.274
31401,52.3158,29.285
31402,52.317467,29.296
31403,52.319133,29.296
31404,52.3208,29.305
31405,52.322467,29.306
31406,52.324133,29.3
31407,52.32585,29.3
31408,52.327467,29.296
31409,52.329133,29.293
31410,52.3308,29.298
31411,52.332467,29.298
31412,52.334133,29.299
31413,52.3358,29.299
31414,52.337467,29.301
31415,52.339133,29.301
31416,52.3408,29.294
31417,52.342467,29.288
31418,52.344133,29.288
31419,52.3458,29.277
31420,52.347467,29.265
31421,52.349133,29.259
31422,52.3508,29.259
31423,52.352467,29.263
31424,52.354117,29.271
31425,52.355783,29.282
31426,52.35745,29.282
31427,52.359117,29.291
31428,52.360783,29.29
31429,52.36245,29.289
31430,52.364117,29.289
31431,52.365783,29.283
31432,52.36745,29.283
31433,52.369117,29.283
31434,52.370783,29.287
31435,52.37245,29.287
31436,52.374117,29.285
31437,52.375783,29.285
31438,52.37745,29.282
31439,52.379117,29.278
31440,52.380783,29.274
31441,52.38245,29.274
31442,52.384117,29.271
31443,52.385783,29.269
31444,52.38745,29.263
31445,52.389117,29.263
31446,52.390783,29.269
31447,52.39245,29.271
31448,52.394117,29.276
31449,52.395817,29.276
31450,52.39745,29.278
31451,52.399117,29.275
31452,52.400783,29.275
31453,52.40245,29.278
31454,52.40415,29.276
31455,52.405783,29.278
31456,52.40745,29.278
31457,52.409117,29.28
31458,52.410833,29.279
31459,52.41245,29.283
31460,52.4141,29.283
31461,52.415767,29.283
31462,52.417433,29.285
31463,52.4191,29.293
31464,52.420767,29.293
31465,52.422433,29.291
31466,52.4241,29.291
31467,52.425767,29.291
31468,52.427433,29.291
31469,52.4291,29.286
31470,52.430767,29.283
31471,52.432433,29.283
31472,52.4341,29.285
31473,52.435767,29.284
31474,52.437433,29.286
31475,52.4391,29.286
31476,52.440767,29.287
31477,52.442433,29.284
31478,52.444183,29.283
31479,52.445767,29.283
31480,52.447433,29.275
31481,52.4491,29.274
31482,52.450767,29.275
31483,52.452433,29.275
31484,52.454083,29.277
31485,52.45575,29.278
31486,52.457417,29.278
31487,52.459083,29.277
31488,52.46075,29.272
31489,52.462417,29.267
31490,52.464083,29.267
31491,52.46575,29.274
31492,52.467417,29.271
31493,52.469083,29.278
31494,52.47075,29.278
31495,52.472417,29.281
31496,52.4741,29.278
31497,52.475783,29.28
31498,52.4774,29.28
31499,52.479067,29.281
31500,52.480733,29.277
31501,52.4824,29.277
31502,52.484067,29.278
31503,52.485733,29.282
31504,52.4874,29.275
31505,52.489067,29.275
31506,52.490733,29.278
31507,52.4924,29.278
31508,52.494067,29.275
31509,52.495767,29.275
31510,52.4974,29.276
31511,52.499067,29.275
31512,52.50075,29.272
31513,52.5024,29.272
31514,52.504067,29.267
31515,52.505733,29.269
31516,52.5074,29.263
31517,52.509067,29.263
31518,52.510733,29.259
31519,52.5124,29.258
31520,52.514067,29.258
31521,52.515733,29.255
31522,52.5174,29.264
31523,52.519067,29.272
31524,52.520733,29.272
31525,52.5224,29.278
31526,52.524067,29.278
31527,52.525733,29.275
31528,52.5274,29.275
31529,52.5291,29.279
31530,52.530717,29.282
31531,52.532383,29.289
31532,52.53405,29.289
31533,52.535717,29.286
31534,52.537383,29.281
31535,52.53905,29.281
31536,52.540717,29.276
31537,52.542383,29.273
31538,52.544083,29.279
31539,52.54585,29.279
31540,52.547383,29.285
31541,52.54905,29.289
31542,52.550717,29.292
31543,52.552383,29.292
31544,52.55405,29.294
31545,52.555717,29.288
31546,52.557383,29.291
31547,52.55905,29.291
31548,52.560717,29.287
31549,52.5625,29.282
31550,52.56405,29.282
31551,52.565717,29.282
31552,52.567383,29.279
31553,52.56905,29.284
31554,52.570717,29.284
31555,52.572383,29.283
31556,52.57405,29.279
31557,52.575717,29.276
31558,52.577383,29.276
31559,52.57905,29.278
31560,52.580717,29.276
31561,52.5824,29.275
31562,52.58405,29.275
31563,52.585717,29.28
31564,52.587383,29.277
31565,52.58905,29.28
31566,52.590717,29.28
31567,52.592367,29.286
31568,52.594033,29.285
31569,52.5957,29.285
31570,52.597367,29.286
31571,52.599033,29.286
31572,52.6007,29.289
31573,52.602367,29.289
31574,52.604033,29.293
31575,52.6057,29.295
31576,52.607367,29.293
31577,52.609033,29.293
31578,52.6107,29.291
31579,52.612367,29.288
31580,52.614067,29.292
31581,52.6157,29.292
31582,52.617367,29.293
31583,52.619033,29.29
31584,52.6207,29.29
31585,52.622367,29.287
31586,52.624033,29.279
31587,52.6257,29.277
31588,52.627367,29.277
31589,52.629033,29.273
31590,52.6307,29.277
31591,52.632367,29.278
31592,52.634033,29.278
31593,52.6357,29.278
31594,52.637367,29.287
31595,52.639033,29.293
31596,52.6407,29.293
31597,52.642367,29.295
31598,52.644033,29.301
31599,52.6457,29.298
31600,52.647383,29.298
31601,52.649033,29.293
31602,52.6507,29.287
31603,52.65235,29.287
31604,52.654017,29.278
31605,52.655683,29.272
31606,52.65735,29.27
31607,52.659017,29.27
31608,52.660683,29.276
31609,52.662367,29.281
31610,52.664017,29.287
31611,52.665683,29.287
31612,52.66735,29.282
31613,52.669017,29.275
31614,52.670683,29.273
31615,52.67235,29.273
31616,52.674017,29.272
31617,52.675683,29.277
31618,52.67735,29.277
31619,52.679017,29.285
31620,52.680733,29.287
31621,52.68235,29.292
31622,52.684017,29.292
31623,52.685717,29.29
31624,52.68735,29.288
31625,52.689017,29.293
31626,52.690683,29.293
31627,52.69235,29.286
31628,52.694017,29.283
31629,52.695683,29.278
31630,52.69745,29.278
31631,52.699017,29.273
31632,52.700683,29.276
31633,52.70235,29.278
31634,52.704017,29.278
31635,52.705683,29.279
31636,52.70735,29.276
31637,52.709017,29.276
31638,52.710683,29.273
31639,52.71235,29.276
31640,52.714,29.283
31641,52.715667,29.283
31642,52.717333,29.286
31643,52.719,29.289
31644,52.720667,29.286
31645,52.722333,29.286
31646,52.724,29.282
31647,52.725667,29.282
31648,52.727333,29.282
31649,52.729017,29.282
31650,52.730667,29.284
31651,52.732333,29.294
31652,52.734,29.294
31653,52.735667,29.294
31654,52.737333,29.292
31655,52.739,29.293
31656,52.740667,29.293
31657,52.742333,29.292
31658,52.744,29.297
31659,52.74565,29.297
31660,52.74735,29.297
31661,52.748983,29.296
31662,52.75065,29.291
31663,52.752317,29.285
31664,52.753983,29.285
31665,52.755683,29.286
31666,52.757317,29.285
31667,52.758983,29.285
31668,52.76065,29.284
31669,52.762317,29.283
31670,52.763983,29.279
31671,52.76565,29.279
31672,52.767317,29.276
31673,52.768983,29.274
31674,52.77065,29.272
31675,52.772317,29.272
31676,52.773967,29.277
31677,52.775633,29.28
31678,52.7773,29.283
31679,52.778967,29.283
31680,52.780633,29.293
31681,52.782383,29.294
31682,52.783967,29.295
31683,52.785633,29.295
31684,52.7873,29.297
31685,52.788967,29.288
31686,52.790633,29.288
31687,52.7923,29.286
31688,52.793967,29.283
31689,52.795633,29.275
31690,52.7973,29.275
31691,52.799017,29.27
31692,52.800633,29.263
31693,52.8023,29.266
31694,52.803967,29.266
31695,52.805633,29.272
31696,52.8073,29.278
31697,52.808967,29.283
31698,52.810633,29.283
31699,52.8123,29.283
31700,52.813967,29.28
31701,52.815733,29.279
31702,52.8173,29.279
31703,52.818967,29.281
31704,52.820633,29.281
31705,52.8223,29.281
31706,52.823967,29.289
31707,52.825633,29.289
31708,52.8273,29.288
31709,52.828967,29.288
31710,52.830633,29.29
31711,52.832317,29.284
31712,52.834,29.281
31713,52.835683,29.281
31714,52.837283,29.28
31715,52.83895,29.276
31716,52.840617,29.276
31717,52.842283,29.276
31718,52.84395,29.281
31719,52.845617,29.28
31720,52.847283,29.28
31721,52.84895,29.278
31722,52.850617,29.277
31723,52.852283,29.275
31724,52.85395,29.275
31725,52.855617,29.277
31726,52.857283,29.28
31727,52.85895,29.282
31728,52.860617,29.282
31729,52.862283,29.275
31730,52.86395,29.269
31731,52.865617,29.263
31732,52.867283,29.263
31733,52.86895,29.256
31734,52.870617,29.257
31735,52.872283,29.257
31736,52.87395,29.258
31737,52.875617,29.259
31738,52.877283,29.26
31739,52.87895,29.26
31740,52.880617,29.265
31741,52.882283,29.27
31742,52.88395,29.275
31743,52.885617,29.275
31744,52.887283,29.28
31745,52.88895,29.283
31746,52.890617,29.291
31747,52.892267,29.291
31748,52.893933,29.297
31749,52.8956,29.304
31750,52.897267,29.306
31751,52.898933,29.306
31752,52.90065,29.301
31753,52.902283,29.291
31754,52.904033,29.291
31755,52.9056,29.283
31756,52.907267,29.278
31757,52.908933,29.271
31758,52.9106,29.271
31759,52.912267,29.276
31760,52.913933,29.277
31761,52.9156,29.276
31762,52.917283,29.276
31763,52.918933,29.281
31764,52.9206,29.278
31765,52.922267,29.272
31766,52.923933,29.272
31767,52.9256,29.275
31768,52.927267,29.275
31769,52.928933,29.275
31770,52.9306,29.279
31771,52.932267,29.283
31772,52.934033,29.279
31773,52.9356,29.279
31774,52.937267,29.276
31775,52.938933,29.276
31776,52.9406,29.279
31777,52.942267,29.279
31778,52.943933,29.283
31779,52.9456,29.286
31780,52.947267,29.284
31781,52.948933,29.284
31782,52.9506,29.279
31783,52.952267,29.276
31784,52.953917,29.276
31785,52.955583,29.276
31786,52.95725,29.274
31787,52.958917,29.276
31788,52.960583,29.276
31789,52.96225,29.278
31790,52.963917,29.278
31791,52.965583,29.282
31792,52.96725,29.282
31793,52.968917,29.284
31794,52.970583,29.278
31795,52.97225,29.275
31796,52.973967,29.275
31797,52.975583,29.272
31798,52.97725,29.276
31799,52.978917,29.282
31800,52.980583,29.282
31801,52.98225,29.286
31802,52.983917,29.292
31803,52.985583,29.292
31804,52.98725,29.288
31805,52.988917,29.286
31806,52.990583,29.28
31807,52.99225,29.28
31808,52.993917,29.28
31809,52.995583,29.281
31810,52.99725,29.286
31811,52.998917,29.286
31812,53.000583,29.293
31813,53.00225,29.293
31814,53.003917,29.296
31815,53.005583,29.296
31816,53.00725,29.298
31817,53.008917,29.295
31818,53.010583,29.295
31819,53.01225,29.295
31820,53.0139,29.292
31821,53.015567,29.282
31822,53.017233,29.282
31823,53.018967,29.277
31824,53.020567,29.271
31825,53.022233,29.267
31826,53.0239,29.267
31827,53.025567,29.274
31828,53.027233,29.277
31829,53.0289,29.282
31830,53.030567,29.282
31831,53.032233,29.28
31832,53.0339,29.279
31833,53.035583,29.285
31834,53.037217,29.285
31835,53.038883,29.289
31836,53.04055,29.293
31837,53.042217,29.293
31838,53.043883,29.292
31839,53.04555,29.29
31840,53.047217,29.286
31841,53.048883,29.286
31842,53.050567,29.287
31843,53.05235,29.29
31844,53.053883,29.295
31845,53.05555,29.295
31846,53.057217,29.297
31847,53.058883,29.292
31848,53.06055,29.287
31849,53.062217,29.287
31850,53.063883,29.276
31851,53.06555,29.277
31852,53.067217,29.277
31853,53.068883,29.287
31854,53.07055,29.297
31855,53.0722,29.306
31856,53.073867,29.306
31857,53.075533,29.304
31858,53.0772,29.301
31859,53.078883,29.296
31860,53.080533,29.296
31861,53.0822,29.294
31862,53.083867,29.295
31863,53.085533,29.297
31864,53.0872,29.297
31865,53.088867,29.299
31866,53.090533,29.299
31867,53.0922,29.302
31868,53.093867,29.302
31869,53.095533,29.309
31870,53.0972,29.315
31871,53.098867,29.315
31872,53.100533,29.325
31873,53.1022,29.329
31874,53.103867,29.322
31875,53.105533,29.322
31876,53.1072,29.319
31877,53.108867,29.314
31878,53.110533,29.311
31879,53.1122,29.311
31880,53.113867,29.308
31881,53.115533,29.303
31882,53.1172,29.299
31883,53.118883,29.299
31884,53.120583,29.301
31885,53.1222,29.301
31886,53.123867,29.301
31887,53.125533,29.301
31888,53.1272,29.3
31889,53.128867,29.294
31890,53.130533,29.294
31891,53.132183,29.289
31892,53.13385,29.285
31893,53.135517,29.283
31894,53.1372,29.283
31895,53.13885,29.279
31896,53.140517,29.286
31897,53.142183,29.293
31898,53.14385,29.293
31899,53.145517,29.294
31900,53.147183,29.296
31901,53.14885,29.296
31902,53.150517,29.299
31903,53.152183,29.294
31904,53.15385,29.296
31905,53.155517,29.296
31906,53.157183,29.298
31907,53.15885,29.294
31908,53.160517,29.291
31909,53.162183,29.291
31910,53.16385,29.286
31911,53.165517,29.285
31912,53.167183,29.285
31913,53.16885,29.285
31914,53.17065,29.286
31915,53.172183,29.285
31916,53.17385,29.287
31917,53.175517,29.287
31918,53.177183,29.288
31919,53.17885,29.285
31920,53.180517,29.285
31921,53.182183,29.283
31922,53.18385,29.281
31923,53.185517,29.281
31924,53.187183,29.281
31925,53.18885,29.281
31926,53.190517,29.279
31927,53.192183,29.272
31928,53.193833,29.272
31929,53.1955,29.264
31930,53.197167,29.26
31931,53.19885,29.264
31932,53.200567,29.264
31933,53.2022,29.265
31934,53.203833,29.272
31935,53.2055,29.272
31936,53.207167,29.278
31937,53.208833,29.279
31938,53.2105,29.285
31939,53.212167,29.285
31940,53.213833,29.285
31941,53.2155,29.283
31942,53.217167,29.278
31943,53.218833,29.278
31944,53.2205,29.275
31945,53.222167,29.272
31946,53.223833,29.268
31947,53.2255,29.268
31948,53.227167,29.266
31949,53.228833,29.269
31950,53.2305,29.272
31951,53.232167,29.272
31952,53.233833,29.277
31953,53.2355,29.284
31954,53.237167,29.284
31955,53.238833,29.283
31956,53.2405,29.283
31957,53.242167,29.287
31958,53.243833,29.287
31959,53.2455,29.284
31960,53.247167,29.28
31961,53.248833,29.274
31962,53.2505,29.274
31963,53.252167,29.265
31964,53.253817,29.263
31965,53.255517,29.268
31966,53.25715,29.268
31967,53.258817,29.275
31968,53.260483,29.28
31969,53.26215,29.28
31970,53.263817,29.281
31971,53.2655,29.28
31972,53.26715,29.276
31973,53.268817,29.276
31974,53.270483,29.276
31975,53.272217,29.274
31976,53.27385,29.265
31977,53.275483,29.265
31978,53.27715,29.264
31979,53.278817,29.256
31980,53.280483,29.252
31981,53.28215,29.252
31982,53.283817,29.257
31983,53.285483,29.255
31984,53.28715,29.259
31985,53.288917,29.259
31986,53.290483,29.259
31987,53.29215,29.258
31988,53.293817,29.258
31989,53.295483,29.258
31990,53.29715,29.257
31991,53.298817,29.259
31992,53.300483,29.259
31993,53.30215,29.264
31994,53.303817,29.264
31995,53.305483,29.266
31996,53.30715,29.266
31997,53.308817,29.27
31998,53.310483,29.273
31999,53.312133,29.278
32000,53.3138,29.278
32001,53.315467,29.284
32002,53.317133,29.29
32003,53.3188,29.29
32004,53.320467,29.29
32005,53.322133,29.299
32006,53.3238,29.297
32007,53.325467,29.297
32008,53.327133,29.287
32009,53.328783,29.282
32010,53.33045,29.274
32011,53.332117,29.274
32012,53.333783,29.271
32013,53.33545,29.273
32014,53.337117,29.271
32015,53.3388,29.271
32016,53.34045,29.271
32017,53.342117,29.268
32018,53.343783,29.268
32019,53.34545,29.267
32020,53.347117,29.273
32021,53.348783,29.266
32022,53.35045,29.266
32023,53.352117,29.265
32024,53.353783,29.259
32025,53.35545,29.26
32026,53.357133,29.26
32027,53.358783,29.268
32028,53.36045,29.278
32029,53.362117,29.286
32030,53.363783,29.286
32031,53.36545,29.285
32032,53.367117,29.288
32033,53.368783,29.28
32034,53.37045,29.28
32035,53.3721,29.276
32036,53.3738,29.276
32037,53.375433,29.276
32038,53.3771,29.272
32039,53.378767,29.273
32040,53.380433,29.272
32041,53.3821,29.272
32042,53.383767,29.273
32043,53.385433,29.273
32044,53.3871,29.268
32045,53.388767,29.268
32046,53.390517,29.266
32047,53.3921,29.259
32048,53.393767,29.256
32049,53.395433,29.256
32050,53.3971,29.259
32051,53.398767,29.257
32052,53.400433,29.257
32053,53.4021,29.261
32054,53.403767,29.258
32055,53.405433,29.256
32056,53.407167,29.256
32057,53.408767,29.254
32058,53.41045,29.244
32059,53.4121,29.241
32060,53.413767,29.241
32061,53.415433,29.24
32062,53.4171,29.242
32063,53.418767,29.247
32064,53.420433,29.247
32065,53.4221,29.252
32066,53.423867,29.249
32067,53.425433,29.246
32068,53.4271,29.246
32069,53.428767,29.244
32070,53.430433,29.239
32071,53.432083,29.239
32072,53.43375,29.24
32073,53.435417,29.24
32074,53.437083,29.24
32075,53.43875,29.24
32076,53.440417,29.24
32077,53.442083,29.24
32078,53.44375,29.245
32079,53.445417,29.245
32080,53.447083,29.248
32081,53.448767,29.252
32082,53.450417,29.253
32083,53.452083,29.253
32084,53.45375,29.251
32085,53.455417,29.249
32086,53.457083,29.249
32087,53.45875,29.248
32088,53.460417,29.251
32089,53.462083,29.249
32090,53.46375,29.249
32091,53.465417,29.255
32092,53.467083,29.252
32093,53.46875,29.243
32094,53.470417,29.243
32095,53.472083,29.239
32096,53.47375,29.234
32097,53.475417,29.236
32098,53.477083,29.236
32099,53.47875,29.249
32100,53.48045,29.264
32101,53.482083,29.268
32102,53.48375,29.268
32103,53.485417,29.272
32104,53.487083,29.27
32105,53.48875,29.27
32106,53.490417,29.262
32107,53.4921,29.261
32108,53.493733,29.267
32109,53.4954,29.267
32110,53.497067,29.267
32111,53.498733,29.272
32112,53.5004,29.274
32113,53.502067,29.274
32114,53.503733,29.267
32115,53.5054,29.262
32116,53.507067,29.256
32117,53.5088,29.256
32118,53.5104,29.254
32119,53.512067,29.254
32120,53.513733,29.254
32121,53.5154,29.254
32122,53.517067,29.256
32123,53.518733,29.263
32124,53.5204,29.263
32125,53.522067,29.264
32126,53.523733,29.267
32127,53.52545,29.268
32128,53.527067,29.268
32129,53.528733,29.262
32130,53.5304,29.266
32131,53.532083,29.265
32132,53.533733,29.265
32133,53.535417,29.261
32134,53.537067,29.259
32135,53.538733,29.252
32136,53.5404,29.252
32137,53.542167,29.248
32138,53.543733,29.249
32139,53.5454,29.249
32140,53.547067,29.247
32141,53.548733,29.247
32142,53.5504,29.252
32143,53.552067,29.252
32144,53.553717,29.256
32145,53.555383,29.257
32146,53.55705,29.256
32147,53.55875,29.256
32148,53.560383,29.255
32149,53.56205,29.248
32150,53.563717,29.248
32151,53.565383,29.248
32152,53.56705,29.25
32153,53.568717,29.249
32154,53.570383,29.249
32155,53.57205,29.252
32156,53.573717,29.253
32157,53.575383,29.253
32158,53.57705,29.253
32159,53.578717,29.259
32160,53.580383,29.259
32161,53.58205,29.256
32162,53.583717,29.256
32163,53.585383,29.256
32164,53.58705,29.25
32165,53.588717,29.248
32166,53.590383,29.248
32167,53.59205,29.255
32168,53.593717,29.259
32169,53.595383,29.259
32170,53.59705,29.263
32171,53.598717,29.261
32172,53.600383,29.256
32173,53.60205,29.256
32174,53.603717,29.256
32175,53.605383,29.257
32176,53.60705,29.26
32177,53.608717,29.26
32178,53.610367,29.259
32179,53.612067,29.254
32180,53.6137,29.252
32181,53.615367,29.252
32182,53.617033,29.258
32183,53.6187,29.259
32184,53.62035,29.265
32185,53.622017,29.265
32186,53.623683,29.272
32187,53.62535,29.266
32188,53.627083,29.266
32189,53.628683,29.264
32190,53.63035,29.258
32191,53.632017,29.253
32192,53.633683,29.253
32193,53.63535,29.252
32194,53.637017,29.253
32195,53.638683,29.254
32196,53.64035,29.254
32197,53.642017,29.255
32198,53.64375,29.261
32199,53.64535,29.266
32200,53.647017,29.266
32201,53.648683,29.264
32202,53.65035,29.265
32203,53.652017,29.265
32204,53.653683,29.26
32205,53.65535,29.252
32206,53.657017,29.253
32207,53.658683,29.253
32208,53.66035,29.249
32209,53.662017,29.253
32210,53.663683,29.254
32211,53.66535,29.254
32212,53.667017,29.255
32213,53.668683,29.257
32214,53.67035,29.255
32215,53.672017,29.255
32216,53.673667,29.257
32217,53.675333,29.263
32218,53.677,29.261
32219,53.678667,29.261
32220,53.680333,29.259
32221,53.682,29.257
32222,53.683667,29.257
32223,53.685333,29.252
32224,53.687,29.255
32225,53.688667,29.263
32226,53.690333,29.263
32227,53.692,29.272
32228,53.693667,29.272
32229,53.69535,29.274
32230,53.697,29.274
32231,53.6987,29.274
32232,53.700333,29.276
32233,53.702,29.28
32234,53.703667,29.28
32235,53.705333,29.276
32236,53.707,29.274
32237,53.708667,29.274
32238,53.71035,29.272
32239,53.712,29.275
32240,53.713667,29.277
32241,53.715333,29.277
32242,53.717,29.275
32243,53.718667,29.271
32244,53.720333,29.269
32245,53.722,29.269
32246,53.723667,29.269
32247,53.725333,29.27
32248,53.727,29.267
32249,53.72865,29.267
32250,53.730333,29.264
32251,53.732,29.266
32252,53.73365,29.266
32253,53.735317,29.264
32254,53.736983,29.258
32255,53.73865,29.245
32256,53.740317,29.245
32257,53.741983,29.24
32258,53.74365,29.233
32259,53.745317,29.237
32260,53.746983,29.237
32261,53.74865,29.243
32262,53.750317,29.236
32263,53.751983,29.235
32264,53.75365,29.235
32265,53.755317,29.235
32266,53.756983,29.239
32267,53.75865,29.247
32268,53.760317,29.247
32269,53.762033,29.259
32270,53.76365,29.259
32271,53.765317,29.259
32272,53.767017,29.258
32273,53.76865,29.256
32274,53.770367,29.25
32275,53.771983,29.25
32276,53.77365,29.258
32277,53.775317,29.262
32278,53.776983,29.266
32279,53.77875,29.266
32280,53.780317,29.269
32281,53.781983,29.27
32282,53.78365,29.279
32283,53.785317,29.279
32284,53.786983,29.286
32285,53.78865,29.291
32286,53.790317,29.291
32287,53.791983,29.29
32288,53.793633,29.287
32289,53.7953,29.282
32290,53.796967,29.282
32291,53.798633,29.285
32292,53.8003,29.284
32293,53.801967,29.279
32294,53.803633,29.279
32295,53.8053,29.282
32296,53.806967,29.281
32297,53.808633,29.28
32298,53.8103,29.28
32299,53.811967,29.277
32300,53.813633,29.267
32301,53.8153,29.257
32302,53.816967,29.257
32303,53.818633,29.251
32304,53.8203,29.251
32305,53.821967,29.251
32306,53.823633,29.251
32307,53.8253,29.253
32308,53.826967,29.255
32309,53.828633,29.255
32310,53.8303,29.256
32311,53.831967,29.262
32312,53.83365,29.267
32313,53.8353,29.267
32314,53.836967,29.271
32315,53.838633,29.274
32316,53.8403,29.269
32317,53.841967,29.269
32318,53.84365,29.264
32319,53.8453,29.267
32320,53.846967,29.267
32321,53.848633,29.27
32322,53.8503,29.278
32323,53.85195,29.283
32324,53.853617,29.283
32325,53.855283,29.283
32326,53.85695,29.279
32327,53.858617,29.274
32328,53.860283,29.274
32329,53.86195,29.273
32330,53.863667,29.269
32331,53.865283,29.267
32332,53.86695,29.267
32333,53.868617,29.265
32334,53.870283,29.262
32335,53.87195,29.26
32336,53.873617,29.26
32337,53.875283,29.259
32338,53.87695,29.261
32339,53.878617,29.261
32340,53.880283,29.261
32341,53.88195,29.259
32342,53.883617,29.258
32343,53.885283,29.258
32344,53.88695,29.254
32345,53.888617,29.251
32346,53.890283,29.253
32347,53.89195,29.253
32348,53.893617,29.255
32349,53.895283,29.258
32350,53.89705,29.263
32351,53.898617,29.263
32352,53.900283,29.263
32353,53.90195,29.26
32354,53.903617,29.26
32355,53.905283,29.256
32356,53.90695,29.255
32357,53.908617,29.252
32358,53.910267,29.252
32359,53.911933,29.259
32360,53.913617,29.261
32361,53.91525,29.259
32362,53.916917,29.259
32363,53.918583,29.265
32364,53.92025,29.265
32365,53.921917,29.272
32366,53.923583,29.272
32367,53.92525,29.281
32368,53.926917,29.286
32369,53.928583,29.286
32370,53.93025,29.288
32371,53.931917,29.286
32372,53.933583,29.282
32373,53.935267,29.282
32374,53.936917,29.28
32375,53.938583,29.281
32376,53.94025,29.28
32377,53.941917,29.28
32378,53.943583,29.278
32379,53.94525,29.278
32380,53.946917,29.275
32381,53.948583,29.275
32382,53.95025,29.276
32383,53.951917,29.278
32384,53.953583,29.277
32385,53.95525,29.277
32386,53.956917,29.275
32387,53.958583,29.277
32388,53.96025,29.277
32389,53.961917,29.278
32390,53.963583,29.268
32391,53.96525,29.27
32392,53.966917,29.27
32393,53.968583,29.261
32394,53.97025,29.262
32395,53.971917,29.265
32396,53.973567,29.265
32397,53.975233,29.264
32398,53.9769,29.27
32399,53.978583,29.27
32400,53.980283,29.27
32401,53.981983,29.277
32402,53.983567,29.272
32403,53.985233,29.272
32404,53.9869,29.272
32405,53.988567,29.268
32406,53.990233,29.269
32407,53.9919,29.269
32408,53.993567,29.275
32409,53.995233,29.276
32410,53.9969,29.275
32411,53.998567,29.275
32412,54.000233,29.273
32413,54.0019,29.27
32414,54.003567,29.266
32415,54.005233,29.266
32416,54.0069,29.272
32417,54.008567,29.265
32418,54.010233,29.26
32419,54.0119,29.26
32420,54.013567,29.264
32421,54.015333,29.256
32422,54.0169,29.256
32423,54.018567,29.261
32424,54.020233,29.262
32425,54.0219,29.258
32426,54.0236,29.258
32427,54.025233,29.26
32428,54.0269,29.255
32429,54.028567,29.253
32430,54.030233,29.253
32431,54.0319,29.248
32432,54.03355,29.244
32433,54.035217,29.246
32434,54.036883,29.246
32435,54.03855,29.248
32436,54.040217,29.247
32437,54.041883,29.247
32438,54.04355,29.249
32439,54.045217,29.246
32440,54.046883,29.248
32441,54.04855,29.248
32442,54.050217,29.257
32443,54.0519,29.255
32444,54.05355,29.256
32445,54.055217,29.256
32446,54.056883,29.253
32447,54.05855,29.248
32448,54.060217,29.246
32449,54.061883,29.246
32450,54.06355,29.24
32451,54.065217,29.239
32452,54.066883,29.24
32453,54.06855,29.24
32454,54.070217,29.242
32455,54.071883,29.243
32456,54.07355,29.243
32457,54.075217,29.238
32458,54.076883,29.237
32459,54.07855,29.239
32460,54.080217,29.239
32461,54.081883,29.248
32462,54.08355,29.256
32463,54.085217,29.261
32464,54.086883,29.261
32465,54.08855,29.268
32466,54.090217,29.268
32467,54.0919,29.269
32468,54.093533,29.269
32469,54.0952,29.266
32470,54.096867,29.259
32471,54.098533,29.259
32472,54.100267,29.26
32473,54.101867,29.264
32474,54.103533,29.262
32475,54.1052,29.262
32476,54.106867,29.262
32477,54.108533,29.254
32478,54.1102,29.245
32479,54.111867,29.245
32480,54.11355,29.247
32481,54.1152,29.251
32482,54.116867,29.26
32483,54.118533,29.26
32484,54.1202,29.263
32485,54.121867,29.262
32486,54.123533,29.259
32487,54.1252,29.259
32488,54.126867,29.251
32489,54.128533,29.256
32490,54.130233,29.256
32491,54.131867,29.255
32492,54.133633,29.251
32493,54.1352,29.253
32494,54.136867,29.253
32495,54.138533,29.252
32496,54.1402,29.254
32497,54.141867,29.258
32498,54.143533,29.258
32499,54.1452,29.257
32500,54.146867,29.255
32501,54.148533,29.255
32502,54.1502,29.255
32503,54.151867,29.251
32504,54.153517,29.252
32505,54.155183,29.252
32506,54.15685,29.251
32507,54.158517,29.249
32508,54.160183,29.255
32509,54.16185,29.255
32510,54.163517,29.258
32511,54.165183,29.254
32512,54.16685,29.256
32513,54.168517,29.256
32514,54.170183,29.246
32515,54.17185,29.249
32516,54.173517,29.252
32517,54.175183,29.252
32518,54.17685,29.252
32519,54.178517,29.263
32520,54.180183,29.263
32521,54.18185,29.257
32522,54.18355,29.258
32523,54.185183,29.258
32524,54.18685,29.258
32525,54.188517,29.251
32526,54.190183,29.252
32527,54.19185,29.251
32528,54.193517,29.251
32529,54.195183,29.246
32530,54.19685,29.245
32531,54.19855,29.242
32532,54.200183,29.242
32533,54.201833,29.241
32534,54.2035,29.244
32535,54.205167,29.24
32536,54.206833,29.24
32537,54.2085,29.241
32538,54.210167,29.24
32539,54.211833,29.24
32540,54.213483,29.243
32541,54.21515,29.244
32542,54.216817,29.243
32543,54.218533,29.243
32544,54.22015,29.246
32545,54.221817,29.236
32546,54.223483,29.234
32547,54.22515,29.234
32548,54.226817,29.239
32549,54.228483,29.236
32550,54.23015,29.242
32551,54.231817,29.242
32552,54.233483,29.244
32553,54.235267,29.242
32554,54.236817,29.242
32555,54.238483,29.241
32556,54.24015,29.24
32557,54.241817,29.24
32558,54.243483,29.24
32559,54.24515,29.233
32560,54.246817,29.229
32561,54.248483,29.22
32562,54.25015,29.22
32563,54.251933,29.217
32564,54.253483,29.22
32565,54.25515,29.224
32566,54.256817,29.224
32567,54.258483,29.229
32568,54.26015,29.23
32569,54.261817,29.227
32570,54.263483,29.227
32571,54.26515,29.221
32572,54.266817,29.223
32573,54.268483,29.223
32574,54.27015,29.221
32575,54.271833,29.224
32576,54.273467,29.233
32577,54.275167,29.233
32578,54.27685,29.238
32579,54.278467,29.244
32580,54.280133,29.242
32581,54.2818,29.242
32582,54.283467,29.234
32583,54.285133,29.227
32584,54.2868,29.221
32585,54.288483,29.221
32586,54.290133,29.227
32587,54.2918,29.226
32588,54.293467,29.226
32589,54.295133,29.231
32590,54.2968,29.236
32591,54.298467,29.231
32592,54.300133,29.231
32593,54.3018,29.239
32594,54.303467,29.234
32595,54.305133,29.229
32596,54.3068,29.229
32597,54.308467,29.232
32598,54.310133,29.228
32599,54.3118,29.228
32600,54.313467,29.228
32601,54.315133,29.227
32602,54.3168,29.22
32603,54.318467,29.216
32604,54.320133,29.216
32605,54.3218,29.218
32606,54.323467,29.216
32607,54.325133,29.216
32608,54.3268,29.221
32609,54.328467,29.226
32610,54.330133,29.232
32611,54.3318,29.232
32612,54.33345,29.241
32613,54.335117,29.241
32614,54.336867,29.242
32615,54.33845,29.242
32616,54.340117,29.234
32617,54.341783,29.226
32618,54.34345,29.229
32619,54.3452,29.229
32620,54.346783,29.224
32621,54.34845,29.229
32622,54.350117,29.229
32623,54.351783,29.233
32624,54.353517,29.233
32625,54.355117,29.235
32626,54.356783,29.235
32627,54.35845,29.233
32628,54.360117,29.232
32629,54.361783,29.235
32630,54.36345,29.235
32631,54.365117,29.233
32632,54.366783,29.234
32633,54.36845,29.233
32634,54.370183,29.233
32635,54.371783,29.228
32636,54.37345,29.225
32637,54.375117,29.225
32638,54.376783,29.226
32639,54.37845,29.227
32640,54.380117,29.23
32641,54.381783,29.23
32642,54.38345,29.23
32643,54.385117,29.232
32644,54.386883,29.234
32645,54.38845,29.234
32646,54.390117,29.235
32647,54.391783,29.242
32648,54.393433,29.244
32649,54.3951,29.244
32650,54.396767,29.249
32651,54.398433,29.246
32652,54.4001,29.246
32653,54.401767,29.246
32654,54.403433,29.248
32655,54.4051,29.242
32656,54.406767,29.242
32657,54.408433,29.246
32658,54.4101,29.248
32659,54.411767,29.25
32660,54.413433,29.25
32661,54.4151,29.252
32662,54.416767,29.248
32663,54.41845,29.239
32664,54.420117,29.239
32665,54.421767,29.231
32666,54.423433,29.225
32667,54.4251,29.223
32668,54.426767,29.223
32669,54.428433,29.224
32670,54.4301,29.229
32671,54.431767,29.229
32672,54.433433,29.234
32673,54.4351,29.245
32674,54.436767,29.25
32675,54.438433,29.25
32676,54.4401,29.244
32677,54.441767,29.241
32678,54.443433,29.236
32679,54.4451,29.236
32680,54.446767,29.235
32681,54.448433,29.235
32682,54.4501,29.23
32683,54.451767,29.23
32684,54.453417,29.227
32685,54.455083,29.229
32686,54.45675,29.232
32687,54.458417,29.232
32688,54.460083,29.231
32689,54.46175,29.23
32690,54.463417,29.23
32691,54.465083,29.231
32692,54.46675,29.231
32693,54.468417,29.237
32694,54.470083,29.237
32695,54.4718,29.24
32696,54.473417,29.24
32697,54.475083,29.241
32698,54.47675,29.241
32699,54.478417,29.242
32700,54.480083,29.246
32701,54.48175,29.245
32702,54.483417,29.245
32703,54.485083,29.242
32704,54.48675,29.241
32705,54.4885,29.241
32706,54.490083,29.241
32707,54.491767,29.233
32708,54.49345,29.235
32709,54.495067,29.235
32710,54.496733,29.236
32711,54.4984,29.23
32712,54.500067,29.238
32713,54.501733,29.238
32714,54.5034,29.245
32715,54.505183,29.251
32716,54.506733,29.261
32717,54.5084,29.261
32718,54.510067,29.26
32719,54.511733,29.254
32720,54.513383,29.254
32721,54.51505,29.251
32722,54.516717,29.247
32723,54.518383,29.246
32724,54.52005,29.246
32725,54.521717,29.246
32726,54.523383,29.241
32727,54.52505,29.236
32728,54.526717,29.236
32729,54.528383,29.237
32730,54.53005,29.234
32731,54.531717,29.231
32732,54.533383,29.231
32733,54.53505,29.235
32734,54.536717,29.237
32735,54.538383,29.235
32736,54.54005,29.235
32737,54.541717,29.234
32738,54.543383,29.234
32739,54.54505,29.234
32740,54.546717,29.232
32741,54.548383,29.237
32742,54.55005,29.24
32743,54.551717,29.24
32744,54.553383,29.241
32745,54.55505,29.242
32746,54.556717,29.24
32747,54.558383,29.24
32748,54.56005,29.243
32749,54.56175,29.242
32750,54.563383,29.238
32751,54.565067,29.238
32752,54.566717,29.234
32753,54.568383,29.224
32754,54.57005,29.224
32755,54.571717,29.216
32756,54.573367,29.213
32757,54.575033,29.208
32758,54.5767,29.208
32759,54.578367,29.205
32760,54.580033,29.206
32761,54.5817,29.207
32762,54.583367,29.207
32763,54.585033,29.211
32764,54.5867,29.213
32765,54.588367,29.212
32766,54.5901,29.212
32767,54.5917,29.21
32768,54.593367,29.206
32769,54.595033,29.208
32770,54.5967,29.208
32771,54.598367,29.211
32772,54.600033,29.215
32773,54.6017,29.215
32774,54.603367,29.219
32775,54.605033,29.22
32776,54.606733,29.221
32777,54.608367,29.221
32778,54.610033,29.22
32779,54.6117,29.222
32780,54.613367,29.228
32781,54.615033,29.228
32782,54.6167,29.23
32783,54.618367,29.229
32784,54.620033,29.228
32785,54.6217,29.228
32786,54.623483,29.222
32787,54.625033,29.227
32788,54.6267,29.227
32789,54.628367,29.233
32790,54.630033,29.243
32791,54.6317,29.246
32792,54.63335,29.246
32793,54.635017,29.245
32794,54.636683,29.246
32795,54.63835,29.241
32796,54.640017,29.241
32797,54.641717,29.236
32798,54.64335,29.23
32799,54.645017,29.221
32800,54.646683,29.221
32801,54.64835,29.212
32802,54.650017,29.214
32803,54.651683,29.213
32804,54.65335,29.213
32805,54.655017,29.218
32806,54.656683,29.225
32807,54.658383,29.225
32808,54.660017,29.222
32809,54.661683,29.226
32810,54.66335,29.225
32811,54.665017,29.225
32812,54.666683,29.221
32813,54.66835,29.224
32814,54.670017,29.221
32815,54.671683,29.221
32816,54.67335,29.224
32817,54.675017,29.233
32818,54.676683,29.229
32819,54.67835,29.229
32820,54.680017,29.23
32821,54.681683,29.227
32822,54.68335,29.227
32823,54.685017,29.222
32824,54.686683,29.228
32825,54.68835,29.234
32826,54.690017,29.234
32827,54.691683,29.231
32828,54.693333,29.231
32829,54.695,29.226
32830,54.696667,29.226
32831,54.698333,29.22
32832,54.7,29.224
32833,54.701667,29.226
32834,54.703333,29.226
32835,54.705,29.227
32836,54.706667,29.227
32837,54.7084,29.225
32838,54.710033,29.225
32839,54.711667,29.216
32840,54.713333,29.217
32841,54.715,29.217
32842,54.716667,29.223
32843,54.718333,29.231
32844,54.72,29.242
32845,54.721667,29.242
32846,54.723333,29.247
32847,54.725,29.244
32848,54.726667,29.246
32849,54.728333,29.246
32850,54.73,29.24
32851,54.731667,29.236
32852,54.733333,29.232
32853,54.735,29.232
32854,54.736667,29.223
32855,54.738333,29.223
32856,54.74,29.223
32857,54.741767,29.219
32858,54.743333,29.222
32859,54.745033,29.22
32860,54.746667,29.22
32861,54.748333,29.213
32862,54.75,29.215
32863,54.751667,29.212
32864,54.753317,29.212
32865,54.754983,29.22
32866,54.75665,29.227
32867,54.758317,29.227
32868,54.759983,29.227
32869,54.76165,29.227
32870,54.763317,29.221
32871,54.764983,29.221
32872,54.76665,29.221
32873,54.768317,29.224
32874,54.769983,29.224
32875,54.77165,29.224
32876,54.773317,29.223
32877,54.774983,29.221
32878,54.77665,29.224
32879,54.778317,29.224
32880,54.779983,29.228
32881,54.78165,29.23
32882,54.783333,29.231
32883,54.784967,29.231
32884,54.786633,29.23
32885,54.7883,29.23
32886,54.789967,29.236
32887,54.791633,29.236
32888,54.7933,29.234
32889,54.794967,29.228
32890,54.796633,29.228
32891,54.7983,29.223
32892,54.799967,29.218
32893,54.801633,29.221
32894,54.8033,29.221
32895,54.804967,29.22
32896,54.806633,29.226
32897,54.8083,29.225
32898,54.809967,29.225
32899,54.811633,29.229
32900,54.813283,29.232
32901,54.81495,29.233
32902,54.816617,29.233
32903,54.818283,29.241
32904,54.81995,29.24
32905,54.821617,29.24
32906,54.823283,29.237
32907,54.82495,29.23
32908,54.826683,29.221
32909,54.828317,29.221
32910,54.82995,29.222
32911,54.831617,29.227
32912,54.833283,29.23
32913,54.83495,29.23
32914,54.836617,29.228
32915,54.838283,29.228
32916,54.83995,29.23
32917,54.841617,29.23
32918,54.843317,29.23
32919,54.84495,29.229
32920,54.846617,29.232
32921,54.848283,29.232
32922,54.84995,29.234
32923,54.851617,29.236
32924,54.853283,29.236
32925,54.85495,29.235
32926,54.85665,29.235
32927,54.858283,29.232
32928,54.860067,29.232
32929,54.861617,29.23
32930,54.863283,29.234
32931,54.86495,29.225
32932,54.866617,29.225
32933,54.868283,29.218
32934,54.86995,29.223
32935,54.8716,29.223
32936,54.873267,29.223
32937,54.874933,29.229
32938,54.8766,29.239
32939,54.878267,29.239
32940,54.879933,29.243
32941,54.8816,29.245
32942,54.883267,29.246
32943,54.884933,29.246
32944,54.8866,29.248
32945,54.888267,29.248
32946,54.889933,29.255
32947,54.8916,29.255
32948,54.893267,29.254
32949,54.894933,29.249
32950,54.8966,29.248
32951,54.898267,29.248
32952,54.899933,29.244
32953,54.9016,29.242
32954,54.903267,29.243
32955,54.904933,29.243
32956,54.9066,29.243
32957,54.908267,29.252
32958,54.909933,29.252
32959,54.9116,29.26
32960,54.913267,29.263
32961,54.914983,29.261
32962,54.9166,29.261
32963,54.918267,29.253
32964,54.91995,29.246
32965,54.9216,29.243
32966,54.923267,29.243
32967,54.924933,29.239
32968,54.9266,29.231
32969,54.928267,29.225
32970,54.92995,29.225
32971,54.9316,29.22
32972,54.93325,29.223
32973,54.934917,29.223
32974,54.936583,29.229
32975,54.93825,29.235
32976,54.939917,29.238
32977,54.941583,29.238
32978,54.94325,29.238
32979,54.944983,29.238
32980,54.946583,29.232
32981,54.94825,29.232
32982,54.949917,29.227
32983,54.951583,29.222
32984,54.95325,29.219
32985,54.954917,29.219
32986,54.956583,29.227
32987,54.95825,29.232
32988,54.959917,29.232
32989,54.961583,29.24
32990,54.96325,29.24
32991,54.964917,29.233
32992,54.966583,29.233
32993,54.96825,29.229
32994,54.969917,29.221
32995,54.971583,29.224
32996,54.97325,29.224
32997,54.974917,29.224
32998,54.976583,29.224
32999,54.978367,29.228
33000,54.979917,29.228
33001,54.981583,29.225
33002,54.98325,29.225
33003,54.984917,29.226
33004,54.986583,29.226
33005,54.98825,29.221
33006,54.989917,29.223
33007,54.991583,29.223
33008,54.993233,29.23
33009,54.9949,29.237
33010,54.996567,29.241
33011,54.998233,29.241
33012,54.9999,29.239
33013,55.001567,29.234
33014,55.003233,29.234
33015,55.0049,29.234
33016,55.006633,29.238
33017,55.008233,29.244
33018,55.0099,29.24
33019,55.011567,29.24
33020,55.013233,29.24
33021,55.0149,29.238
33022,55.016567,29.238
33023,55.018233,29.237
33024,55.0199,29.242
33025,55.021567,29.239
33026,55.023233,29.239
33027,55.0249,29.24
33028,55.026567,29.236
33029,55.028233,29.239
33030,55.0299,29.239
33031,55.031567,29.236
33032,55.033233,29.229
33033,55.0349,29.228
33034,55.036567,29.228
33035,55.038233,29.222
33036,55.0399,29.224
33037,55.041567,29.231
33038,55.043233,29.231
33039,55.0449,29.234
33040,55.046567,29.238
33041,55.048233,29.238
33042,55.0499,29.243
33043,55.051567,29.24
33044,55.053217,29.244
33045,55.054883,29.244
33046,55.05655,29.244
33047,55.058217,29.241
33048,55.059883,29.238
33049,55.06155,29.238
33050,55.063233,29.232
33051,55.064883,29.231
33052,55.06655,29.235
33053,55.068217,29.235
33054,55.069883,29.24
33055,55.07155,29.244
33056,55.073217,29.244
33057,55.0749,29.251
33058,55.076533,29.252
33059,55.0782,29.253
33060,55.079867,29.253
33061,55.081533,29.25
33062,55.0832,29.246
33063,55.084867,29.245
33064,55.086533,29.245
33065,55.0882,29.249
33066,55.089867,29.254
33067,55.091533,29.248
33068,55.0932,29.248
33069,55.094883,29.24
33070,55.09665,29.228
33071,55.0982,29.22
33072,55.099867,29.22
33073,55.101533,29.221
33074,55.1032,29.226
33075,55.104867,29.226
33076,55.106533,29.237
33077,55.1082,29.238
33078,55.109867,29.238
33079,55.111533,29.238
33080,55.113183,29.232
33081,55.11485,29.224
33082,55.116517,29.225
33083,55.118183,29.225
33084,55.11985,29.221
33085,55.121517,29.221
33086,55.123183,29.217
33087,55.12485,29.217
33088,55.126517,29.216
33089,55.128183,29.217
33090,55.12985,29.217
33091,55.131517,29.223
33092,55.133183,29.23
33093,55.13485,29.235
33094,55.136517,29.235
33095,55.138183,29.237
33096,55.13985,29.231
33097,55.141517,29.223
33098,55.143183,29.223
33099,55.144883,29.215
33100,55.146517,29.213
33101,55.148217,29.213
33102,55.14985,29.213
33103,55.151517,29.216
33104,55.153183,29.218
33105,55.15485,29.218
33106,55.156517,29.222
33107,55.158183,29.227
33108,55.15985,29.227
33109,55.161517,29.227
33110,55.163183,29.229
33111,55.16485,29.233
33112,55.166517,29.236
33113,55.168183,29.236
33114,55.16985,29.237
33115,55.171517,29.237
33116,55.173167,29.227
33117,55.174833,29.227
33118,55.1765,29.227
33119,55.178167,29.224
33120,55.179833,29.226
33121,55.181517,29.226
33122,55.183167,29.231
33123,55.184833,29.232
33124,55.1865,29.232
33125,55.188167,29.246
33126,55.189833,29.247
33127,55.1915,29.245
33128,55.193167,29.245
33129,55.194833,29.241
33130,55.1965,29.235
33131,55.198167,29.232
33132,55.199833,29.232
33133,55.2015,29.229
33134,55.203167,29.226
33135,55.204833,29.224
33136,55.2065,29.224
33137,55.208167,29.223
33138,55.209833,29.227
33139,55.2115,29.227
33140,55.213167,29.231
33141,55.214883,29.227
33142,55.2165,29.225
33143,55.218167,29.225
33144,55.21985,29.221
33145,55.2215,29.215
33146,55.223167,29.217
33147,55.224833,29.217
33148,55.2265,29.223
33149,55.228183,29.23
33150,55.229833,29.238
33151,55.2316,29.238
33152,55.23315,29.241
33153,55.234817,29.235
33154,55.236483,29.228
33155,55.23815,29.228
33156,55.239817,29.22
33157,55.241483,29.213
33158,55.24315,29.213
33159,55.244817,29.218
33160,55.246483,29.225
33161,55.24815,29.226
33162,55.249817,29.226
33163,55.251483,29.231
33164,55.25315,29.233
33165,55.254817,29.227
33166,55.256483,29.227
33167,55.25815,29.227
33168,55.259817,29.224
33169,55.261483,29.219
33170,55.26315,29.219
33171,55.264817,29.219
33172,55.266483,29.221
33173,55.26815,29.221
33174,55.269817,29.225
33175,55.271483,29.223
33176,55.27315,29.224
33177,55.274817,29.224
33178,55.276483,29.224
33179,55.27815,29.22
33180,55.279817,29.22
33181,55.281483,29.22
33182,55.28315,29.219
33183,55.284817,29.222
33184,55.286483,29.22
33185,55.28815,29.22
33186,55.289817,29.224
33187,55.291483,29.229
33188,55.293133,29.231
33189,55.294833,29.231
33190,55.296467,29.24
33191,55.298133,29.242
33192,55.299817,29.242
33193,55.3015,29.236
33194,55.303133,29.23
33195,55.3048,29.228
33196,55.306467,29.228
33197,55.308133,29.221
33198,55.3098,29.221
33199,55.311467,29.227
33200,55.313133,29.227
33201,55.3148,29.224
33202,55.3165,29.228
33203,55.318133,29.226
33204,55.3198,29.226
33205,55.321467,29.223
33206,55.32315,29.22
33207,55.3248,29.22
33208,55.326467,29.22
33209,55.328133,29.227
33210,55.3298,29.227
33211,55.331467,29.227
33212,55.333183,29.226
33213,55.3348,29.217
33214,55.336467,29.215
33215,55.338133,29.215
33216,55.3398,29.221
33217,55.341467,29.223
33218,55.343133,29.229
33219,55.3448,29.229
33220,55.346467,29.225
33221,55.348133,29.219
33222,55.349917,29.226
33223,55.351467,29.226
33224,55.353133,29.23
33225,55.354783,29.237
33226,55.35645,29.237
33227,55.358117,29.238
33228,55.359783,29.238
33229,55.36145,29.245
33230,55.363117,29.245
33231,55.364783,29.246
33232,55.36645,29.247
33233,55.3681,29.241
33234,55.369817,29.241
33235,55.371433,29.238
33236,55.3731,29.239
33237,55.374767,29.24
33238,55.376433,29.24
33239,55.3781,29.24
33240,55.379767,29.231
33241,55.381433,29.231
33242,55.3831,29.225
33243,55.384767,29.229
33244,55.386433,29.23
33245,55.3881,29.23
33246,55.389817,29.232
33247,55.391433,29.232
33248,55.3931,29.225
33249,55.394767,29.225
33250,55.396433,29.229
33251,55.3981,29.232
33252,55.399767,29.233
33253,55.401433,29.233
33254,55.4031,29.229
33255,55.404767,29.222
33256,55.406433,29.222
33257,55.4081,29.215
33258,55.409767,29.213
33259,55.411433,29.214
33260,55.413083,29.214
33261,55.41475,29.215
33262,55.416417,29.215
33263,55.418083,29.208
33264,55.41975,29.208
33265,55.421417,29.203
33266,55.423083,29.197
33267,55.42475,29.198
33268,55.426417,29.198
33269,55.428083,29.204
33270,55.42975,29.214
33271,55.431417,29.217
33272,55.433083,29.217
33273,55.4348,29.218
33274,55.436417,29.218
33275,55.438083,29.218
33276,55.439767,29.213
33277,55.441417,29.212
33278,55.443083,29.211
33279,55.44475,29.211
33280,55.446417,29.208
33281,55.448083,29.213
33282,55.44975,29.213
33283,55.451467,29.213
33284,55.453083,29.215
33285,55.45475,29.22
33286,55.456417,29.214
33287,55.458083,29.214
33288,55.45975,29.214
33289,55.461417,29.214
33290,55.463083,29.214
33291,55.46475,29.211
33292,55.466417,29.214
33293,55.468183,29.219
33294,55.46975,29.219
33295,55.471417,29.226
33296,55.473067,29.231
33297,55.474733,29.235
33298,55.4764,29.235
33299,55.478067,29.231
33300,55.47975,29.222
33301,55.48145,29.214
33302,55.483067,29.214
33303,55.484733,29.209
33304,55.4864,29.203
33305,55.488067,29.194
33306,55.489733,29.194
33307,55.4914,29.185
33308,55.493067,29.181
33309,55.494733,29.181
33310,55.4964,29.186
33311,55.498083,29.194
33312,55.499733,29.203
33313,55.5014,29.203
33314,55.503067,29.201
33315,55.504733,29.2
33316,55.5064,29.197
33317,55.508067,29.197
33318,55.509733,29.196
33319,55.5114,29.202
33320,55.513083,29.205
33321,55.514733,29.205
33322,55.5164,29.209
33323,55.518067,29.21
33324,55.519733,29.21
33325,55.5214,29.216
33326,55.523067,29.213
33327,55.524733,29.215
33328,55.5264,29.215
33329,55.528067,29.216
33330,55.529733,29.213
33331,55.5314,29.216
33332,55.53305,29.216
33333,55.534717,29.215
33334,55.536383,29.217
33335,55.53805,29.214
33336,55.539717,29.214
33337,55.541383,29.214
33338,55.54305,29.22
33339,55.544717,29.22
33340,55.546383,29.221
33341,55.54805,29.227
33342,55.549717,29.228
33343,55.551383,29.228
33344,55.55305,29.219
33345,55.554717,29.216
33346,55.556383,29.214
33347,55.55805,29.214
33348,55.559717,29.22
33349,55.5614,29.23
33350,55.56305,29.228
33351,55.564717,29.228
33352,55.566383,29.231
33353,55.56805,29.224
33354,55.569717,29.22
33355,55.571383,29.22
33356,55.57305,29.223
33357,55.574717,29.223
33358,55.576383,29.223
33359,55.57805,29.223
33360,55.579717,29.226
33361,55.581383,29.233
33362,55.58305,29.233
33363,55.584717,29.229
33364,55.586483,29.232
33365,55.58805,29.231
33366,55.589717,29.231
33367,55.591383,29.225
33368,55.593033,29.222
33369,55.5947,29.218
33370,55.596367,29.218
33371,55.598033,29.213
33372,55.5997,29.211
33373,55.601367,29.211
33374,55.603033,29.206
33375,55.6047,29.207
33376,55.606367,29.204
33377,55.608033,29.204
33378,55.6097,29.2
33379,55.611367,29.2
33380,55.613033,29.199
33381,55.6147,29.199
33382,55.616367,29.198
33383,55.618033,29.198
33384,55.6197,29.201
33385,55.621367,29.201
33386,55.623033,29.199
33387,55.6247,29.203
33388,55.626367,29.209
33389,55.628033,29.209
33390,55.6297,29.212
33391,55.631367,29.218
33392,55.633033,29.218
33393,55.6347,29.216
33394,55.636367,29.215
33395,55.638033,29.212
33396,55.6397,29.212
33397,55.641367,29.209
33398,55.64305,29.204
33399,55.6447,29.202
33400,55.646367,29.202
33401,55.648033,29.204
33402,55.6497,29.209
33403,55.65135,29.216
33404,55.65305,29.216
33405,55.654683,29.218
33406,55.65635,29.22
33407,55.658,29.22
33408,55.659667,29.216
33409,55.661333,29.219
33410,55.663,29.224
33411,55.664667,29.224
33412,55.666333,29.224
33413,55.668,29.225
33414,55.669667,29.22
33415,55.6714,29.22
33416,55.673017,29.216
33417,55.674667,29.222
33418,55.676333,29.226
33419,55.678,29.226
33420,55.679667,29.23
33421,55.681333,29.233
33422,55.683,29.228
33423,55.684667,29.228
33424,55.686333,29.222
33425,55.688,29.218
33426,55.689667,29.218
33427,55.691333,29.218
33428,55.693,29.219
33429,55.694667,29.224
33430,55.696333,29.224
33431,55.698,29.236
33432,55.699667,29.237
33433,55.701333,29.235
33434,55.703,29.235
33435,55.704783,29.233
33436,55.706333,29.226
33437,55.708,29.225
33438,55.709667,29.225
33439,55.711317,29.23
33440,55.712983,29.232
33441,55.71465,29.232
33442,55.716317,29.23
33443,55.717983,29.229
33444,55.71965,29.222
33445,55.721317,29.222
33446,55.722983,29.223
33447,55.72465,29.229
33448,55.726317,29.234
33449,55.727983,29.234
33450,55.729683,29.235
33451,55.731417,29.238
33452,55.732983,29.243
33453,55.73465,29.243
33454,55.736317,29.244
33455,55.737983,29.249
33456,55.73965,29.249
33457,55.741317,29.242
33458,55.742983,29.231
33459,55.74465,29.224
33460,55.746317,29.224
33461,55.747983,29.213
33462,55.74965,29.21
33463,55.751317,29.21
33464,55.752983,29.21
33465,55.75465,29.216
33466,55.756317,29.227
33467,55.757983,29.234
33468,55.75965,29.234
33469,55.761317,29.239
33470,55.762983,29.239
33471,55.76465,29.232
33472,55.766317,29.232
33473,55.767983,29.226
33474,55.76965,29.225
33475,55.771317,29.225
33476,55.772967,29.222
33477,55.774633,29.226
33478,55.7763,29.225
33479,55.777967,29.225
33480,55.779633,29.223
33481,55.7813,29.222
33482,55.782967,29.219
33483,55.784633,29.219
33484,55.7863,29.22
33485,55.787967,29.223
33486,55.789683,29.225
33487,55.7913,29.225
33488,55.792967,29.231
33489,55.794633,29.237
33490,55.7963,29.237
33491,55.797967,29.233
33492,55.799667,29.235
33493,55.8013,29.231
33494,55.802967,29.231
33495,55.804667,29.223
33496,55.8063,29.224
33497,55.807967,29.219
33498,55.809633,29.219
33499,55.8113,29.222
33500,55.812967,29.223
33501,55.814633,29.22
33502,55.8163,29.22
33503,55.817967,29.224
33504,55.819633,29.22
33505,55.8213,29.227
33506,55.823083,29.227
33507,55.824633,29.228
33508,55.8263,29.223
33509,55.827967,29.223
33510,55.829633,29.217
33511,55.8313,29.213
33512,55.83295,29.219
33513,55.834617,29.219
33514,55.836283,29.224
33515,55.83795,29.232
33516,55.839617,29.23
33517,55.841283,29.23
33518,55.84295,29.222
33519,55.844617,29.225
33520,55.846283,29.229
33521,55.84795,29.229
33522,55.849617,29.23
33523,55.851283,29.237
33524,55.85295,29.237
33525,55.854617,29.236
33526,55.856283,29.238
33527,55.85795,29.245
33528,55.859617,29.245
33529,55.861283,29.245
33530,55.86295,29.24
33531,55.864617,29.237
33532,55.866283,29.237
33533,55.86795,29.235
33534,55.869617,29.231
33535,55.871283,29.235
33536,55.873,29.235
33537,55.874617,29.23
33538,55.876283,29.225
33539,55.87795,29.232
33540,55.879617,29.232
33541,55.881283,29.236
33542,55.88295,29.247
33543,55.884617,29.247
33544,55.886283,29.252
33545,55.887967,29.254
33546,55.889617,29.252
33547,55.891267,29.252
33548,55.89295,29.247
33549,55.8946,29.246
33550,55.896267,29.242
33551,55.897933,29.242
33552,55.8996,29.241
33553,55.901283,29.235
33554,55.902933,29.231
33555,55.9046,29.231
33556,55.906267,29.232
33557,55.907967,29.233
33558,55.9096,29.233
33559,55.911267,29.24
33560,55.912933,29.239
33561,55.9146,29.233
33562,55.916267,29.233
33563,55.917933,29.227
33564,55.9196,29.221
33565,55.921267,29.223
33566,55.922933,29.223
33567,55.9246,29.224
33568,55.926267,29.224
33569,55.927933,29.228
33570,55.9296,29.228
33571,55.931267,29.225
33572,55.932933,29.223
33573,55.9346,29.222
33574,55.936267,29.222
33575,55.937933,29.217
33576,55.9396,29.22
33577,55.941367,29.22
33578,55.942933,29.228
33579,55.9446,29.231
33580,55.946267,29.235
33581,55.947933,29.235
33582,55.949583,29.24
33583,55.95125,29.244
33584,55.95295,29.254
33585,55.954567,29.254
33586,55.956233,29.256
33587,55.9579,29.256
33588,55.959567,29.255
33589,55.961233,29.255
33590,55.9629,29.251
33591,55.964567,29.246
33592,55.966233,29.246
33593,55.9679,29.24
33594,55.969567,29.234
33595,55.971233,29.228
33596,55.9729,29.228
33597,55.974567,29.232
33598,55.976233,29.238
33599,55.977933,29.238
33600,55.979567,29.238
33601,55.981233,29.238
33602,55.9829,29.239
33603,55.984567,29.233
33604,55.986233,29.233
33605,55.9879,29.23
33606,55.989567,29.233
33607,55.991233,29.233
33608,55.9929,29.228
33609,55.994567,29.229
33610,55.996233,29.236
33611,55.9979,29.236
33612,55.999567,29.241
33613,56.001233,29.247
33614,56.0029,29.248
33615,56.004567,29.248
33616,56.006233,29.243
33617,56.0079,29.24
33618,56.00955,29.24
33619,56.011233,29.24
33620,56.012883,29.235
33621,56.01455,29.231
33622,56.016217,29.222
33623,56.017883,29.222
33624,56.019567,29.215
33625,56.021267,29.223
33626,56.022883,29.223
33627,56.02455,29.228
33628,56.026217,29.233
33629,56.027883,29.237
33630,56.02955,29.237
33631,56.031217,29.236
33632,56.032883,29.23
33633,56.03455,29.228
33634,56.036217,29.228
33635,56.037883,29.227
33636,56.03955,29.223
33637,56.041217,29.227
33638,56.042983,29.227
33639,56.04455,29.227
33640,56.046217,29.229
33641,56.047883,29.229
33642,56.04955,29.227
33643,56.051217,29.218
33644,56.052883,29.216
33645,56.05455,29.216
33646,56.056217,29.21
33647,56.057883,29.213
33648,56.05965,29.225
33649,56.061217,29.225
33650,56.062883,29.229
33651,56.06455,29.234
33652,56.066217,29.234
33653,56.067883,29.234
33654,56.06955,29.228
33655,56.0712,29.227
33656,56.072867,29.219
33657,56.074533,29.219
33658,56.076317,29.218
33659,56.077867,29.219
33660,56.079533,29.219
33661,56.0812,29.215
33662,56.082867,29.217
33663,56.084533,29.216
33664,56.0862,29.216
33665,56.087867,29.213
33666,56.089533,29.214
33667,56.0912,29.214
33668,56.092867,29.214
33669,56.094533,29.207
33670,56.096217,29.207
33671,56.097917,29.209
33672,56.099533,29.209
33673,56.1012,29.211
33674,56.102867,29.217
33675,56.104533,29.217
33676,56.1062,29.217
33677,56.107867,29.219
33678,56.109533,29.223
33679,56.1112,29.223
33680,56.112867,29.229
33681,56.114533,29.231
33682,56.1162,29.229
33683,56.117867,29.229
33684,56.119533,29.225
33685,56.1212,29.225
33686,56.122867,29.225
33687,56.124533,29.225
33688,56.1262,29.223
33689,56.127867,29.228
33690,56.129533,29.228
33691,56.1312,29.222
33692,56.13285,29.221
33693,56.134517,29.23
33694,56.136183,29.23
33695,56.13785,29.23
33696,56.139517,29.232
33697,56.141183,29.24
33698,56.14285,29.24
33699,56.144567,29.237
33700,56.146183,29.234
33701,56.14785,29.234
33702,56.149517,29.234
33703,56.151183,29.225
33704,56.15285,29.22
33705,56.154517,29.217
33706,56.156183,29.217
33707,56.15785,29.212
33708,56.159517,29.204
33709,56.16125,29.204
33710,56.16285,29.201
33711,56.164517,29.194
33712,56.166183,29.19
33713,56.167867,29.19
33714,56.169517,29.195
33715,56.171183,29.197
33716,56.17285,29.197
33717,56.174517,29.197
33718,56.176183,29.203
33719,56.177917,29.203
33720,56.179517,29.203
33721,56.181183,29.203
33722,56.18285,29.207
33723,56.184517,29.203
33724,56.186183,29.203
33725,56.18785,29.205
33726,56.189517,29.207
33727,56.191167,29.206
33728,56.192833,29.206
33729,56.194633,29.203
33730,56.196167,29.202
33731,56.197833,29.202
33732,56.1995,29.202
33733,56.201167,29.206
33734,56.202833,29.211
33735,56.2045,29.213
33736,56.206167,29.213
33737,56.207833,29.215
33738,56.2095,29.214
33739,56.211167,29.216
33740,56.212833,29.216
33741,56.2145,29.215
33742,56.216167,29.215
33743,56.217833,29.215
33744,56.2195,29.214
33745,56.221167,29.216
33746,56.222833,29.219
33747,56.2245,29.219
33748,56.226167,29.224
33749,56.227833,29.226
33750,56.2295,29.225
33751,56.231167,29.225
33752,56.232833,29.23
33753,56.23455,29.23
33754,56.236167,29.229
33755,56.237833,29.229
33756,56.239517,29.228
33757,56.24115,29.225
33758,56.242817,29.225
33759,56.244483,29.228
33760,56.24615,29.234
33761,56.247817,29.237
33762,56.249483,29.237
33763,56.25115,29.237
33764,56.2528,29.235
33765,56.254467,29.228
33766,56.256133,29.228
33767,56.2578,29.233
33768,56.259467,29.235
33769,56.261133,29.233
33770,56.262817,29.233
33771,56.264467,29.237
33772,56.266133,29.227
33773,56.2678,29.221
33774,56.269467,29.221
33775,56.271133,29.223
33776,56.2728,29.22
33777,56.274467,29.22
33778,56.276133,29.221
33779,56.2778,29.221
33780,56.2795,29.212
33781,56.281133,29.212
33782,56.2828,29.209
33783,56.284467,29.205
33784,56.286133,29.199
33785,56.2878,29.199
33786,56.289467,29.199
33787,56.291133,29.2
33788,56.2928,29.196
33789,56.294467,29.196
33790,56.2962,29.199
33791,56.2978,29.196
33792,56.299467,29.196
33793,56.301133,29.196
33794,56.3028,29.202
33795,56.304467,29.205
33796,56.306133,29.205
33797,56.3078,29.216
33798,56.309467,29.219
33799,56.311133,29.219
33800,56.312883,29.219
33801,56.31445,29.22
33802,56.316117,29.213
33803,56.317783,29.207
33804,56.319517,29.207
33805,56.321117,29.203
33806,56.322783,29.2
33807,56.32445,29.2
33808,56.326117,29.199
33809,56.327783,29.197
33810,56.32945,29.197
33811,56.331117,29.197
33812,56.332783,29.201
33813,56.33445,29.204
33814,56.336117,29.209
33815,56.337783,29.209
33816,56.33945,29.213
33817,56.341117,29.212
33818,56.342783,29.212
33819,56.34445,29.212
33820,56.346117,29.208
33821,56.347783,29.207
33822,56.34945,29.21
33823,56.351117,29.21
33824,56.352783,29.212
33825,56.35445,29.219
33826,56.356117,29.219
33827,56.357783,29.225
33828,56.35945,29.227
33829,56.361117,29.224
33830,56.362783,29.224
33831,56.36445,29.22
33832,56.366117,29.214
33833,56.367783,29.212
33834,56.36945,29.212
33835,56.371117,29.219
33836,56.372767,29.22
33837,56.374433,29.217
33838,56.3761,29.217
33839,56.377767,29.216
33840,56.379433,29.211
33841,56.381117,29.211
33842,56.382817,29.216
33843,56.38445,29.228
33844,56.3861,29.23
33845,56.387767,29.23
33846,56.389433,29.23
33847,56.3911,29.23
33848,56.392767,29.224
33849,56.394433,29.224
33850,56.3961,29.223
33851,56.397767,29.223
33852,56.399433,29.216
33853,56.4011,29.216
33854,56.402767,29.217
33855,56.404433,29.214
33856,56.4061,29.217
33857,56.407767,29.217
33858,56.409433,29.224
33859,56.4111,29.225
33860,56.412767,29.225
33861,56.414433,29.228
33862,56.4161,29.233
33863,56.417767,29.235
33864,56.419433,29.235
33865,56.4211,29.241
33866,56.422767,29.239
33867,56.424433,29.233
33868,56.4261,29.233
33869,56.427767,29.23
33870,56.429433,29.225
33871,56.431133,29.225
33872,56.43275,29.225
33873,56.434417,29.224
33874,56.436083,29.221
33875,56.43775,29.221
33876,56.439417,29.226
33877,56.441083,29.232
33878,56.44275,29.24
33879,56.444417,29.24
33880,56.446083,29.244
33881,56.44775,29.239
33882,56.449417,29.235
33883,56.451083,29.235
33884,56.45275,29.231
33885,56.454417,29.234
33886,56.456083,29.234
33887,56.457783,29.234
33888,56.459417,29.239
33889,56.461083,29.243
33890,56.46275,29.236
33891,56.464417,29.236
33892,56.466083,29.235
33893,56.46775,29.229
33894,56.469417,29.229
33895,56.471083,29.227
33896,56.47275,29.226
33897,56.474433,29.233
33898,56.476083,29.233
33899,56.47775,29.234
33900,56.479417,29.231
33901,56.481083,29.235
33902,56.48275,29.235
33903,56.484417,29.233
33904,56.486083,29.238
33905,56.48775,29.239
33906,56.489417,29.239
33907,56.491067,29.242
33908,56.492733,29.245
33909,56.4944,29.245
33910,56.496067,29.244
33911,56.497733,29.252
33912,56.499417,29.255
33913,56.501067,29.255
33914,56.502733,29.258
33915,56.5044,29.258
33916,56.506067,29.256
33917,56.507733,29.256
33918,56.5094,29.252
33919,56.511067,29.245
33920,56.512733,29.246
33921,56.5144,29.246
33922,56.516133,29.243
33923,56.517733,29.243
33924,56.5194,29.243
33925,56.521067,29.243
33926,56.522733,29.241
33927,56.5244,29.235
33928,56.526067,29.235
33929,56.527733,29.228
33930,56.5294,29.223
33931,56.531117,29.218
33932,56.532717,29.218
33933,56.534383,29.217
33934,56.53605,29.218
33935,56.537717,29.226
33936,56.539383,29.226
33937,56.54105,29.23
33938,56.542717,29.23
33939,56.544383,29.231
33940,56.54605,29.231
33941,56.547717,29.228
33942,56.5495,29.223
33943,56.55105,29.223
33944,56.5527,29.22
33945,56.554367,29.215
33946,56.556033,29.217
33947,56.5577,29.217
33948,56.559367,29.218
33949,56.561033,29.224
33950,56.5627,29.228
33951,56.564383,29.228
33952,56.566033,29.226
33953,56.5677,29.229
33954,56.569367,29.227
33955,56.571033,29.227
33956,56.5727,29.236
33957,56.574367,29.239
33958,56.576033,29.239
33959,56.5777,29.242
33960,56.579367,29.245
33961,56.581033,29.238
33962,56.5827,29.238
33963,56.584367,29.229
33964,56.586033,29.225
33965,56.5877,29.227
33966,56.589367,29.227
33967,56.591033,29.231
33968,56.5927,29.237
33969,56.594367,29.244
33970,56.596033,29.244
33971,56.5977,29.239
33972,56.599367,29.235
33973,56.601033,29.233
33974,56.6027,29.233
33975,56.604383,29.233
33976,56.606033,29.236
33977,56.6077,29.236
33978,56.609367,29.242
33979,56.611033,29.245
33980,56.612683,29.247
33981,56.61435,29.247
33982,56.616017,29.249
33983,56.617683,29.248
33984,56.61935,29.248
33985,56.621017,29.248
33986,56.622683,29.244
33987,56.62435,29.24
33988,56.626017,29.239
33989,56.627683,29.239
33990,56.62935,29.237
33991,56.631017,29.233
33992,56.632683,29.233
33993,56.634417,29.229
33994,56.636017,29.224
33995,56.637717,29.222
33996,56.63935,29.222
33997,56.641017,29.22
33998,56.642683,29.219
33999,56.64435,29.22
34000,56.646017,29.22
34001,56.647683,29.22
34002,56.64935,29.223
34003,56.651017,29.223
34004,56.652683,29.223
34005,56.65435,29.218
34006,56.656017,29.22
34007,56.657683,29.218
34008,56.65935,29.218
34009,56.661017,29.219
34010,56.662683,29.22
34011,56.66435,29.22
34012,56.666017,29.22
34013,56.667767,29.222
34014,56.66935,29.221
34015,56.671017,29.221
34016,56.672667,29.221
34017,56.674333,29.217
34018,56.676,29.217
34019,56.677667,29.217
34020,56.679333,29.216
34021,56.681,29.216
34022,56.682667,29.216
34023,56.684467,29.216
34024,56.686,29.215
34025,56.687667,29.22
34026,56.689333,29.22
34027,56.691,29.224
34028,56.692667,29.232
34029,56.694333,29.235
34030,56.696,29.235
34031,56.697667,29.234
34032,56.699333,29.23
34033,56.701,29.222
34034,56.702667,29.222
34035,56.704333,29.221
34036,56.706,29.218
34037,56.707683,29.222
34038,56.709333,29.222
34039,56.711,29.228
34040,56.712667,29.231
34041,56.714333,29.233
34042,56.716,29.233
34043,56.717667,29.235
34044,56.719333,29.236
34045,56.721,29.236
34046,56.722667,29.232
34047,56.72435,29.237
34048,56.726,29.236
34049,56.727667,29.236
34050,56.729333,29.228
34051,56.730983,29.234
34052,56.73265,29.237
34053,56.734317,29.237
34054,56.735983,29.24
34055,56.73765,29.248
34056,56.739317,29.248
34057,56.740983,29.248
34058,56.74265,29.246
34059,56.744317,29.246
34060,56.745983,29.246
34061,56.74765,29.238
34062,56.74935,29.242
34063,56.750983,29.24
34064,56.752667,29.24
34065,56.754317,29.241
34066,56.755983,29.245
34067,56.75765,29.243
34068,56.759317,29.243
34069,56.760983,29.244
34070,56.76265,29.244
34071,56.764317,29.24
34072,56.765983,29.24
34073,56.76765,29.233
34074,56.769433,29.226
34075,56.770983,29.226
34076,56.77265,29.22
34077,56.774317,29.219
34078,56.775983,29.224
34079,56.77765,29.224
34080,56.779317,29.234
34081,56.780983,29.238
34082,56.78265,29.237
34083,56.784317,29.237
34084,56.7861,29.237
34085,56.78765,29.231
34086,56.789317,29.223
34087,56.790983,29.223
34088,56.792633,29.217
34089,56.7943,29.21
34090,56.795967,29.202
34091,56.797633,29.202
34092,56.7993,29.207
34093,56.800967,29.218
34094,56.802633,29.218
34095,56.8043,29.226
34096,56.805967,29.229
34097,56.807633,29.227
34098,56.8093,29.227
34099,56.810967,29.222
34100,56.812633,29.217
34101,56.8143,29.214
34102,56.815983,29.214
34103,56.817633,29.215
34104,56.8193,29.215
34105,56.820967,29.214
34106,56.822633,29.214
34107,56.824283,29.224
34108,56.825983,29.226
34109,56.827617,29.226
34110,56.829283,29.23
34111,56.83095,29.234
34112,56.832617,29.23
34113,56.834283,29.23
34114,56.83595,29.225
34115,56.837617,29.221
34116,56.839283,29.215
34117,56.84095,29.215
34118,56.842617,29.213
34119,56.844283,29.215
34120,56.84595,29.223
34121,56.847617,29.223
34122,56.849283,29.233
34123,56.85095,29.241
34124,56.852617,29.246
34125,56.854267,29.246
34126,56.855933,29.247
34127,56.8576,29.241
34128,56.859267,29.241
34129,56.860933,29.24
34130,56.8626,29.243
34131,56.864267,29.242
34132,56.865933,29.242
34133,56.8676,29.241
34134,56.869267,29.237
34135,56.870983,29.236
34136,56.8726,29.236
34137,56.874267,29.239
34138,56.875933,29.247
34139,56.8776,29.249
34140,56.879267,29.249
34141,56.880933,29.246
34142,56.882617,29.237
34143,56.884267,29.237
34144,56.885933,29.231
34145,56.8877,29.227
34146,56.889267,29.221
34147,56.89095,29.221
34148,56.89265,29.221
34149,56.894267,29.218
34150,56.895933,29.215
34151,56.8976,29.215
34152,56.899267,29.215
34153,56.900933,29.221
34154,56.9026,29.226
34155,56.904367,29.226
34156,56.905933,29.234
34157,56.9076,29.238
34158,56.909267,29.238
34159,56.910933,29.234
34160,56.912583,29.237
34161,56.91425,29.244
34162,56.915917,29.244
34163,56.917583,29.248
34164,56.91925,29.251
34165,56.92105,29.251
34166,56.922583,29.251
34167,56.92425,29.252
34168,56.925917,29.258
34169,56.927583,29.261
34170,56.92925,29.261
34171,56.930917,29.266
34172,56.932583,29.265
34173,56.93425,29.266
34174,56.935917,29.266
34175,56.937583,29.265
34176,56.93925,29.258
34177,56.940917,29.258
34178,56.942583,29.254
34179,56.94425,29.252
34180,56.945917,29.255
34181,56.947583,29.255
34182,56.94925,29.255
34183,56.950917,29.254
34184,56.952583,29.25
34185,56.95425,29.25
34186,56.955917,29.242
34187,56.957583,29.236
34188,56.95925,29.225
34189,56.960917,29.225
34190,56.962583,29.223
34191,56.964267,29.22
34192,56.965917,29.22
34193,56.967617,29.228
34194,56.96925,29.241
34195,56.9709,29.242
34196,56.972567,29.242
34197,56.974233,29.247
34198,56.9759,29.244
34199,56.977567,29.236
34200,56.979233,29.236
34201,56.9809,29.228
34202,56.982567,29.221
34203,56.984233,29.219
34204,56.9859,29.219
34205,56.987567,29.217
34206,56.989233,29.221
34207,56.9909,29.223
34208,56.992567,29.223
34209,56.994233,29.222
34210,56.9959,29.228
34211,56.997567,29.228
34212,56.999233,29.231
34213,57.0009,29.233
34214,57.002567,29.23
34215,57.004233,29.23
34216,57.00595,29.231
34217,57.007567,29.233
34218,57.009233,29.237
34219,57.0109,29.237
34220,57.012567,29.25
34221,57.014233,29.25
34222,57.0159,29.246
34223,57.017567,29.246
34224,57.019233,29.24
34225,57.0209,29.229
34226,57.022617,29.23
34227,57.024233,29.23
34228,57.0259,29.237
34229,57.027567,29.241
34230,57.029233,29.241
34231,57.030883,29.249
34232,57.03255,29.249
34233,57.034217,29.245
34234,57.035883,29.245
34235,57.03755,29.244
34236,57.039333,29.239
34237,57.040883,29.233
34238,57.04255,29.233
34239,57.044233,29.235
34240,57.045967,29.233
34241,57.04755,29.232
34242,57.049217,29.232
34243,57.050883,29.238
34244,57.05255,29.239
34245,57.054217,29.239
34246,57.055883,29.242
34247,57.05755,29.249
34248,57.059217,29.246
34249,57.060883,29.246
34250,57.06255,29.24
34251,57.064217,29.236
34252,57.065883,29.235
34253,57.06755,29.235
34254,57.069217,29.241
34255,57.070883,29.244
34256,57.07255,29.249
34257,57.074217,29.249
34258,57.075883,29.25
34259,57.07755,29.247
34260,57.079217,29.247
34261,57.080883,29.249
34262,57.08255,29.248
34263,57.084217,29.244
34264,57.085883,29.244
34265,57.08755,29.238
34266,57.089217,29.234
34267,57.090883,29.227
34268,57.092533,29.227
34269,57.0942,29.23
34270,57.095867,29.235
34271,57.097533,29.237
34272,57.0992,29.237
34273,57.100867,29.242
34274,57.102533,29.242
34275,57.1042,29.236
34276,57.105867,29.236
34277,57.107533,29.229
34278,57.109217,29.224
34279,57.1109,29.224
34280,57.112533,29.226
34281,57.1142,29.231
34282,57.11585,29.238
34283,57.117517,29.238
34284,57.119183,29.245
34285,57.12085,29.242
34286,57.122517,29.242
34287,57.124217,29.242
34288,57.12585,29.242
34289,57.127517,29.238
34290,57.129183,29.238
34291,57.13085,29.238
34292,57.132517,29.237
34293,57.134183,29.239
34294,57.13585,29.239
34295,57.137517,29.244
34296,57.139183,29.243
34297,57.140883,29.237
34298,57.142517,29.237
34299,57.144183,29.235
34300,57.14585,29.229
34301,57.147517,29.231
34302,57.149183,29.231
34303,57.15085,29.231
34304,57.152517,29.234
34305,57.154167,29.241
34306,57.155833,29.241
34307,57.1576,29.241
34308,57.159167,29.242
34309,57.160833,29.242
34310,57.1625,29.236
34311,57.164167,29.239
34312,57.165833,29.237
34313,57.1675,29.237
34314,57.169167,29.241
34315,57.170833,29.24
34316,57.1725,29.237
34317,57.174167,29.237
34318,57.175833,29.233
34319,57.1775,29.225
34320,57.179167,29.232
34321,57.180833,29.232
34322,57.1825,29.227
34323,57.184167,29.227
34324,57.185867,29.227
34325,57.1875,29.227
34326,57.189217,29.224
34327,57.190833,29.232
34328,57.1925,29.232
34329,57.194167,29.233
34330,57.195833,29.235
34331,57.1975,29.233
34332,57.199167,29.233
34333,57.200833,29.232
34334,57.2025,29.229
34335,57.204167,29.233
34336,57.205833,29.233
34337,57.2075,29.237
34338,57.209167,29.231
34339,57.210817,29.239
34340,57.212483,29.239
34341,57.21415,29.242
34342,57.215817,29.241
34343,57.217483,29.241
34344,57.21915,29.241
34345,57.220817,29.235
34346,57.222483,29.234
34347,57.22415,29.234
34348,57.225817,29.238
34349,57.227483,29.249
34350,57.22915,29.256
34351,57.230817,29.256
34352,57.232483,29.258
34353,57.23415,29.253
34354,57.235817,29.241
34355,57.237483,29.241
34356,57.23915,29.243
34357,57.240817,29.245
34358,57.242517,29.247
34359,57.24415,29.247
34360,57.245817,29.257
34361,57.247483,29.255
34362,57.24915,29.255
34363,57.250817,29.252
34364,57.252483,29.249
34365,57.25415,29.247
34366,57.255817,29.247
34367,57.257483,29.242
34368,57.259233,29.241
34369,57.260817,29.243
34370,57.262483,29.243
34371,57.26415,29.244
34372,57.265817,29.248
34373,57.267483,29.251
34374,57.26915,29.251
34375,57.2708,29.249
34376,57.272467,29.239
34377,57.274133,29.239
34378,57.275933,29.241
34379,57.277467,29.24
34380,57.279133,29.241
34381,57.2808,29.241
34382,57.282467,29.246
34383,57.284133,29.24
34384,57.285817,29.235
34385,57.287467,29.235
34386,57.289133,29.231
34387,57.2908,29.225
34388,57.292467,29.225
34389,57.294133,29.225
34390,57.2958,29.225
34391,57.297467,29.228
34392,57.299133,29.235
34393,57.3008,29.235
34394,57.302467,29.24
34395,57.304133,29.239
34396,57.3058,29.239
34397,57.307467,29.232
34398,57.309133,29.227
34399,57.3108,29.222
34400,57.312467,29.222
34401,57.314133,29.221
34402,57.3158,29.228
34403,57.317467,29.234
34404,57.319133,29.234
34405,57.3208,29.234
34406,57.322467,29.237
34407,57.324133,29.237
34408,57.3258,29.237
34409,57.327467,29.23
34410,57.329133,29.227
34411,57.330833,29.227
34412,57.332483,29.224
34413,57.334117,29.221
34414,57.335783,29.223
34415,57.33745,29.223
34416,57.339117,29.227
34417,57.340783,29.228
34418,57.34245,29.227
34419,57.344117,29.227
34420,57.345783,29.234
34421,57.34745,29.237
34422,57.349117,29.249
34423,57.350783,29.249
34424,57.35245,29.256
34425,57.354117,29.255
34426,57.355783,29.255
34427,57.35745,29.257
34428,57.359117,29.251
34429,57.360833,29.253
34430,57.36245,29.253
34431,57.364117,29.248
34432,57.365783,29.239
34433,57.36745,29.234
34434,57.369117,29.234
34435,57.370783,29.225
34436,57.37245,29.222
34437,57.374117,29.224
34438,57.375783,29.224
34439,57.37745,29.225
34440,57.379117,29.229
34441,57.380783,29.229
34442,57.38245,29.229
34443,57.384117,29.225
34444,57.385783,29.22
34445,57.38745,29.22
34446,57.389117,29.214
34447,57.390783,29.216
34448,57.392433,29.221
34449,57.394233,29.221
34450,57.395767,29.216
34451,57.397433,29.213
34452,57.3991,29.208
34453,57.400767,29.208
34454,57.402433,29.2
34455,57.4041,29.202
34456,57.40575,29.207
34457,57.407417,29.207
34458,57.40915,29.208
34459,57.41075,29.211
34460,57.412417,29.211
34461,57.414083,29.212
34462,57.41575,29.206
34463,57.417417,29.207
34464,57.419083,29.207
34465,57.42075,29.21
34466,57.422417,29.215
34467,57.424083,29.22
34468,57.42575,29.22
34469,57.427417,29.223
34470,57.429083,29.221
34471,57.43075,29.22
34472,57.432417,29.22
34473,57.434083,29.225
34474,57.43575,29.225
34475,57.437417,29.228
34476,57.439083,29.228
34477,57.44075,29.228
34478,57.442417,29.23
34479,57.444083,29.23
34480,57.44575,29.232
34481,57.447417,29.234
34482,57.449083,29.235
34483,57.450733,29.235
34484,57.4524,29.235
34485,57.454067,29.236
34486,57.455733,29.231
34487,57.4574,29.231
34488,57.459067,29.23
34489,57.46075,29.226
34490,57.4624,29.219
34491,57.464067,29.219
34492,57.465733,29.218
34493,57.4674,29.218
34494,57.469067,29.218
34495,57.470733,29.221
34496,57.472417,29.22
34497,57.474117,29.223
34498,57.475733,29.223
34499,57.4774,29.226
34500,57.479117,29.218
34501,57.480733,29.224
34502,57.4824,29.224
34503,57.4841,29.225
34504,57.485733,29.223
34505,57.4874,29.228
34506,57.489067,29.228
34507,57.490733,29.232
34508,57.4924,29.229
34509,57.494067,29.226
34510,57.495733,29.226
34511,57.4974,29.225
34512,57.499067,29.221
34513,57.500733,29.221
34514,57.5024,29.226
34515,57.504067,29.225
34516,57.505733,29.223
34517,57.5074,29.223
34518,57.509067,29.223
34519,57.510733,29.221
34520,57.5125,29.223
34521,57.51405,29.223
34522,57.515717,29.224
34523,57.517383,29.215
34524,57.51905,29.214
34525,57.520717,29.214
34526,57.522383,29.205
34527,57.52405,29.198
34528,57.525717,29.198
34529,57.527383,29.193
34530,57.52905,29.185
34531,57.530717,29.184
34532,57.532383,29.184
34533,57.53405,29.188
34534,57.535717,29.188
34535,57.537383,29.193
34536,57.53905,29.193
34537,57.540717,29.206
34538,57.542383,29.209
34539,57.54405,29.212
34540,57.545717,29.212
34541,57.547383,29.211
34542,57.54905,29.206
34543,57.55075,29.206
34544,57.552383,29.206
34545,57.55405,29.209
34546,57.555717,29.214
34547,57.557383,29.214
34548,57.55905,29.214
34549,57.560717,29.214
34550,57.562383,29.212
34551,57.56405,29.212
34552,57.565717,29.202
34553,57.567417,29.203
34554,57.56905,29.2
34555,57.5707,29.2
34556,57.572367,29.196
34557,57.574033,29.2
34558,57.5757,29.197
34559,57.577367,29.197
34560,57.579033,29.192
34561,57.5807,29.196
34562,57.582367,29.196
34563,57.584033,29.192
34564,57.5857,29.187
34565,57.587367,29.187
34566,57.589033,29.187
34567,57.5907,29.181
34568,57.592367,29.186
34569,57.594033,29.194
34570,57.5957,29.194
34571,57.597433,29.202
34572,57.599033,29.211
34573,57.6007,29.218
34574,57.602367,29.218
34575,57.604033,29.22
34576,57.6057,29.219
34577,57.607367,29.219
34578,57.609033,29.22
34579,57.6107,29.218
34580,57.612367,29.218
34581,57.6141,29.218
34582,57.6157,29.226
34583,57.617367,29.229
34584,57.619067,29.232
34585,57.6207,29.232
34586,57.622367,29.232
34587,57.624033,29.225
34588,57.6257,29.223
34589,57.627367,29.223
34590,57.629033,29.215
34591,57.630817,29.213
34592,57.63235,29.21
34593,57.634017,29.21
34594,57.635683,29.206
34595,57.63735,29.205
34596,57.639017,29.205
34597,57.640683,29.204
34598,57.64235,29.203
34599,57.644017,29.202
34600,57.645683,29.202
34601,57.64735,29.206
34602,57.649017,29.212
34603,57.650683,29.218
34604,57.65235,29.218
34605,57.654017,29.228
34606,57.655683,29.233
34607,57.657367,29.234
34608,57.659017,29.234
34609,57.660683,29.232
34610,57.66235,29.226
34611,57.664017,29.226
34612,57.665683,29.214
34613,57.66735,29.207
34614,57.669017,29.2
34615,57.670683,29.2
34616,57.67235,29.192
34617,57.674017,29.192
34618,57.675683,29.193
34619,57.67735,29.193
34620,57.679017,29.199
34621,57.680683,29.205
34622,57.68235,29.207
34623,57.684017,29.207
34624,57.685683,29.206
34625,57.68735,29.203
34626,57.689033,29.203
34627,57.690717,29.203
34628,57.692333,29.209
34629,57.694,29.21
34630,57.695667,29.21
34631,57.697317,29.207
34632,57.698983,29.204
34633,57.70065,29.195
34634,57.702317,29.195
34635,57.703983,29.193
34636,57.70565,29.196
34637,57.707317,29.197
34638,57.708983,29.197
34639,57.71065,29.198
34640,57.712317,29.194
34641,57.713983,29.19
34642,57.715667,29.19
34643,57.717317,29.193
34644,57.718983,29.197
34645,57.72065,29.197
34646,57.722317,29.203
34647,57.723983,29.21
34648,57.72565,29.206
34649,57.727317,29.206
34650,57.728983,29.2
34651,57.73065,29.199
34652,57.732317,29.192
34653,57.734017,29.192
34654,57.73565,29.191
34655,57.737317,29.19
34656,57.738983,29.185
34657,57.74065,29.185
34658,57.742317,29.18
34659,57.743983,29.181
34660,57.74565,29.181
34661,57.747317,29.181
34662,57.7491,29.182
34663,57.75065,29.184
34664,57.7523,29.184
34665,57.753967,29.188
34666,57.755633,29.19
34667,57.7573,29.19
34668,57.758967,29.19
34669,57.760633,29.192
34670,57.7623,29.192
34671,57.763967,29.192
34672,57.765633,29.192
34673,57.7673,29.191
34674,57.769,29.185
34675,57.770633,29.188
34676,57.7723,29.188
34677,57.773967,29.189
34678,57.775633,29.197
34679,57.7773,29.197
34680,57.778967,29.206
34681,57.780633,29.199
34682,57.7823,29.195
34683,57.783967,29.195
34684,57.785633,29.189
34685,57.7873,29.188
34686,57.788967,29.192
34687,57.790633,29.192
34688,57.7923,29.202
34689,57.793967,29.211
34690,57.795633,29.206
34691,57.7973,29.206
34692,57.798967,29.203
34693,57.800633,29.202
34694,57.8023,29.202
34695,57.803967,29.199
34696,57.805633,29.199
34697,57.8073,29.196
34698,57.808967,29.196
34699,57.810617,29.188
34700,57.812283,29.181
34701,57.81395,29.182
34702,57.815617,29.182
34703,57.8173,29.186
34704,57.818983,29.187
34705,57.820617,29.185
34706,57.822283,29.185
34707,57.82395,29.187
34708,57.825617,29.185
34709,57.827283,29.185
34710,57.82895,29.185
34711,57.830617,29.184
34712,57.8323,29.181
34713,57.83395,29.181
34714,57.835617,29.181
34715,57.837283,29.183
34716,57.83895,29.188
34717,57.840617,29.188
34718,57.842283,29.19
34719,57.84395,29.188
34720,57.845617,29.188
34721,57.847283,29.188
34722,57.84895,29.185
34723,57.850683,29.182
34724,57.852283,29.182
34725,57.85395,29.182
34726,57.855617,29.184
34727,57.857283,29.191
34728,57.85895,29.191
34729,57.860617,29.194
34730,57.862283,29.201
34731,57.86395,29.2
34732,57.865617,29.2
34733,57.86735,29.202
34734,57.86895,29.208
34735,57.870617,29.207
34736,57.872267,29.207
34737,57.873933,29.204
34738,57.8756,29.196
34739,57.877267,29.192
34740,57.878933,29.192
34741,57.8806,29.193
34742,57.882267,29.198
34743,57.884067,29.197
34744,57.8856,29.197
34745,57.887267,29.199
34746,57.888933,29.195
34747,57.8906,29.195
34748,57.892267,29.191
34749,57.893933,29.191
34750,57.8956,29.182
34751,57.897267,29.182
34752,57.898933,29.178
34753,57.9006,29.179
34754,57.902267,29.184
34755,57.903933,29.184
34756,57.9056,29.188
34757,57.907283,29.189
34758,57.908933,29.19
34759,57.91065,29.19
34760,57.912267,29.185
34761,57.913933,29.193
34762,57.9156,29.193
34763,57.917283,29.202
34764,57.918933,29.208
34765,57.9206,29.216
34766,57.922267,29.216
34767,57.923933,29.212
34768,57.9256,29.211
34769,57.927267,29.209
34770,57.928933,29.209
34771,57.9306,29.206
34772,57.93225,29.204
34773,57.933917,29.203
34774,57.935583,29.203
34775,57.93725,29.205
34776,57.938917,29.204
34777,57.940583,29.204
34778,57.94225,29.204
34779,57.943917,29.2
34780,57.945583,29.198
34781,57.94725,29.198
34782,57.948917,29.197
34783,57.950583,29.198
34784,57.95225,29.202
34785,57.953917,29.202
34786,57.955583,29.202
34787,57.95725,29.205
34788,57.958917,29.203
34789,57.960583,29.203
34790,57.96225,29.198
34791,57.963917,29.193
34792,57.965583,29.188
34793,57.96725,29.188
34794,57.96895,29.185
34795,57.970583,29.188
34796,57.97225,29.188
34797,57.973917,29.193
34798,57.975617,29.196
34799,57.977317,29.2
34800,57.978917,29.2
34801,57.980583,29.198
34802,57.98225,29.193
34803,57.983917,29.189
34804,57.985617,29.189
34805,57.98725,29.192
34806,57.9889,29.196
34807,57.99055,29.2
34808,57.992217,29.2
34809,57.993883,29.199
34810,57.99555,29.196
34811,57.997217,29.196
34812,57.998883,29.195
34813,58.00055,29.189
34814,58.002333,29.189
34815,58.003883,29.189
34816,58.00555,29.189
34817,58.007217,29.19
34818,58.008883,29.191
34819,58.01055,29.191
34820,58.012217,29.192
34821,58.013883,29.19
34822,58.01555,29.189
34823,58.017217,29.189
34824,58.018883,29.194
34825,58.02055,29.196
34826,58.022217,29.197
34827,58.023883,29.197
34828,58.02555,29.191
34829,58.027217,29.184
34830,58.028883,29.184
34831,58.03055,29.186
34832,58.032217,29.182
34833,58.033883,29.182
34834,58.03555,29.182
34835,58.037217,29.183
34836,58.038883,29.179
34837,58.04055,29.182
34838,58.042217,29.182
34839,58.043883,29.186
34840,58.04555,29.188
34841,58.04725,29.188
34842,58.048883,29.188
34843,58.050533,29.191
34844,58.05225,29.189
34845,58.053867,29.189
34846,58.055533,29.186
34847,58.0572,29.192
34848,58.058867,29.195
34849,58.060533,29.195
34850,58.0622,29.202
34851,58.063867,29.21
34852,58.065533,29.212
34853,58.0672,29.212
34854,58.068867,29.211
34855,58.070533,29.206
34856,58.0722,29.207
34857,58.073867,29.207
34858,58.075533,29.206
34859,58.0772,29.204
34860,58.078867,29.216
34861,58.080533,29.216
34862,58.0822,29.214
34863,58.083867,29.209
34864,58.085533,29.209
34865,58.08725,29.209
34866,58.088867,29.201
34867,58.090533,29.203
34868,58.092217,29.203
34869,58.093867,29.212
34870,58.095533,29.212
34871,58.0972,29.208
34872,58.098867,29.208
34873,58.100533,29.207
34874,58.1022,29.206
34875,58.103883,29.205
34876,58.105533,29.205
34877,58.1072,29.208
34878,58.108867,29.206
34879,58.110533,29.206
34880,58.112183,29.204
34881,58.11385,29.206
34882,58.115517,29.21
34883,58.117183,29.21
34884,58.11885,29.217
34885,58.1206,29.216
34886,58.122183,29.216
34887,58.12385,29.216
34888,58.125533,29.215
34889,58.127183,29.208
34890,58.12885,29.208
34891,58.130517,29.208
34892,58.132183,29.21
34893,58.13385,29.209
34894,58.135517,29.209
34895,58.137183,29.21
34896,58.13885,29.215
34897,58.140517,29.213
34898,58.142217,29.213
34899,58.14385,29.214
34900,58.145517,29.212
34901,58.147183,29.205
34902,58.14885,29.205
34903,58.150517,29.204
34904,58.152183,29.202
34905,58.15385,29.206
34906,58.155517,29.206
34907,58.157183,29.212
34908,58.15885,29.211
34909,58.160517,29.212
34910,58.162183,29.212
34911,58.16385,29.214
34912,58.165517,29.21
34913,58.167183,29.21
34914,58.16885,29.21
34915,58.170517,29.203
34916,58.172167,29.194
34917,58.173833,29.194
34918,58.1755,29.189
34919,58.177167,29.184
34920,58.178833,29.188
34921,58.1805,29.188
34922,58.182167,29.2
34923,58.183833,29.207
34924,58.1855,29.221
34925,58.187167,29.221
34926,58.188833,29.224
34927,58.1905,29.217
34928,58.192217,29.211
34929,58.193833,29.211
34930,58.1955,29.203
34931,58.197167,29.203
34932,58.198833,29.203
34933,58.2005,29.206
34934,58.202167,29.212
34935,58.203833,29.213
34936,58.205567,29.213
34937,58.207167,29.216
34938,58.208833,29.209
34939,58.2105,29.207
34940,58.212167,29.207
34941,58.213833,29.208
34942,58.2155,29.206
34943,58.217167,29.209
34944,58.218833,29.209
34945,58.2205,29.208
34946,58.222183,29.207
34947,58.223833,29.207
34948,58.2255,29.207
34949,58.227167,29.207
34950,58.228833,29.204
34951,58.230483,29.204
34952,58.23215,29.203
34953,58.233817,29.2
34954,58.235483,29.2
34955,58.23715,29.2
34956,58.238867,29.201
34957,58.240483,29.2
34958,58.24215,29.198
34959,58.243817,29.198
34960,58.245483,29.199
34961,58.24715,29.199
34962,58.248817,29.199
34963,58.250483,29.198
34964,58.25215,29.2
34965,58.253817,29.202
34966,58.255483,29.202
34967,58.25715,29.202
34968,58.258817,29.196
34969,58.260483,29.193
34970,58.26215,29.193
34971,58.263817,29.191
34972,58.265483,29.202
34973,58.26715,29.211
34974,58.268817,29.211
34975,58.270533,29.218
34976,58.27215,29.218
34977,58.273817,29.215
34978,58.275483,29.215
34979,58.27715,29.217
34980,58.278817,29.215
34981,58.280467,29.215
34982,58.282133,29.217
34983,58.2838,29.214
34984,58.285467,29.205
34985,58.287133,29.205
34986,58.2888,29.205
34987,58.290467,29.204
34988,58.292117,29.204
34989,58.293783,29.204
34990,58.29545,29.213
34991,58.297117,29.212
34992,58.298783,29.207
34993,58.30045,29.207
34994,58.302117,29.207
34995,58.303783,29.204
34996,58.30545,29.204
34997,58.307117,29.204
34998,58.308783,29.21
34999,58.31045,29.203
35000,58.312133,29.203
35001,58.313783,29.205
35002,58.31545,29.201
35003,58.317117,29.197
35004,58.318783,29.197
35005,58.32045,29.202
35006,58.322117,29.199
35007,58.323833,29.202
35008,58.32545,29.202
35009,58.327117,29.207
35010,58.328783,29.212
35011,58.33045,29.212
35012,58.332117,29.214
35013,58.333783,29.216
35014,58.33545,29.214
35015,58.337117,29.214
35016,58.338783,29.211
35017,58.34045,29.212
35018,58.342133,29.206
35019,58.343783,29.206
35020,58.34545,29.2
35021,58.347117,29.192
35022,58.348783,29.185
35023,58.35045,29.185
35024,58.3521,29.185
35025,58.353767,29.185
35026,58.355433,29.189
35027,58.357167,29.189
35028,58.358767,29.191
35029,58.360433,29.194
35030,58.3621,29.194
35031,58.363767,29.2
35032,58.365433,29.204
35033,58.3671,29.209
35034,58.368767,29.209
35035,58.370433,29.208
35036,58.3721,29.211
35037,58.373767,29.206
35038,58.375433,29.206
35039,58.3771,29.205
35040,58.378767,29.208
35041,58.380433,29.203
35042,58.3821,29.203
35043,58.383767,29.199
35044,58.385433,29.2
35045,58.3871,29.2
35046,58.388767,29.202
35047,58.390433,29.199
35048,58.3921,29.201
35049,58.393767,29.201
35050,58.395433,29.201
35051,58.3971,29.195
35052,58.398783,29.195
35053,58.400433,29.195
35054,58.4021,29.199
35055,58.403767,29.199
35056,58.405433,29.203
35057,58.4071,29.203
35058,58.408767,29.203
35059,58.410433,29.197
35060,58.4121,29.189
35061,58.41375,29.189
35062,58.41545,29.182
35063,58.417083,29.183
35064,58.41875,29.183
35065,58.420417,29.185
35066,58.422083,29.186
35067,58.42375,29.184
35068,58.425417,29.184
35069,58.427083,29.185
35070,58.42875,29.183
35071,58.430417,29.187
35072,58.432083,29.187
35073,58.43375,29.195
35074,58.435417,29.194
35075,58.437083,29.197
35076,58.43875,29.197
35077,58.440417,29.195
35078,58.44215,29.19
35079,58.44375,29.19
35080,58.445417,29.191
35081,58.447083,29.193
35082,58.44875,29.196
35083,58.450417,29.196
35084,58.452083,29.203
35085,58.45375,29.208
35086,58.455417,29.21
35087,58.457083,29.21
35088,58.45875,29.212
35089,58.460417,29.21
35090,58.462083,29.204
35091,58.46375,29.204
35092,58.465417,29.199
35093,58.467083,29.196
35094,58.46875,29.196
35095,58.470417,29.196
35096,58.472067,29.195
35097,58.473733,29.2
35098,58.475483,29.2
35099,58.477067,29.201
35100,58.478733,29.2
35101,58.4804,29.205
35102,58.482067,29.205
35103,58.483733,29.204
35104,58.4854,29.201
35105,58.487067,29.195
35106,58.488733,29.195
35107,58.490417,29.188
35108,58.492183,29.182
35109,58.493733,29.179
35110,58.495417,29.179
35111,58.497067,29.183
35112,58.498733,29.186
35113,58.5004,29.186
35114,58.502067,29.187
35115,58.503733,29.188
35116,58.5054,29.185
35117,58.507067,29.185
35118,58.508733,29.191
35119,58.5104,29.194
35120,58.512067,29.19
35121,58.513733,29.19
35122,58.5154,29.191
35123,58.517067,29.187
35124,58.518733,29.184
35125,58.5204,29.184
35126,58.522067,29.192
35127,58.523733,29.195
35128,58.5254,29.195
35129,58.527067,29.197
35130,58.528733,29.203
35131,58.5304,29.204
35132,58.53205,29.204
35133,58.533717,29.202
35134,58.535383,29.202
35135,58.53705,29.196
35136,58.538717,29.196
35137,58.540383,29.189
35138,58.54205,29.185
35139,58.543717,29.175
35140,58.545383,29.175
35141,58.54705,29.174
35142,58.548717,29.176
35143,58.550383,29.177
35144,58.55205,29.177
35145,58.553717,29.183
35146,58.555383,29.192
35147,58.55705,29.192
35148,58.55875,29.196
35149,58.560467,29.199
35150,58.56205,29.205
35151,58.563717,29.205
35152,58.565383,29.203
35153,58.56705,29.208
35154,58.568733,29.217
35155,58.570383,29.217
35156,58.572033,29.222
35157,58.5737,29.224
35158,58.575367,29.222
35159,58.577117,29.222
35160,58.5787,29.216
35161,58.580367,29.209
35162,58.582033,29.209
35163,58.5837,29.201
35164,58.585367,29.198
35165,58.587033,29.194
35166,58.5887,29.194
35167,58.59035,29.188
35168,58.592017,29.193
35169,58.593783,29.193
35170,58.59535,29.193
35171,58.597017,29.193
35172,58.598683,29.195
35173,58.60035,29.193
35174,58.602017,29.193
35175,58.603683,29.188
35176,58.60535,29.195
35177,58.607017,29.202
35178,58.608683,29.202
35179,58.61035,29.206
35180,58.612017,29.206
35181,58.613683,29.206
35182,58.61535,29.206
35183,58.617017,29.206
35184,58.618683,29.211
35185,58.62035,29.211
35186,58.622017,29.216
35187,58.623683,29.215
35188,58.62535,29.214
35189,58.627017,29.214
35190,58.628683,29.207
35191,58.63035,29.211
35192,58.632017,29.214
35193,58.633683,29.214
35194,58.635383,29.216
35195,58.637017,29.218
35196,58.638683,29.218
35197,58.64035,29.215
35198,58.642017,29.215
35199,58.643683,29.209
35200,58.64535,29.209
35201,58.647017,29.209
35202,58.648683,29.21
35203,58.650333,29.209
35204,58.652,29.209
35205,58.653667,29.213
35206,58.655383,29.211
35207,58.657,29.205
35208,58.658667,29.205
35209,58.660333,29.203
35210,58.662,29.196
35211,58.663667,29.194
35212,58.665333,29.194
35213,58.667,29.196
35214,58.668667,29.199
35215,58.67035,29.199
35216,58.672,29.205
35217,58.673667,29.201
35218,58.675333,29.206
35219,58.677,29.206
35220,58.678683,29.206
35221,58.680333,29.204
35222,58.682,29.211
35223,58.683667,29.211
35224,58.685333,29.21
35225,58.687,29.207
35226,58.688667,29.204
35227,58.690333,29.204
35228,58.692,29.202
35229,58.693667,29.195
35230,58.6954,29.19
35231,58.697,29.19
35232,58.698667,29.191
35233,58.700333,29.191
35234,58.702,29.191
35235,58.703667,29.19
35236,58.705333,29.194
35237,58.707,29.196
35238,58.708683,29.196
35239,58.710333,29.192
35240,58.712067,29.199
35241,58.71365,29.198
35242,58.715317,29.198
35243,58.716983,29.199
35244,58.71865,29.201
35245,58.720317,29.201
35246,58.721983,29.202
35247,58.72365,29.212
35248,58.725317,29.214
35249,58.726983,29.214
35250,58.72865,29.215
35251,58.730317,29.209
35252,58.731983,29.203
35253,58.73365,29.203
35254,58.735317,29.204
35255,58.736983,29.211
35256,58.73865,29.216
35257,58.740317,29.216
35258,58.741983,29.216
35259,58.74365,29.213
35260,58.745317,29.214
35261,58.747017,29.214
35262,58.74865,29.215
35263,58.750317,29.214
35264,58.751983,29.214
35265,58.75365,29.216
35266,58.755317,29.209
35267,58.756983,29.209
35268,58.75865,29.209
35269,58.760317,29.205
35270,58.761983,29.197
35271,58.76365,29.202
35272,58.765317,29.202
35273,58.766983,29.204
35274,58.76865,29.208
35275,58.770317,29.214
35276,58.771967,29.214
35277,58.773633,29.213
35278,58.7753,29.209
35279,58.776967,29.209
35280,58.778633,29.209
35281,58.7803,29.212
35282,58.781983,29.213
35283,58.783683,29.213
35284,58.7853,29.219
35285,58.786967,29.219
35286,58.788633,29.219
35287,58.7903,29.219
35288,58.791967,29.219
35289,58.793633,29.21
35290,58.7953,29.209
35291,58.797017,29.209
35292,58.798633,29.204
35293,58.8003,29.202
35294,58.801967,29.209
35295,58.803633,29.209
35296,58.8053,29.206
35297,58.806967,29.21
35298,58.808633,29.21
35299,58.8103,29.215
35300,58.811967,29.21
35301,58.813667,29.207
35302,58.8153,29.207
35303,58.816967,29.201
35304,58.818633,29.194
35305,58.8203,29.196
35306,58.821967,29.196
35307,58.823633,29.195
35308,58.8253,29.195
35309,58.826967,29.191
35310,58.828633,29.191
35311,58.83035,29.19
35312,58.831967,29.189
35313,58.833617,29.189
35314,58.835283,29.192
35315,58.83695,29.193
35316,58.838617,29.193
35317,58.840283,29.193
35318,58.84195,29.201
35319,58.843617,29.205
35320,58.845283,29.211
35321,58.847067,29.211
35322,58.848617,29.217
35323,58.850283,29.217
35324,58.85195,29.218
35325,58.853617,29.218
35326,58.855283,29.21
35327,58.85695,29.2
35328,58.858617,29.192
35329,58.8603,29.192
35330,58.86195,29.184
35331,58.8636,29.184
35332,58.865267,29.184
35333,58.866933,29.186
35334,58.8686,29.192
35335,58.870267,29.199
35336,58.871933,29.199
35337,58.8736,29.208
35338,58.875267,29.209
35339,58.876933,29.205
35340,58.8786,29.205
35341,58.880267,29.204
35342,58.881933,29.207
35343,58.8836,29.212
35344,58.885267,29.212
35345,58.886933,29.216
35346,58.8886,29.215
35347,58.89025,29.215
35348,58.891917,29.209
35349,58.893583,29.203
35350,58.89525,29.201
35351,58.896917,29.201
35352,58.898583,29.199
35353,58.90025,29.193
35354,58.901917,29.195
35355,58.903583,29.195
35356,58.90525,29.192
35357,58.906917,29.186
35358,58.908583,29.19
35359,58.91025,29.19
35360,58.911967,29.184
35361,58.913583,29.187
35362,58.91525,29.187
35363,58.916917,29.187
35364,58.918583,29.182
35365,58.92025,29.182
35366,58.921917,29.182
35367,58.923583,29.185
35368,58.92525,29.187
35369,58.926917,29.188
35370,58.928583,29.188
35371,58.93025,29.195
35372,58.931917,29.194
35373,58.933583,29.194
35374,58.93525,29.194
35375,58.936917,29.2
35376,58.938583,29.2
35377,58.94025,29.202
35378,58.941917,29.202
35379,58.943583,29.204
35380,58.94525,29.203
35381,58.946917,29.203
35382,58.948583,29.203
35383,58.95025,29.203
35384,58.951917,29.205
35385,58.953567,29.205
35386,58.955233,29.208
35387,58.9569,29.206
35388,58.958567,29.21
35389,58.960233,29.21
35390,58.9619,29.21
35391,58.963567,29.204
35392,58.965233,29.2
35393,58.9669,29.2
35394,58.968567,29.196
35395,58.970233,29.19
35396,58.9719,29.19
35397,58.973567,29.188
35398,58.975233,29.189
35399,58.9769,29.188
35400,58.978567,29.188
35401,58.980233,29.194
35402,58.9819,29.204
35403,58.983567,29.205
35404,58.985233,29.205
35405,58.9869,29.202
35406,58.988567,29.197
35407,58.990233,29.188
35408,58.9919,29.188
35409,58.993567,29.18
35410,58.995233,29.18
35411,58.9969,29.177
35412,58.998567,29.177
35413,59.00025,29.175
35414,59.0019,29.172
35415,59.003567,29.172
35416,59.005233,29.163
35417,59.006917,29.16
35418,59.008567,29.159
35419,59.010217,29.159
35420,59.011883,29.166
35421,59.01355,29.17
35422,59.015217,29.173
35423,59.016883,29.173
35424,59.01855,29.172
35425,59.020217,29.173
35426,59.021883,29.18
35427,59.02355,29.18
35428,59.025217,29.183
35429,59.026883,29.187
35430,59.02855,29.187
35431,59.030217,29.185
35432,59.031883,29.176
35433,59.03355,29.178
35434,59.035217,29.178
35435,59.036883,29.18
35436,59.03855,29.182
35437,59.040217,29.186
35438,59.041883,29.186
35439,59.04355,29.187
35440,59.045217,29.183
35441,59.046883,29.179
35442,59.04855,29.179
35443,59.050267,29.177
35444,59.051883,29.179
35445,59.05355,29.181
35446,59.055217,29.181
35447,59.056883,29.19
35448,59.05855,29.197
35449,59.060217,29.197
35450,59.061883,29.202
35451,59.06355,29.203
35452,59.065217,29.2
35453,59.066883,29.2
35454,59.06855,29.199
35455,59.070217,29.189
35456,59.071867,29.188
35457,59.07355,29.188
35458,59.0752,29.185
35459,59.076867,29.182
35460,59.078533,29.181
35461,59.0802,29.181
35462,59.081867,29.177
35463,59.083617,29.179
35464,59.0852,29.179
35465,59.086867,29.177
35466,59.088533,29.179
35467,59.0902,29.184
35468,59.091867,29.184
35469,59.093533,29.183
35470,59.0952,29.184
35471,59.096867,29.184
35472,59.098533,29.184
35473,59.1002,29.184
35474,59.101867,29.19
35475,59.103533,29.189
35476,59.1052,29.189
35477,59.106867,29.198
35478,59.108533,29.203
35479,59.1102,29.204
35480,59.111867,29.204
35481,59.113533,29.209
35482,59.1152,29.205
35483,59.116867,29.205
35484,59.118533,29.201
35485,59.1202,29.195
35486,59.121867,29.186
35487,59.123533,29.186
35488,59.1252,29.185
35489,59.126867,29.188
35490,59.128533,29.191
35491,59.1302,29.191
35492,59.13185,29.194
35493,59.133517,29.195
35494,59.135183,29.19
35495,59.13685,29.19
35496,59.138517,29.186
35497,59.140183,29.185
35498,59.14185,29.185
35499,59.143517,29.179
35500,59.145183,29.183
35501,59.14685,29.185
35502,59.148517,29.185
35503,59.150233,29.185
35504,59.15185,29.191
35505,59.1535,29.189
35506,59.155167,29.189
35507,59.156867,29.186
35508,59.1585,29.188
35509,59.160167,29.183
35510,59.161833,29.183
35511,59.1635,29.179
35512,59.165167,29.179
35513,59.166833,29.179
35514,59.168567,29.186
35515,59.170167,29.188
35516,59.171833,29.194
35517,59.1735,29.194
35518,59.175167,29.193
35519,59.176833,29.181
35520,59.1785,29.174
35521,59.180167,29.174
35522,59.181833,29.168
35523,59.1835,29.172
35524,59.185167,29.179
35525,59.186833,29.179
35526,59.1885,29.184
35527,59.190167,29.185
35528,59.191817,29.185
35529,59.193483,29.185
35530,59.19515,29.186
35531,59.196817,29.187
35532,59.198483,29.187
35533,59.20015,29.189
35534,59.201917,29.184
35535,59.203483,29.184
35536,59.20515,29.184
35537,59.206817,29.188
35538,59.208483,29.187
35539,59.21015,29.185
35540,59.211817,29.185
35541,59.213483,29.179
35542,59.21515,29.177
35543,59.216817,29.18
35544,59.218483,29.18
35545,59.22015,29.181
35546,59.221817,29.177
35547,59.223483,29.177
35548,59.22515,29.166
35549,59.22685,29.153
35550,59.228483,29.147
35551,59.23015,29.147
35552,59.231817,29.142
35553,59.233483,29.144
35554,59.23515,29.151
35555,59.236817,29.151
35556,59.238483,29.157
35557,59.24015,29.166
35558,59.241817,29.17
35559,59.243483,29.17
35560,59.245183,29.171
35561,59.246817,29.175
35562,59.248483,29.173
35563,59.25015,29.173
35564,59.2518,29.174
35565,59.253467,29.175
35566,59.255133,29.175
35567,59.2568,29.171
35568,59.258467,29.173
35569,59.260133,29.173
35570,59.2618,29.173
35571,59.263467,29.174
35572,59.265133,29.182
35573,59.2668,29.182
35574,59.268467,29.182
35575,59.270133,29.182
35576,59.2718,29.183
35577,59.273467,29.173
35578,59.275133,29.173
35579,59.2768,29.172
35580,59.278467,29.178
35581,59.280133,29.178
35582,59.2818,29.177
35583,59.283467,29.183
35584,59.285133,29.18
35585,59.28685,29.18
35586,59.288467,29.169
35587,59.290133,29.164
35588,59.2918,29.157
35589,59.293467,29.157
35590,59.295133,29.16
35591,59.2968,29.16
35592,59.298467,29.157
35593,59.30015,29.157
35594,59.301817,29.16
35595,59.303467,29.16
35596,59.305133,29.16
35597,59.3068,29.165
35598,59.308467,29.176
35599,59.310117,29.17
35600,59.311783,29.17
35601,59.31345,29.167
35602,59.315117,29.161
35603,59.316783,29.149
35604,59.31845,29.149
35605,59.32025,29.149
35606,59.321783,29.144
35607,59.32345,29.146
35608,59.325117,29.146
35609,59.326783,29.154
35610,59.32845,29.156
35611,59.330117,29.159
35612,59.331783,29.159
35613,59.33345,29.165
35614,59.335117,29.165
35615,59.336817,29.165
35616,59.33845,29.173
35617,59.340117,29.177
35618,59.341783,29.174
35619,59.34345,29.174
35620,59.345117,29.173
35621,59.346783,29.174
35622,59.34845,29.17
35623,59.350117,29.17
35624,59.351783,29.168
35625,59.35345,29.169
35626,59.355117,29.17
35627,59.356783,29.17
35628,59.35845,29.168
35629,59.360117,29.163
35630,59.361783,29.163
35631,59.36345,29.164
35632,59.365117,29.158
35633,59.366783,29.159
35634,59.36845,29.159
35635,59.370117,29.162
35636,59.371783,29.159
35637,59.373483,29.159
35638,59.3751,29.159
35639,59.376767,29.162
35640,59.378433,29.165
35641,59.3801,29.164
35642,59.381767,29.164
35643,59.383433,29.165
35644,59.3851,29.162
35645,59.386767,29.165
35646,59.388433,29.165
35647,59.3901,29.17
35648,59.391767,29.18
35649,59.393433,29.18
35650,59.3951,29.185
35651,59.396767,29.184
35652,59.398433,29.181
35653,59.4001,29.181
35654,59.401767,29.171
35655,59.403433,29.166
35656,59.40515,29.16
35657,59.406767,29.16
35658,59.408433,29.159
35659,59.4101,29.162
35660,59.411767,29.169
35661,59.413483,29.169
35662,59.4151,29.179
35663,59.416767,29.179
35664,59.418433,29.179
35665,59.4201,29.174
35666,59.421833,29.173
35667,59.423433,29.163
35668,59.4251,29.163
35669,59.426767,29.161
35670,59.428433,29.167
35671,59.4301,29.17
35672,59.431767,29.17
35673,59.433417,29.173
35674,59.435083,29.176
35675,59.43675,29.174
35676,59.438517,29.174
35677,59.440083,29.168
35678,59.44175,29.169
35679,59.443417,29.165
35680,59.445067,29.165
35681,59.446733,29.166
35682,59.448433,29.166
35683,59.450067,29.166
35684,59.451733,29.169
35685,59.4534,29.171
35686,59.455067,29.172
35687,59.456733,29.172
35688,59.4584,29.171
35689,59.460067,29.172
35690,59.461733,29.179
35691,59.4634,29.179
35692,59.465067,29.185
35693,59.466733,29.19
35694,59.4684,29.188
35695,59.470067,29.188
35696,59.471733,29.184
35697,59.4734,29.179
35698,59.475067,29.179
35699,59.47675,29.183
35700,59.4784,29.185
35701,59.480067,29.183
35702,59.481733,29.183
35703,59.4834,29.182
35704,59.485067,29.175
35705,59.486733,29.18
35706,59.4884,29.18
35707,59.490067,29.184
35708,59.491717,29.18
35709,59.493383,29.178
35710,59.495083,29.178
35711,59.496767,29.169
35712,59.498383,29.163
35713,59.50005,29.163
35714,59.501717,29.165
35715,59.503383,29.162
35716,59.50505,29.162
35717,59.506717,29.162
35718,59.508383,29.158
35719,59.51005,29.16
35720,59.511717,29.165
35721,59.513417,29.165
35722,59.51505,29.167
35723,59.516717,29.171
35724,59.518383,29.167
35725,59.52005,29.167
35726,59.521717,29.168
35727,59.523383,29.168
35728,59.52505,29.169
35729,59.526717,29.169
35730,59.528383,29.17
35731,59.53005,29.167
35732,59.531717,29.167
35733,59.533383,29.168
35734,59.53505,29.172
35735,59.536717,29.174
35736,59.538383,29.174
35737,59.5401,29.176
35738,59.541717,29.18
35739,59.543383,29.173
35740,59.54505,29.173
35741,59.546717,29.176
35742,59.548383,29.174
35743,59.55005,29.167
35744,59.5517,29.167
35745,59.553367,29.17
35746,59.555033,29.165
35747,59.5568,29.166
35748,59.558367,29.166
35749,59.560033,29.166
35750,59.5617,29.166
35751,59.563367,29.166
35752,59.565033,29.171
35753,59.5667,29.174
35754,59.568367,29.176
35755,59.570033,29.176
35756,59.5717,29.174
35757,59.573483,29.173
35758,59.575033,29.174
35759,59.5767,29.174
35760,59.578367,29.178
35761,59.580033,29.179
35762,59.5817,29.179
35763,59.583367,29.179
35764,59.585033,29.173
35765,59.586717,29.171
35766,59.588367,29.171
35767,59.590033,29.172
35768,59.5917,29.173
35769,59.593383,29.178
35770,59.595033,29.178
35771,59.5967,29.183
35772,59.598367,29.188
35773,59.600033,29.191
35774,59.6017,29.191
35775,59.603367,29.191
35776,59.605033,29.193
35777,59.6067,29.187
35778,59.608367,29.187
35779,59.610033,29.185
35780,59.611683,29.183
35781,59.61335,29.183
35782,59.615017,29.174
35783,59.616683,29.174
35784,59.61835,29.167
35785,59.620017,29.167
35786,59.621683,29.158
35787,59.62335,29.15
35788,59.625017,29.143
35789,59.626683,29.143
35790,59.62835,29.143
35791,59.630017,29.145
35792,59.631683,29.149
35793,59.63335,29.149
35794,59.635017,29.155
35795,59.636683,29.167
35796,59.63835,29.18
35797,59.640017,29.18
35798,59.641683,29.184
35799,59.64335,29.19
35800,59.645017,29.19
35801,59.646683,29.186
35802,59.64835,29.178
35803,59.650017,29.176
35804,59.651683,29.176
35805,59.65335,29.17
35806,59.655017,29.165
35807,59.656683,29.166
35808,59.6584,29.166
35809,59.660017,29.165
35810,59.661683,29.166
35811,59.663367,29.175
35812,59.665017,29.175
35813,59.666717,29.172
35814,59.66835,29.175
35815,59.670017,29.175
35816,59.671667,29.177
35817,59.673333,29.173
35818,59.67505,29.184
35819,59.676667,29.184
35820,59.678333,29.19
35821,59.68,29.192
35822,59.681667,29.193
35823,59.683333,29.193
35824,59.685,29.192
35825,59.686667,29.19
35826,59.688333,29.189
35827,59.69,29.189
35828,59.691767,29.188
35829,59.693333,29.184
35830,59.695,29.18
35831,59.696667,29.18
35832,59.698333,29.178
35833,59.7,29.177
35834,59.701667,29.177
35835,59.703333,29.175
35836,59.705017,29.177
35837,59.706667,29.171
35838,59.708333,29.171
35839,59.71,29.169
35840,59.711667,29.17
35841,59.713333,29.168
35842,59.715,29.168
35843,59.716667,29.173
35844,59.718333,29.178
35845,59.72,29.18
35846,59.721667,29.18
35847,59.723333,29.18
35848,59.725,29.185
35849,59.726667,29.185
35850,59.728333,29.181
35851,59.73,29.174
35852,59.731667,29.172
35853,59.733317,29.172
35854,59.734983,29.159
35855,59.736683,29.161
35856,59.7383,29.162
35857,59.739967,29.162
35858,59.741633,29.161
35859,59.7433,29.167
35860,59.744983,29.168
35861,59.746633,29.168
35862,59.7483,29.168
35863,59.749967,29.164
35864,59.751633,29.164
35865,59.7533,29.159
35866,59.754967,29.161
35867,59.756633,29.158
35868,59.7583,29.158
35869,59.759967,29.163
35870,59.761633,29.168
35871,59.7633,29.167
35872,59.764967,29.167
35873,59.766633,29.17
35874,59.7683,29.166
35875,59.769967,29.161
35876,59.771633,29.161
35877,59.7733,29.162
35878,59.774967,29.168
35879,59.77665,29.173
35880,59.7783,29.173
35881,59.779967,29.179
35882,59.781633,29.179
35883,59.7833,29.179
35884,59.784967,29.179
35885,59.786633,29.178
35886,59.7883,29.173
35887,59.78995,29.173
35888,59.791617,29.166
35889,59.793317,29.161
35890,59.79495,29.16
35891,59.796617,29.16
35892,59.798283,29.167
35893,59.79995,29.172
35894,59.801617,29.167
35895,59.803283,29.167
35896,59.80495,29.163
35897,59.806617,29.16
35898,59.808283,29.16
35899,59.81005,29.163
35900,59.811617,29.17
35901,59.813283,29.176
35902,59.81495,29.176
35903,59.816617,29.178
35904,59.818283,29.178
35905,59.81995,29.177
35906,59.821617,29.177
35907,59.823283,29.176
35908,59.82495,29.175
35909,59.826617,29.175
35910,59.828283,29.175
35911,59.82995,29.177
35912,59.831617,29.178
35913,59.833317,29.175
35914,59.83495,29.175
35915,59.836617,29.167
35916,59.838283,29.167
35917,59.83995,29.167
35918,59.841617,29.161
35919,59.843283,29.161
35920,59.84495,29.164
35921,59.846617,29.164
35922,59.848283,29.161
35923,59.84995,29.169
35924,59.8516,29.171
35925,59.853267,29.171
35926,59.854933,29.177
35927,59.8566,29.185
35928,59.858267,29.186
35929,59.859933,29.186
35930,59.8616,29.189
35931,59.863267,29.187
35932,59.864933,29.187
35933,59.8666,29.182
35934,59.868267,29.18
35935,59.869933,29.181
35936,59.8716,29.181
35937,59.873283,29.185
35938,59.874933,29.192
35939,59.8766,29.194
35940,59.878267,29.194
35941,59.87995,29.188
35942,59.8816,29.182
35943,59.883267,29.175
35944,59.884933,29.175
35945,59.8866,29.182
35946,59.888267,29.188
35947,59.889933,29.19
35948,59.8916,29.19
35949,59.893267,29.191
35950,59.89495,29.188
35951,59.8966,29.188
35952,59.898267,29.187
35953,59.899933,29.186
35954,59.9016,29.185
35955,59.903267,29.185
35956,59.904933,29.18
35957,59.9066,29.179
35958,59.908267,29.182
35959,59.909933,29.182
35960,59.911617,29.186
35961,59.913283,29.188
35962,59.914917,29.185
35963,59.916583,29.185
35964,59.91825,29.191
35965,59.919917,29.19
35966,59.921583,29.19
35967,59.92325,29.194
35968,59.924917,29.196
35969,59.926583,29.188
35970,59.92825,29.188
35971,59.929917,29.188
35972,59.931583,29.186
35973,59.93325,29.194
35974,59.934917,29.194
35975,59.936583,29.199
35976,59.93825,29.2
35977,59.939917,29.205
35978,59.941583,29.205
35979,59.94325,29.2
35980,59.944917,29.204
35981,59.946583,29.204
35982,59.94825,29.203
35983,59.949917,29.201
35984,59.951633,29.198
35985,59.95325,29.198
35986,59.954917,29.192
35987,59.956583,29.199
35988,59.95825,29.196
35989,59.959917,29.196
35990,59.961583,29.199
35991,59.96325,29.197
35992,59.964917,29.19
35993,59.966583,29.19
35994,59.96825,29.192
35995,59.969917,29.191
35996,59.971567,29.19
35997,59.973233,29.19
35998,59.9749,29.194
35999,59.976567,29.191
36000,59.978233,29.191
36001,59.9799,29.196
36002,59.981567,29.196
36003,59.983233,29.185
36004,59.9849,29.185
36005,59.986567,29.183
36006,59.988233,29.175
36007,59.9899,29.17
36008,59.991567,29.17
36009,59.993233,29.178
36010,59.9949,29.177
36011,59.9966,29.175
36012,59.998233,29.175
36013,59.9999,29.178
36014,60.001567,29.18
36015,60.003233,29.18
36016,60.0049,29.182
36017,60.006567,29.185
36018,60.008233,29.185
36019,60.0099,29.185
36020,60.011567,29.187
36021,60.013283,29.194
36022,60.0149,29.197
36023,60.016567,29.197
36024,60.018233,29.205
36025,60.0199,29.203
36026,60.021567,29.203
36027,60.023233,29.203
36028,60.024917,29.2
36029,60.026567,29.192
36030,60.028217,29.194
36031,60.029867,29.194
36032,60.03155,29.194
36033,60.0332,29.198
36034,60.034867,29.198
36035,60.036533,29.203
36036,60.0382,29.198
36037,60.039867,29.192
36038,60.041533,29.192
36039,60.0432,29.181
36040,60.044867,29.176
36041,60.04665,29.177
36042,60.0482,29.177
36043,60.049867,29.178
36044,60.051533,29.183
36045,60.0532,29.192
36046,60.054883,29.192
36047,60.056533,29.19
36048,60.0582,29.193
36049,60.059867,29.193
36050,60.061533,29.198
36051,60.0632,29.195
36052,60.064867,29.198
36053,60.066533,29.198
36054,60.0682,29.195
36055,60.069867,29.189
36056,60.071533,29.19
36057,60.0732,29.19
36058,60.074867,29.186
36059,60.076533,29.191
36060,60.0782,29.194
36061,60.079867,29.194
36062,60.081533,29.193
36063,60.0832,29.198
36064,60.0849,29.198
36065,60.086533,29.198
36066,60.0882,29.201
36067,60.089867,29.198
36068,60.091533,29.198
36069,60.093183,29.196
36070,60.09485,29.195
36071,60.096517,29.195
36072,60.098217,29.195
36073,60.09985,29.193
36074,60.101517,29.189
36075,60.103183,29.183
36076,60.10485,29.183
36077,60.106517,29.172
36078,60.108183,29.164
36079,60.10985,29.162
36080,60.111517,29.162
36081,60.113183,29.161
36082,60.11485,29.169
36083,60.116517,29.169
36084,60.118183,29.176
36085,60.11985,29.182
36086,60.121517,29.184
36087,60.123183,29.184
36088,60.12485,29.182
36089,60.126517,29.179
36090,60.128183,29.18
36091,60.12985,29.18
36092,60.131583,29.185
36093,60.133183,29.186
36094,60.13485,29.191
36095,60.136517,29.191
36096,60.138183,29.187
36097,60.13985,29.181
36098,60.141517,29.181
36099,60.143183,29.185
36100,60.14485,29.185
36101,60.146517,29.183
36102,60.148183,29.183
36103,60.14985,29.183
36104,60.151517,29.178
36105,60.153167,29.173
36106,60.154833,29.173
36107,60.1565,29.173
36108,60.158167,29.17
36109,60.159833,29.164
36110,60.1615,29.164
36111,60.163167,29.158
36112,60.164933,29.152
36113,60.1665,29.155
36114,60.168167,29.155
36115,60.169833,29.159
36116,60.171517,29.164
36117,60.173183,29.164
36118,60.174833,29.171
36119,60.1765,29.169
36120,60.178167,29.172
36121,60.179833,29.172
36122,60.1815,29.179
36123,60.183167,29.178
36124,60.184833,29.179
36125,60.1865,29.179
36126,60.188167,29.179
36127,60.189833,29.18
36128,60.1915,29.18
36129,60.193167,29.18
36130,60.194833,29.182
36131,60.1965,29.183
36132,60.198167,29.183
36133,60.199833,29.179
36134,60.2015,29.182
36135,60.203167,29.183
36136,60.204833,29.183
36137,60.2065,29.184
36138,60.208167,29.183
36139,60.209833,29.181
36140,60.211483,29.181
36141,60.21315,29.188
36142,60.214817,29.187
36143,60.216483,29.186
36144,60.21815,29.186
36145,60.219817,29.187
36146,60.221483,29.18
36147,60.22315,29.184
36148,60.224817,29.184
36149,60.226483,29.192
36150,60.22815,29.197
36151,60.229817,29.197
36152,60.231483,29.203
36153,60.23315,29.206
36154,60.234817,29.207
36155,60.236483,29.207
36156,60.238167,29.206
36157,60.23985,29.205
36158,60.2415,29.196
36159,60.24315,29.196
36160,60.244817,29.188
36161,60.246483,29.183
36162,60.24815,29.186
36163,60.249833,29.186
36164,60.251483,29.194
36165,60.25315,29.199
36166,60.254817,29.199
36167,60.256483,29.199
36168,60.25815,29.199
36169,60.259817,29.194
36170,60.261483,29.194
36171,60.26315,29.19
36172,60.264817,29.195
36173,60.26655,29.193
36174,60.26815,29.193
36175,60.269817,29.194
36176,60.271467,29.194
36177,60.273133,29.194
36178,60.2748,29.194
36179,60.276467,29.192
36180,60.278133,29.197
36181,60.2798,29.196
36182,60.281467,29.196
36183,60.28325,29.193
36184,60.2848,29.191
36185,60.286467,29.191
36186,60.288133,29.182
36187,60.2898,29.183
36188,60.291467,29.177
36189,60.293133,29.177
36190,60.2948,29.175
36191,60.296467,29.181
36192,60.298133,29.18
36193,60.2999,29.18
36194,60.301467,29.183
36195,60.303133,29.192
36196,60.3048,29.192
36197,60.306467,29.192
36198,60.308133,29.199
36199,60.3098,29.2
36200,60.311467,29.2
36201,60.313133,29.193
36202,60.3148,29.186
36203,60.316467,29.179
36204,60.31815,29.179
36205,60.319783,29.177
36206,60.321483,29.177
36207,60.323117,29.178
36208,60.324783,29.178
36209,60.32645,29.179
36210,60.328117,29.18
36211,60.329783,29.179
36212,60.331433,29.179
36213,60.3331,29.18
36214,60.334767,29.182
36215,60.336433,29.182
36216,60.3381,29.187
36217,60.339767,29.193
36218,60.341433,29.201
36219,60.3431,29.201
36220,60.344767,29.211
36221,60.346433,29.212
36222,60.3481,29.214
36223,60.349767,29.214
36224,60.351433,29.217
36225,60.3531,29.212
36226,60.354767,29.212
36227,60.356433,29.212
36228,60.3581,29.211
36229,60.359767,29.206
36230,60.361433,29.2
36231,60.3631,29.2
36232,60.364767,29.194
36233,60.366433,29.185
36234,60.368117,29.185
36235,60.369767,29.178
36236,60.371433,29.178
36237,60.3731,29.18
36238,60.374767,29.18
36239,60.376433,29.184
36240,60.3781,29.186
36241,60.379767,29.193
36242,60.381433,29.193
36243,60.3831,29.19
36244,60.384817,29.187
36245,60.38645,29.183
36246,60.3881,29.183
36247,60.389767,29.173
36248,60.391467,29.175
36249,60.393083,29.175
36250,60.39475,29.177
36251,60.396417,29.176
36252,60.398083,29.176
36253,60.39975,29.176
36254,60.401483,29.176
36255,60.403083,29.179
36256,60.40475,29.183
36257,60.406417,29.183
36258,60.408083,29.186
36259,60.40975,29.186
36260,60.411417,29.181
36261,60.413083,29.181
36262,60.41475,29.18
36263,60.416417,29.18
36264,60.418117,29.183
36265,60.41975,29.183
36266,60.421417,29.18
36267,60.423083,29.18
36268,60.42475,29.18
36269,60.426417,29.179
36270,60.428083,29.183
36271,60.42975,29.192
36272,60.431417,29.192
36273,60.433083,29.192
36274,60.43475,29.196
36275,60.436417,29.19
36276,60.438083,29.19
36277,60.43975,29.189
36278,60.441417,29.194
36279,60.443083,29.196
36280,60.44475,29.196
36281,60.446417,29.197
36282,60.448083,29.193
36283,60.44975,29.193
36284,60.4514,29.189
36285,60.453067,29.191
36286,60.454733,29.196
36287,60.4564,29.196
36288,60.458083,29.199
36289,60.459733,29.204
36290,60.461417,29.2
36291,60.46315,29.2
36292,60.464733,29.194
36293,60.4664,29.189
36294,60.468067,29.183
36295,60.469733,29.183
36296,60.4714,29.178
36297,60.473067,29.178
36298,60.474733,29.18
36299,60.4764,29.18
36300,60.478067,29.181
36301,60.479733,29.184
36302,60.4814,29.184
36303,60.483067,29.192
36304,60.484733,29.197
36305,60.4864,29.205
36306,60.488067,29.205
36307,60.489733,29.214
36308,60.4914,29.212
36309,60.493067,29.212
36310,60.494733,29.212
36311,60.4964,29.209
36312,60.498067,29.205
36313,60.499733,29.2
36314,60.5014,29.2
36315,60.503117,29.187
36316,60.504733,29.18
36317,60.5064,29.18
36318,60.508067,29.175
36319,60.509733,29.175
36320,60.5114,29.185
36321,60.51305,29.185
36322,60.514717,29.189
36323,60.516383,29.185
36324,60.51805,29.185
36325,60.519783,29.185
36326,60.521383,29.182
36327,60.52305,29.178
36328,60.524717,29.184
36329,60.526383,29.184
36330,60.52805,29.188
36331,60.529717,29.194
36332,60.531383,29.194
36333,60.53305,29.197
36334,60.534717,29.192
36335,60.5365,29.187
36336,60.538067,29.187
36337,60.539717,29.184
36338,60.541383,29.182
36339,60.54305,29.182
36340,60.544717,29.182
36341,60.546383,29.18
36342,60.54805,29.175
36343,60.549717,29.176
36344,60.551383,29.176
36345,60.55305,29.173
36346,60.554717,29.171
36347,60.556383,29.169
36348,60.55805,29.169
36349,60.559717,29.168
36350,60.561383,29.178
36351,60.56305,29.178
36352,60.564717,29.19
36353,60.566383,29.197
36354,60.56805,29.201
36355,60.5697,29.201
36356,60.571367,29.2
36357,60.573033,29.199
36358,60.5747,29.2
36359,60.576367,29.2
36360,60.578033,29.201
36361,60.5797,29.199
36362,60.581367,29.194
36363,60.583033,29.194
36364,60.5847,29.187
36365,60.586367,29.183
36366,60.588033,29.183
36367,60.5897,29.183
36368,60.591367,29.18
36369,60.593033,29.18
36370,60.5947,29.18
36371,60.596367,29.185
36372,60.598033,29.191
36373,60.5997,29.199
36374,60.601367,29.199
36375,60.603033,29.205
36376,60.6047,29.2
36377,60.606383,29.193
36378,60.608033,29.193
36379,60.609733,29.184
36380,60.61135,29.184
36381,60.613017,29.181
36382,60.614683,29.181
36383,60.61635,29.185
36384,60.618017,29.189
36385,60.619683,29.189
36386,60.62135,29.188
36387,60.623017,29.192
36388,60.624683,29.194
36389,60.62635,29.194
36390,60.628017,29.197
36391,60.629683,29.202
36392,60.631333,29.207
36393,60.633017,29.207
36394,60.634667,29.21
36395,60.636333,29.209
36396,60.63805,29.207
36397,60.639667,29.207
36398,60.641333,29.203
36399,60.643,29.199
36400,60.644667,29.199
36401,60.646333,29.201
36402,60.648,29.196
36403,60.649667,29.194
36404,60.651333,29.194
36405,60.653,29.19
36406,60.654767,29.189
36407,60.656333,29.194
36408,60.658,29.194
36409,60.659667,29.199
36410,60.661333,29.203
36411,60.663,29.203
36412,60.664667,29.203
36413,60.666333,29.202
36414,60.668,29.196
36415,60.669667,29.196
36416,60.671333,29.196
36417,60.673,29.191
36418,60.674667,29.185
36419,60.676333,29.185
36420,60.678,29.186
36421,60.679667,29.18
36422,60.681333,29.185
36423,60.683,29.185
36424,60.684683,29.187
36425,60.686333,29.188
36426,60.688,29.185
36427,60.689667,29.185
36428,60.691317,29.18
36429,60.692983,29.181
36430,60.69465,29.183
36431,60.696333,29.183
36432,60.698033,29.187
36433,60.69965,29.189
36434,60.701317,29.189
36435,60.702983,29.189
36436,60.70465,29.185
36437,60.706317,29.185
36438,60.707983,29.185
36439,60.70965,29.186
36440,60.711317,29.188
36441,60.712983,29.187
36442,60.71465,29.187
36443,60.716317,29.186
36444,60.717983,29.185
36445,60.71965,29.18
36446,60.721317,29.18
36447,60.722983,29.18
36448,60.72465,29.178
36449,60.726317,29.178
36450,60.727983,29.174
36451,60.72965,29.176
36452,60.731317,29.175
36453,60.732983,29.175
36454,60.73465,29.179
36455,60.736317,29.178
36456,60.737983,29.178
36457,60.739717,29.178
36458,60.741317,29.185
36459,60.742983,29.184
36460,60.74465,29.196
36461,60.746317,29.196
36462,60.747983,29.203
36463,60.74965,29.204
36464,60.7513,29.211
36465,60.752967,29.211
36466,60.754633,29.208
36467,60.75635,29.199
36468,60.757983,29.199
36469,60.759683,29.192
36470,60.7613,29.192
36471,60.762967,29.188
36472,60.764633,29.188
36473,60.7663,29.191
36474,60.767967,29.198
36475,60.769633,29.189
36476,60.7713,29.189
36477,60.773083,29.192
36478,60.774633,29.195
36479,60.7763,29.186
36480,60.777967,29.186
36481,60.779633,29.192
36482,60.7813,29.191
36483,60.782967,29.191
36484,60.784633,29.187
36485,60.7863,29.195
36486,60.788,29.191
36487,60.789633,29.191
36488,60.7913,29.19
36489,60.792967,29.19
36490,60.794633,29.183
36491,60.7963,29.183
36492,60.797967,29.185
36493,60.799633,29.184
36494,60.8013,29.192
36495,60.802967,29.192
36496,60.804633,29.194
36497,60.8063,29.193
36498,60.807967,29.195
36499,60.809633,29.195
36500,60.8113,29.192
36501,60.81295,29.203
36502,60.814617,29.203
36503,60.816283,29.209
36504,60.81795,29.212
36505,60.819617,29.206
36506,60.821283,29.206
36507,60.82295,29.193
36508,60.824617,29.193
36509,60.8263,29.193
36510,60.82795,29.193
36511,60.829617,29.202
36512,60.831283,29.209
36513,60.83295,29.202
36514,60.834617,29.202
36515,60.836283,29.197
36516,60.83795,29.194
36517,60.839617,29.194
36518,60.841283,29.189
36519,60.84295,29.196
36520,60.844617,29.197
36521,60.846283,29.197
36522,60.84795,29.195
36523,60.849617,29.199
36524,60.851283,29.2
36525,60.85295,29.2
36526,60.854617,29.204
36527,60.856283,29.205
36528,60.858,29.204
36529,60.859633,29.204
36530,60.861283,29.203
36531,60.86295,29.197
36532,60.864617,29.193
36533,60.866283,29.193
36534,60.86795,29.19
36535,60.869617,29.19
36536,60.871283,29.19
36537,60.872933,29.195
36538,60.8746,29.191
36539,60.876267,29.188
36540,60.877933,29.188
36541,60.8796,29.182
36542,60.881267,29.176
36543,60.882933,29.173
36544,60.8846,29.173
36545,60.886267,29.176
36546,60.887933,29.177
36547,60.8896,29.183
36548,60.891383,29.183
36549,60.892933,29.194
36550,60.8946,29.194
36551,60.896267,29.194
36552,60.897933,29.2
36553,60.8996,29.199
36554,60.90125,29.195
36555,60.902917,29.195
36556,60.904583,29.191
36557,60.906283,29.186
36558,60.907917,29.179
36559,60.909583,29.179
36560,60.91125,29.179
36561,60.912917,29.182
36562,60.914583,29.181
36563,60.91625,29.181
36564,60.917917,29.182
36565,60.919583,29.186
36566,60.92125,29.186
36567,60.922917,29.19
36568,60.924583,29.189
36569,60.92625,29.185
36570,60.927917,29.185
36571,60.929583,29.178
36572,60.931233,29.18
36573,60.9329,29.183
36574,60.934567,29.183
36575,60.936233,29.184
36576,60.9379,29.186
36577,60.939567,29.182
36578,60.941233,29.182
36579,60.9429,29.188
36580,60.944567,29.196
36581,60.946233,29.196
36582,60.947933,29.196
36583,60.949567,29.199
36584,60.951233,29.198
36585,60.9529,29.198
36586,60.954567,29.19
36587,60.956233,29.188
36588,60.9579,29.181
36589,60.959567,29.181
36590,60.961233,29.173
36591,60.9629,29.179
36592,60.964567,29.182
36593,60.966233,29.182
36594,60.9679,29.189
36595,60.969567,29.196
36596,60.971233,29.197
36597,60.972917,29.197
36598,60.974567,29.196
36599,60.976283,29.197
36600,60.9779,29.197
36601,60.979567,29.199
36602,60.981233,29.204
36603,60.9829,29.212
36604,60.984567,29.212
36605,60.986233,29.208
36606,60.9879,29.209
36607,60.989567,29.206
36608,60.991233,29.206
36609,60.992883,29.203
36610,60.99455,29.202
36611,60.996217,29.198
36612,60.997883,29.198
36613,60.99955,29.199
36614,61.001217,29.205
36615,61.002883,29.209
36616,61.00455,29.209
36617,61.006217,29.212
36618,61.007883,29.209
36619,61.009667,29.203
36620,61.011217,29.203
36621,61.012883,29.21
36622,61.01455,29.217
36623,61.016217,29.217
36624,61.017883,29.227
36625,61.01955,29.229
36626,61.021217,29.222
36627,61.022883,29.222
36628,61.02455,29.217
36629,61.026217,29.21
36630,61.027883,29.206
36631,61.02955,29.206
36632,61.031217,29.206
36633,61.032883,29.206
36634,61.03455,29.206
36635,61.03625,29.207
36636,61.037883,29.213
36637,61.03955,29.215
36638,61.041217,29.215
36639,61.042883,29.216
36640,61.04455,29.217
36641,61.046217,29.215
36642,61.047883,29.215
36643,61.049583,29.213
36644,61.051217,29.214
36645,61.052867,29.22
36646,61.054533,29.22
36647,61.0562,29.225
36648,61.057867,29.235
36649,61.059533,29.234
36650,61.0612,29.234
36651,61.062867,29.232
36652,61.064533,29.231
36653,61.0662,29.231
36654,61.067867,29.229
36655,61.069533,29.229
36656,61.0712,29.228
36657,61.072867,29.228
36658,61.074533,29.222
36659,61.0762,29.213
36660,61.077867,29.214
36661,61.079533,29.214
36662,61.0812,29.212
36663,61.082867,29.212
36664,61.084533,29.216
36665,61.0862,29.216
36666,61.087867,29.215
36667,61.08955,29.213
36668,61.0912,29.213
36669,61.092867,29.209
36670,61.0946,29.202
36671,61.0962,29.205
36672,61.097867,29.205
36673,61.099533,29.202
36674,61.1012,29.204
36675,61.102867,29.207
36676,61.104533,29.207
36677,61.1062,29.195
36678,61.107867,29.2
36679,61.109517,29.196
36680,61.111183,29.196
36681,61.11285,29.198
36682,61.114517,29.203
36683,61.1162,29.195
36684,61.1179,29.195
36685,61.119517,29.192
36686,61.1212,29.189
36687,61.12285,29.189
36688,61.124517,29.192
36689,61.126183,29.191
36690,61.12795,29.193
36691,61.129517,29.193
36692,61.131183,29.189
36693,61.13285,29.184
36694,61.134517,29.186
36695,61.136183,29.186
36696,61.13785,29.192
36697,61.139517,29.197
36698,61.141183,29.201
36699,61.14285,29.201
36700,61.144517,29.205
36701,61.146183,29.203
36702,61.14785,29.203
36703,61.149517,29.203
36704,61.151183,29.2
36705,61.15285,29.199
36706,61.154517,29.199
36707,61.156183,29.194
36708,61.15785,29.192
36709,61.159517,29.196
36710,61.161183,29.196
36711,61.16285,29.194
36712,61.164517,29.194
36713,61.166183,29.189
36714,61.16785,29.189
36715,61.169517,29.186
36716,61.171167,29.186
36717,61.172833,29.186
36718,61.1745,29.19
36719,61.176167,29.193
36720,61.177833,29.192
36721,61.1795,29.192
36722,61.181167,29.189
36723,61.182833,29.189
36724,61.1845,29.189
36725,61.186167,29.189
36726,61.187833,29.191
36727,61.1895,29.194
36728,61.191167,29.189
36729,61.192817,29.189
36730,61.194483,29.185
36731,61.19615,29.185
36732,61.197817,29.184
36733,61.199483,29.184
36734,61.20115,29.186
36735,61.202817,29.195
36736,61.204483,29.195
36737,61.20615,29.197
36738,61.207817,29.203
36739,61.209483,29.201
36740,61.21115,29.201
36741,61.212833,29.197
36742,61.214483,29.198
36743,61.21615,29.197
36744,61.217817,29.197
36745,61.219483,29.205
36746,61.22115,29.212
36747,61.222817,29.213
36748,61.224483,29.213
36749,61.22615,29.215
36750,61.227817,29.213
36751,61.229533,29.21
36752,61.23115,29.21
36753,61.2328,29.204
36754,61.234467,29.209
36755,61.236133,29.209
36756,61.2378,29.21
36757,61.239467,29.212
36758,61.241133,29.216
36759,61.2428,29.216
36760,61.244467,29.212
36761,61.246217,29.211
36762,61.2478,29.211
36763,61.249467,29.211
36764,61.251133,29.212
36765,61.2528,29.207
36766,61.254467,29.198
36767,61.256133,29.198
36768,61.2578,29.195
36769,61.259467,29.19
36770,61.261133,29.19
36771,61.262917,29.196
36772,61.264483,29.204
36773,61.266133,29.215
36774,61.2678,29.215
36775,61.269483,29.224
36776,61.271133,29.223
36777,61.27285,29.227
36778,61.274467,29.227
36779,61.276133,29.225
36780,61.2778,29.227
36781,61.279467,29.234
36782,61.281133,29.234
36783,61.2828,29.23
36784,61.284467,29.225
36785,61.286133,29.225
36786,61.2878,29.22
36787,61.289467,29.215
36788,61.291117,29.222
36789,61.292783,29.222
36790,61.29445,29.227
36791,61.296117,29.227
36792,61.297783,29.231
36793,61.29945,29.231
36794,61.301117,29.226
36795,61.302783,29.222
36796,61.30445,29.222
36797,61.306117,29.222
36798,61.307783,29.215
36799,61.30945,29.211
36800,61.311117,29.211
36801,61.312783,29.211
36802,61.31445,29.211
36803,61.316117,29.214
36804,61.317783,29.214
36805,61.31945,29.216
36806,61.321117,29.215
36807,61.322783,29.211
36808,61.32445,29.211
36809,61.326117,29.205
36810,61.327783,29.206
36811,61.32945,29.211
36812,61.331167,29.211
36813,61.332783,29.221
36814,61.334483,29.232
36815,61.336117,29.235
36816,61.3378,29.235
36817,61.33945,29.23
36818,61.341117,29.224
36819,61.342783,29.224
36820,61.34445,29.217
36821,61.346117,29.212
36822,61.347833,29.211
36823,61.34945,29.211
36824,61.3511,29.209
36825,61.352767,29.209
36826,61.354433,29.209
36827,61.3561,29.209
36828,61.357767,29.204
36829,61.359433,29.199
36830,61.3611,29.191
36831,61.362767,29.191
36832,61.364517,29.187
36833,61.3661,29.191
36834,61.367767,29.191
36835,61.369433,29.196
36836,61.3711,29.206
36837,61.372767,29.212
36838,61.374433,29.212
36839,61.3761,29.215
36840,61.377767,29.215
36841,61.379433,29.215
36842,61.381117,29.215
36843,61.382767,29.217
36844,61.384433,29.221
36845,61.3861,29.221
36846,61.387767,29.221
36847,61.389433,29.224
36848,61.3911,29.226
36849,61.392767,29.224
36850,61.394433,29.224
36851,61.3961,29.224
36852,61.397767,29.221
36853,61.399433,29.221
36854,61.4011,29.214
36855,61.402767,29.214
36856,61.404433,29.213
36857,61.4061,29.213
36858,61.407767,29.211
36859,61.409433,29.211
36860,61.411083,29.204
36861,61.412783,29.204
36862,61.414417,29.202
